freq1,noise,max_magnitude,total_gain_db,base_pwr_db,rssi,relpwr_db,avgpwr_db,snr
5845,-102,29,75,385,15,13,57,0.617744
2412,-95,32,81,373,254,11,57,234.594833
2412,-95,39,81,373,255,12,55,241.424225
2412,-95,36,81,373,0,12,57,-22.179771
2412,-95,53,81,373,0,14,57,-10.052277
2412,-95,61,81,373,0,13,57,-23.836159
2412,-95,31,81,373,255,10,55,238.005463
2412,-95,59,81,373,254,13,56,239.095154
2412,-95,38,81,373,0,12,57,-15.680183
2412,-95,38,81,373,255,13,56,227.753143
2412,-95,48,81,373,255,13,57,244.927261
2412,-95,40,81,373,0,11,56,-20.843529
2412,-95,45,81,373,255,11,56,247.661377
2412,-95,53,81,373,254,12,57,242.518188
2412,-95,52,81,373,0,15,57,-27.939651
2412,-95,52,81,373,255,13,57,235.309570
2412,-95,37,81,373,0,13,57,-25.018196
2412,-95,43,81,373,0,13,56,-15.043015
2412,-95,55,81,373,255,9,56,236.731476
2412,-95,49,81,373,255,13,57,227.309921
2412,-95,32,81,373,0,13,57,-12.071259
2412,-95,51,81,373,255,12,57,237.526733
2412,-95,38,81,373,254,14,56,231.281586
2412,-95,40,81,373,254,12,56,232.852219
2412,-95,40,81,373,254,13,57,239.058014
2412,-95,32,81,373,254,11,57,233.893616
2412,-95,42,81,373,0,11,57,-16.187943
2412,-95,46,81,373,255,12,57,232.746902
2412,-95,33,81,373,0,11,56,-21.080574
2412,-95,33,81,373,254,10,55,236.791504
2412,-95,64,81,373,255,13,57,237.735565
2412,-95,47,81,373,0,13,57,-13.541084
2412,-95,47,81,373,255,11,57,237.299652
2412,-95,51,81,373,255,11,56,238.162521
2412,-95,55,81,373,255,13,56,241.197891
2412,-95,42,81,373,255,13,57,227.191437
2412,-95,44,81,373,255,14,56,240.811264
2412,-95,38,81,373,255,11,56,235.932343
2412,-95,45,81,373,254,13,57,231.909882
2412,-95,34,81,373,0,13,57,-14.539291
2412,-95,44,81,373,1,11,56,-25.316971
2412,-95,38,81,373,0,11,56,-16.834976
2412,-95,31,81,373,255,14,57,238.193130
2412,-95,42,81,373,0,13,58,-17.492943
2412,-95,44,81,373,254,11,56,-inf
2412,-95,44,81,373,255,12,56,228.355927
2412,-95,42,81,373,1,12,57,-12.741982
2412,-95,42,81,373,255,11,57,236.806381
2412,-95,56,81,373,0,11,56,-20.002716
2412,-95,47,81,373,0,14,57,-10.072731
2412,-95,38,81,373,1,12,56,-14.233215
2412,-95,58,81,373,1,14,57,-15.920013
2412,-95,65,81,373,255,12,56,235.157532
2412,-95,40,81,373,0,12,56,-26.483597
2412,-95,50,81,373,1,12,56,-16.078064
2412,-95,34,81,373,255,11,55,222.574585
2412,-95,47,81,373,255,11,57,237.074127
2412,-95,49,69,385,1,13,46,-inf
2412,-95,38,69,385,255,13,46,239.749557
2412,-95,57,74,379,255,13,51,234.635712
2412,-95,57,74,379,255,11,51,-inf
2412,-95,49,74,379,0,14,51,-14.851891
2412,-95,54,74,379,255,12,51,240.923965
2412,-95,43,74,379,254,13,51,232.944901
2412,-95,48,74,379,254,11,50,240.466125
2412,-95,48,74,379,0,11,50,-16.186295
2412,-95,53,74,379,254,13,50,238.189484
2412,-95,49,74,379,255,13,51,233.877304
2412,-95,56,74,379,0,12,50,-12.116547
2412,-95,51,74,379,254,13,50,228.134125
2412,-95,49,74,379,0,11,50,-20.021660
2412,-95,53,74,379,255,12,51,240.966644
2412,-95,56,74,379,254,13,51,241.304871
2412,-95,49,74,379,1,13,49,-18.395195
2412,-95,49,74,379,254,13,51,239.470642
2412,-95,59,74,379,255,12,51,240.798370
2412,-95,52,69,384,254,12,45,233.914001
2412,-95,58,69,385,255,9,45,-inf
2412,-95,46,69,385,254,13,46,239.051498
2412,-95,42,69,385,254,13,46,-inf
2412,-95,49,69,385,254,12,47,-inf
2412,-95,45,69,385,255,11,46,234.625732
2412,-95,45,69,385,255,14,46,233.794266
2412,-95,48,69,385,254,13,46,234.087738
2412,-95,48,74,380,0,12,50,-10.200386
2412,-95,51,74,379,255,11,49,-inf
2412,-95,50,74,379,254,10,50,241.830429
2412,-95,53,74,379,255,12,51,-inf
2412,-95,41,74,379,0,12,50,-19.696487
2412,-95,57,74,379,254,11,51,237.733170
2412,-95,48,74,379,255,13,50,229.424927
2412,-95,53,74,379,253,12,51,236.744583
2412,-95,53,74,379,0,12,51,-26.159500
2412,-95,60,74,379,1,12,49,-11.787537
2412,-95,52,74,379,254,13,52,238.474838
2412,-95,55,74,379,255,12,50,229.412918
2412,-95,50,74,379,255,10,50,229.424927
2412,-95,50,74,379,255,10,50,228.555618
2412,-95,56,74,379,0,13,51,-16.741463
2412,-95,52,74,379,254,14,51,241.258423
2412,-95,46,74,379,255,14,50,242.286224
2412,-95,55,74,379,0,11,50,-16.669334
2412,-95,60,74,379,255,11,50,235.211349
2412,-95,49,74,379,255,12,51,228.840500
2412,-95,56,74,379,254,10,50,-inf
2412,-95,52,74,379,0,10,51,-13.869446
2412,-95,46,74,379,254,14,51,242.402985
2412,-95,48,74,379,254,11,50,233.767471
2412,-95,43,74,379,255,13,50,229.045044
2412,-95,43,74,379,255,13,50,238.756027
2412,-95,45,74,379,0,14,51,-21.469025
2412,-95,43,74,379,0,12,50,-12.201080
2412,-95,56,74,379,255,13,51,235.177292
2412,-95,47,74,379,0,10,50,-19.203842
2412,-95,59,74,379,255,11,51,244.040558
2412,-95,51,74,379,255,12,51,234.004913
2412,-95,59,74,379,254,13,51,239.086380
2412,-95,51,74,379,255,14,51,-inf
2412,-95,51,74,379,1,11,49,-14.549599
2412,-95,55,74,379,255,15,51,237.596375
2412,-95,41,74,379,255,12,51,234.190125
2412,-95,50,74,379,0,13,51,-17.141434
2412,-95,52,74,379,254,13,51,233.450043
2412,-95,62,74,379,254,13,52,241.576508
2412,-95,57,74,379,255,14,51,238.147552
2412,-95,55,74,379,1,10,50,-14.860870
2412,-95,49,74,379,255,13,51,227.781891
2412,-95,49,74,379,0,11,51,-16.950920
2412,-95,59,74,379,255,14,51,235.518311
2412,-95,56,74,379,0,12,51,-10.969101
2412,-95,45,74,379,254,14,51,226.814987
2412,-95,42,74,379,255,14,50,238.446472
2412,-95,65,74,379,0,12,50,-13.545883
2412,-95,56,74,379,255,13,51,-inf
2412,-95,59,74,379,255,13,51,229.353333
2412,-95,44,74,379,0,13,52,-27.930916
2412,-95,53,74,379,255,12,50,239.003586
2412,-95,50,74,379,255,12,51,237.858551
2412,-95,39,74,379,255,12,51,228.306824
2412,-95,62,74,379,255,11,50,239.304962
2412,-95,61,74,379,255,13,50,235.098831
2412,-95,52,74,379,255,14,51,237.194427
2412,-95,59,74,379,255,11,51,229.001175
2412,-95,56,74,379,255,14,51,234.777771
2412,-95,50,69,384,255,12,46,-inf
2412,-95,54,69,384,255,13,47,240.156998
2412,-95,53,69,384,255,12,47,238.845764
2412,-95,49,69,384,255,13,46,239.653397
2412,-95,53,69,385,1,14,47,-14.563026
2412,-95,45,69,385,0,12,45,-20.170334
2412,-95,47,69,385,0,12,46,-15.854607
2412,-95,44,74,379,255,10,50,243.079910
2412,-95,58,74,379,0,13,51,-12.242737
2412,-95,50,74,379,254,13,51,238.749542
2412,-95,49,74,379,254,11,51,239.165909
2412,-95,57,74,379,254,10,50,243.940094
2412,-95,55,74,379,0,12,50,-18.907005
2412,-95,52,74,379,254,11,51,227.297546
2412,-95,53,74,379,254,11,51,232.745193
2412,-95,60,74,379,255,12,50,235.373932
2412,-95,57,74,379,255,11,50,-inf
2412,-95,49,74,379,255,12,51,239.052383
2412,-95,49,74,379,254,13,51,242.102295
2412,-95,52,74,379,254,13,51,244.098602
2412,-95,55,74,379,254,12,51,239.423065
2412,-95,60,74,379,255,12,51,234.675827
2412,-95,53,74,379,255,14,51,235.032700
2412,-95,46,74,379,254,12,50,237.609558
2412,-95,57,74,379,1,12,51,-12.924774
2412,-95,48,74,379,255,12,51,228.535965
2412,-95,49,74,379,254,12,51,236.877243
2412,-95,50,74,379,255,10,50,229.841263
2412,-95,62,74,379,0,14,50,-19.164536
2412,-95,49,74,379,255,11,51,241.929321
2412,-95,60,74,379,255,12,51,242.495804
2412,-95,60,74,379,255,12,51,234.586075
2412,-95,53,74,379,0,13,51,-16.669334
2412,-95,60,74,379,253,15,51,235.605148
2412,-95,55,74,379,0,14,51,-12.769211
2412,-95,54,74,379,255,11,51,239.982559
2412,-95,58,74,379,254,12,51,236.640457
2412,-95,45,74,379,253,14,52,234.590576
2412,-95,56,74,379,0,13,50,-10.669464
2412,-95,57,74,379,255,10,50,243.320923
2412,-95,59,74,379,255,11,50,228.645157
2412,-95,52,74,379,255,14,51,242.380234
2412,-95,61,74,379,253,12,51,-inf
2412,-95,57,74,379,255,11,51,234.665756
2412,-95,55,74,379,255,12,51,238.039337
2412,-95,53,74,379,0,13,51,-20.663261
2412,-95,55,74,379,255,12,50,229.168015
2412,-95,49,74,379,254,14,50,233.882187
2412,-95,53,74,379,255,13,50,235.493927
2412,-95,58,74,379,254,9,51,-inf
2412,-95,49,74,379,255,13,51,228.736603
2412,-95,51,74,379,255,14,51,234.840118
2412,-95,52,74,379,255,14,51,240.528412
2412,-95,57,74,379,255,14,51,240.121552
2412,-95,57,74,379,254,12,51,243.309891
2412,-95,52,74,379,0,11,51,-14.595810
2412,-95,46,74,379,255,12,50,238.802109
2412,-95,58,74,379,255,10,50,235.291885
2412,-95,57,74,379,255,12,51,237.821442
2412,-95,49,74,379,255,10,49,236.502731
2417,-100,38,74,384,4,12,51,-inf
2417,-100,41,74,384,4,13,50,-12.232491
2417,-100,40,74,384,5,12,50,-9.313637
2417,-100,38,74,384,3,16,51,-14.066231
2417,-100,48,74,384,4,12,50,-15.530350
2417,-100,45,74,384,4,11,49,-inf
2417,-100,57,74,384,5,12,51,-21.803360
2417,-100,61,74,384,3,14,51,-11.373543
2417,-100,45,74,384,5,12,50,-7.375435
2417,-100,60,74,384,4,12,51,-12.510620
2417,-100,46,74,384,5,11,51,-12.056732
2417,-100,49,74,384,3,14,51,-9.543060
2417,-100,48,74,384,5,13,51,-22.160034
2417,-100,48,74,384,5,14,51,-21.551384
2417,-100,49,74,384,3,14,51,-23.599159
2417,-100,52,74,384,5,12,51,-12.047226
2417,-100,56,74,384,4,14,51,-12.872314
2417,-100,57,74,384,4,14,51,-10.363617
2417,-100,44,74,384,4,14,51,-10.860764
2417,-100,51,74,384,5,11,51,-12.481880
2417,-100,61,74,384,4,10,50,-12.139587
2417,-100,52,74,384,4,12,51,-15.811386
2417,-100,55,74,384,5,12,51,-7.823959
2417,-100,58,74,384,4,13,52,-17.621162
2417,-100,47,74,384,5,12,51,-8.564087
2417,-100,49,74,384,3,12,51,-14.206184
2417,-100,45,74,384,5,12,50,-15.597527
2417,-100,47,74,384,4,14,51,-17.390915
2417,-100,51,74,384,4,12,51,-11.051498
2417,-100,50,74,384,6,13,51,-20.683861
2417,-100,63,74,384,5,11,52,-16.003708
2417,-100,44,74,384,5,12,51,-21.794281
2417,-100,61,74,384,5,14,51,-12.224510
2417,-100,55,74,384,3,12,50,-8.953461
2417,-100,47,74,384,4,11,50,-22.334686
2417,-100,50,74,384,5,11,51,-15.995079
2417,-100,55,74,384,4,12,51,-15.834007
2417,-100,41,74,384,4,12,51,-11.274689
2417,-100,51,74,384,5,11,50,-8.473297
2417,-100,50,74,384,4,12,51,-inf
2417,-100,51,74,384,5,13,51,-15.384216
2417,-100,60,74,384,4,13,51,-22.334686
2417,-100,57,74,384,6,11,51,-inf
2417,-100,56,74,384,5,11,51,-9.642662
2417,-100,48,74,384,5,14,51,-15.718826
2417,-100,47,74,384,3,12,50,-17.530785
2417,-100,46,74,384,6,12,50,-5.986572
2417,-100,43,74,384,5,13,51,-12.047226
2417,-100,57,74,384,5,12,51,-15.096634
2417,-100,58,74,384,4,13,51,-16.384216
2417,-100,47,74,384,5,14,51,-12.473251
2417,-100,49,74,384,5,13,51,-15.569046
2417,-100,54,74,384,4,11,51,-16.881363
2417,-100,48,74,384,5,10,49,-7.671722
2417,-100,59,74,384,3,14,51,-18.147781
2417,-100,53,74,384,4,13,51,-23.151672
2417,-100,36,74,384,3,12,50,-16.978233
2417,-100,43,74,384,5,10,49,-inf
2417,-100,63,74,384,4,11,49,-20.313637
2417,-100,37,74,384,5,11,50,-21.253128
2417,-100,53,74,384,5,13,51,-12.386047
2417,-100,45,74,384,5,10,51,-11.862389
2417,-100,40,74,384,5,11,50,-9.022614
2417,-100,38,74,384,4,14,51,-11.494629
2417,-100,43,74,384,6,14,51,-14.549957
2417,-100,40,74,384,2,12,50,-inf
2417,-100,54,74,384,4,13,51,-inf
2417,-100,48,74,384,5,11,50,-15.222221
2417,-100,48,74,384,5,13,51,-9.519783
2417,-100,48,74,384,5,14,50,-7.657608
2417,-100,44,74,384,5,11,49,-8.090981
2417,-100,40,74,384,3,13,51,-14.625946
2417,-100,48,74,384,4,13,51,-16.672569
2417,-100,41,74,384,4,12,51,-10.490929
2417,-100,49,74,384,5,14,51,-15.977776
2417,-100,43,74,384,4,11,50,-12.243965
2417,-100,54,74,384,4,14,51,-16.616409
2417,-100,52,74,384,5,11,50,-14.626060
2417,-100,58,74,384,5,13,51,-15.482475
2417,-100,42,74,384,4,16,52,-17.560944
2417,-100,44,74,384,5,13,51,-16.560944
2417,-100,51,74,384,4,11,49,-8.955673
2417,-100,45,74,384,4,11,50,-9.756638
2417,-100,46,74,384,5,13,51,-9.734871
2417,-100,38,74,384,6,13,51,-5.621994
2417,-100,40,74,384,4,12,50,-10.242691
2417,-100,39,74,384,4,11,50,-9.813408
2417,-100,52,74,384,4,15,51,-12.564178
2417,-100,41,74,384,4,11,51,-17.139435
2417,-100,51,74,384,2,10,50,-12.222206
2417,-100,47,74,384,4,12,51,-8.504196
2417,-100,54,74,384,4,11,51,-22.031448
2417,-100,48,74,384,4,12,51,-8.975418
2417,-100,49,74,384,2,14,51,-13.226074
2417,-100,42,74,384,3,13,50,-9.180099
2417,-100,49,74,384,4,13,51,-8.629257
2417,-100,47,74,384,6,13,51,-14.263290
2417,-100,51,74,384,6,13,50,-inf
2417,-100,46,74,384,3,13,51,-10.279716
2417,-100,45,74,384,4,14,51,-6.731071
2417,-100,44,74,384,4,13,49,-11.708023
2417,-100,49,74,384,5,13,50,-8.260803
2417,-100,50,74,384,4,14,51,-16.995079
2417,-100,46,74,384,5,14,51,-21.702461
2417,-100,38,74,384,5,11,51,-15.827850
2417,-100,40,74,384,4,14,50,-16.085999
2417,-100,52,74,384,5,13,50,-8.790787
2417,-100,42,74,384,4,14,51,-16.644577
2417,-100,44,74,384,5,11,51,-9.252899
2417,-100,55,74,384,4,12,50,-15.661423
2417,-100,47,74,384,5,11,51,-21.720978
2417,-100,59,74,384,4,14,52,-17.343369
2417,-100,47,74,384,5,10,51,-14.878899
2417,-100,56,74,384,4,14,51,-13.279022
2417,-100,45,74,384,3,12,51,-14.490486
2417,-100,50,74,384,3,12,50,-22.965973
2417,-100,48,74,384,5,13,50,-inf
2417,-100,43,74,384,6,14,51,-11.634277
2417,-100,46,74,384,4,13,50,-16.273499
2417,-100,45,74,384,5,13,51,-11.751671
2417,-100,51,74,384,3,13,51,-23.848450
2417,-100,51,74,384,4,11,51,-10.293488
2417,-100,48,74,384,4,11,50,-inf
2417,-100,59,74,384,5,13,51,-15.549957
2417,-100,43,74,384,4,12,50,-8.008499
2417,-100,56,74,384,5,14,52,-12.692131
2417,-100,50,74,384,4,15,51,-13.047226
2417,-100,48,74,384,4,12,51,-22.646423
2417,-100,50,74,384,4,13,51,-10.422836
2417,-100,56,74,384,5,11,50,-inf
2417,-100,42,74,384,4,11,51,-7.435349
2417,-100,54,74,384,3,12,51,-inf
2417,-100,51,74,384,4,12,51,-16.075348
2417,-100,45,74,384,5,13,52,-10.833405
2417,-100,48,74,384,5,13,51,-12.700333
2417,-100,46,74,384,5,11,51,-21.998375
2417,-100,45,74,384,3,13,50,-22.158737
2417,-100,39,74,384,5,11,50,-inf
2417,-100,48,74,384,4,13,51,-10.716583
2417,-100,37,74,384,4,12,51,-22.757782
2417,-100,44,74,384,5,11,50,-inf
2417,-100,37,74,384,5,11,50,-20.538834
2417,-100,41,74,384,4,12,51,-23.497360
2417,-100,45,74,384,4,11,50,-21.526680
2417,-100,38,74,384,4,12,50,-13.094582
2417,-100,45,74,384,4,13,50,-7.643524
2417,-100,39,74,384,5,12,51,-8.312248
2417,-100,41,74,384,5,10,50,-12.269989
2417,-100,49,74,384,4,12,50,-inf
2417,-100,46,74,384,5,12,50,-inf
2417,-100,50,74,384,5,10,50,-20.910645
2417,-100,46,74,384,4,14,52,-23.930916
2417,-100,47,74,384,4,12,50,-22.374893
2417,-100,54,74,384,4,12,50,-7.953461
2417,-100,38,74,384,5,13,51,-12.196991
2417,-100,43,74,384,4,13,50,-9.990250
2417,-100,40,74,384,5,10,50,-14.124878
2417,-100,50,74,384,4,12,51,-8.552727
2417,-100,47,74,384,4,13,51,-16.809875
2417,-100,47,74,384,4,13,51,-13.473251
2417,-100,44,74,384,3,11,49,-8.398788
2417,-100,36,74,384,4,13,51,-8.704460
2417,-100,39,74,384,4,11,51,-9.913765
2417,-100,44,74,384,4,11,51,-13.094582
2417,-100,51,74,384,4,11,50,-9.399483
2417,-100,47,74,384,4,13,50,-12.357071
2417,-100,40,74,384,4,13,51,-16.303970
2417,-100,48,74,384,5,12,51,-12.279022
2417,-100,46,74,384,5,12,50,-20.634811
2417,-100,52,74,384,5,12,50,-7.062859
2417,-100,47,74,384,3,12,50,-13.345886
2417,-100,43,74,384,5,12,51,-9.642662
2417,-100,48,74,384,3,11,50,-11.557961
2417,-100,45,74,384,3,11,50,-23.374893
2417,-100,49,74,384,4,13,51,-11.110474
2417,-100,41,74,384,4,13,50,-8.723061
2417,-100,37,74,384,5,13,51,-12.609245
2417,-100,47,74,384,5,13,51,-15.899048
2417,-100,41,74,384,5,12,51,-12.473251
2417,-100,43,74,384,4,12,49,-12.232491
2417,-100,49,74,384,6,13,50,-10.127838
2417,-100,48,74,384,5,14,51,-11.574806
2417,-100,33,74,384,4,14,51,-11.043015
2417,-100,60,74,384,4,12,51,-16.663261
2417,-100,51,74,384,4,12,51,-6.347618
2417,-100,51,74,384,4,13,51,-5.800499
2417,-100,57,74,384,4,13,51,-13.394844
2417,-100,52,74,384,4,11,51,-inf
2417,-100,45,74,384,3,12,50,-16.111580
2417,-100,48,74,384,5,14,51,-15.588058
2417,-100,42,74,384,4,11,51,-22.972290
2417,-100,51,74,384,5,13,51,-15.578560
2417,-100,48,74,384,5,15,51,-inf
2417,-100,38,74,384,4,13,51,-10.913620
2417,-100,48,74,384,4,15,51,-22.599159
2417,-100,45,74,384,5,12,51,-9.118301
2417,-100,48,74,384,5,13,51,-inf
2417,-100,47,74,384,4,12,50,-21.453072
2417,-100,40,74,384,4,14,51,-inf
2417,-100,37,74,384,4,11,49,-11.823158
2417,-100,38,74,384,5,13,50,-21.414742
2417,-100,32,74,384,4,15,50,-10.383446
2417,-100,40,74,384,4,13,51,-16.117821
2417,-100,39,74,384,4,11,50,-22.085258
2417,-100,43,74,384,5,12,51,-15.159882
2417,-100,44,74,384,5,13,51,-10.000305
2417,-100,44,74,384,4,13,50,-22.454224
2417,-100,43,74,384,6,12,50,-10.595993
2417,-100,46,74,384,5,12,50,-9.263077
2417,-100,43,74,384,4,11,50,-21.415794
2417,-100,42,74,384,4,14,51,-16.232529
2417,-100,54,74,384,4,13,51,-7.157951
2417,-100,38,74,384,6,12,51,-10.911797
2417,-100,48,74,384,4,11,51,-16.384216
2417,-100,53,74,384,4,14,51,-12.989700
2417,-100,49,74,384,3,13,51,-17.511528
2417,-100,44,74,384,6,13,50,-13.967300
2422,-99,41,74,383,3,13,51,-17.462997
2422,-99,52,74,383,5,12,51,-15.354294
2422,-99,42,74,383,5,14,51,-21.875290
2422,-99,58,74,383,3,14,51,-23.232491
2422,-99,49,74,383,5,15,51,-7.523674
2422,-99,52,74,383,4,14,51,-12.510620
2422,-99,45,74,383,5,12,51,-21.570557
2422,-99,46,74,383,5,14,51,-15.773682
2422,-99,56,74,383,5,12,51,-21.919647
2422,-99,47,74,383,3,14,51,-23.821449
2422,-99,46,74,383,3,13,51,-9.474823
2422,-99,49,74,383,5,13,50,-11.564178
2422,-99,44,74,383,3,12,50,-16.370163
2422,-99,43,74,383,4,12,51,-7.374245
2422,-99,52,74,383,4,14,51,-9.027634
2422,-99,55,74,383,3,12,50,-13.163002
2422,-99,48,74,383,2,12,51,-12.869614
2422,-99,51,74,383,3,14,51,-17.263290
2422,-99,57,74,383,3,13,51,-13.232491
2422,-99,53,74,383,3,12,51,-23.394867
2422,-99,46,74,383,5,15,51,-12.659164
2422,-99,33,74,383,4,14,51,-8.860069
2422,-99,41,74,383,4,13,50,-12.412537
2422,-99,42,74,383,4,12,51,-10.452148
2422,-99,46,74,383,4,12,50,-16.635208
2422,-99,34,74,383,4,12,49,-7.784012
2422,-99,40,74,383,4,11,51,-12.852440
2422,-99,47,74,383,5,13,51,-12.306030
2422,-99,41,74,383,4,13,51,-13.412392
2422,-99,35,74,383,5,9,49,-inf
2422,-99,51,74,383,4,14,51,-8.713768
2422,-99,41,74,383,6,13,51,-11.516212
2422,-99,35,74,383,3,11,49,-22.465424
2422,-99,40,74,383,4,14,50,-15.978233
2422,-99,46,74,383,6,12,51,-11.869087
2422,-99,47,74,383,3,15,51,-18.262939
2422,-99,50,74,383,4,13,51,-23.101173
2422,-99,57,74,383,5,13,51,-8.392525
2422,-99,46,74,383,5,13,51,-12.481880
2422,-99,54,74,383,4,15,52,-13.908325
2422,-99,38,74,383,5,11,51,-21.720978
2422,-99,49,74,383,5,13,51,-9.707413
2422,-99,44,74,383,3,11,49,-13.209450
2422,-99,46,74,383,4,12,51,-12.741463
2422,-99,57,74,383,4,13,50,-7.436394
2422,-99,47,74,383,4,11,49,-21.078560
2422,-99,49,74,383,4,14,51,-16.314087
2422,-99,43,74,383,3,13,51,-9.273727
2422,-99,55,74,383,4,14,51,-15.901169
2422,-99,55,74,383,4,11,51,-16.222221
2422,-99,41,74,383,3,12,50,-inf
2422,-99,52,74,383,5,13,51,-7.056252
2422,-99,55,74,383,5,11,51,-inf
2422,-99,46,74,383,4,12,49,-20.800072
2422,-99,45,74,383,4,14,51,-22.232491
2422,-99,54,74,383,5,10,51,-15.085999
2422,-99,42,74,383,5,12,50,-15.211891
2422,-99,44,74,383,5,13,51,-12.481880
2422,-99,44,74,383,3,13,50,-22.932861
2422,-99,47,74,383,4,15,52,-12.121216
2422,-99,46,74,383,4,12,51,-12.842468
2422,-99,56,74,383,5,12,51,-16.319397
2422,-99,44,74,383,4,13,51,-13.103989
2422,-99,55,74,383,5,13,51,-8.439987
2422,-99,50,74,383,4,15,51,-16.881363
2422,-99,48,74,383,4,12,50,-15.822716
2422,-99,37,74,383,4,14,50,-13.169304
2422,-99,42,74,383,4,14,51,-22.608658
2422,-99,46,74,383,5,12,50,-15.374268
2422,-99,37,74,383,4,11,50,-21.854607
2422,-99,45,74,383,5,12,50,-inf
2422,-99,38,74,383,5,13,51,-4.522682
2422,-99,42,74,383,4,13,50,-8.657608
2422,-99,50,74,383,4,13,51,-14.129135
2422,-99,51,74,383,2,13,51,-14.627579
2422,-99,52,74,383,3,13,51,-17.413925
2422,-99,54,74,383,4,12,50,-12.139587
2422,-99,49,74,383,4,13,51,-10.869614
2422,-99,50,74,383,4,10,51,-10.343689
2422,-99,49,74,383,3,13,51,-17.663261
2422,-99,36,74,383,5,12,50,-21.253128
2422,-99,53,74,383,4,14,51,-22.646423
2422,-99,45,74,383,5,10,50,-11.842468
2422,-99,41,74,383,4,12,50,-15.777237
2422,-99,57,74,383,3,11,51,-23.512779
2422,-99,53,74,383,4,9,50,-11.746735
2422,-99,46,74,383,4,13,51,-16.718826
2422,-99,40,74,383,4,12,51,-7.720512
2422,-99,44,74,383,4,12,49,-11.733871
2422,-99,47,74,383,4,13,51,-13.178551
2422,-99,42,74,383,3,13,51,-14.421135
2422,-99,50,74,383,4,12,51,-10.595810
2422,-99,48,74,383,4,13,50,-12.008514
2422,-99,43,74,383,3,8,50,-16.590416
2422,-99,42,74,383,4,12,50,-5.515533
2422,-99,44,74,383,3,11,50,-inf
2422,-99,38,74,383,5,13,51,-15.569046
2422,-99,36,74,383,4,11,50,-9.640823
2422,-99,46,74,383,2,12,51,-15.473251
2422,-99,45,74,383,3,13,51,-11.128807
2422,-99,50,74,383,4,11,51,-22.739426
2422,-99,52,74,383,4,12,50,-16.453232
2422,-99,54,74,383,3,12,51,-11.529358
2422,-99,48,74,383,5,15,51,-12.481880
2422,-99,56,74,383,4,13,51,-12.772011
2422,-99,63,74,383,5,13,51,-inf
2422,-99,41,74,383,3,10,49,-12.797836
2422,-99,51,74,383,5,11,51,-16.046577
2422,-99,41,74,383,4,12,51,-12.882217
2422,-99,50,74,383,6,13,51,-15.172714
2422,-99,54,74,383,4,14,51,-23.745171
2422,-99,44,74,383,5,11,51,-7.619759
2422,-99,58,74,383,4,14,52,-9.669830
2422,-99,53,74,383,5,12,51,-15.549957
2422,-99,49,74,383,4,13,50,-9.802116
2422,-99,46,74,383,5,12,51,-9.670532
2422,-99,42,74,383,5,10,50,-14.945374
2422,-99,39,74,383,5,13,50,-15.242805
2422,-99,45,74,383,4,12,50,-9.461082
2422,-99,44,74,383,4,13,51,-11.226074
2422,-99,48,74,383,5,14,51,-6.045631
2422,-99,41,74,383,4,15,51,-12.989700
2422,-99,37,74,383,3,15,51,-17.854691
2422,-99,48,74,383,4,12,50,-inf
2422,-99,48,74,383,3,12,51,-12.185135
2422,-99,44,74,383,5,14,52,-10.674675
2422,-99,51,74,383,4,13,50,-15.800034
2422,-99,57,74,383,5,14,51,-15.201538
2422,-99,43,74,383,4,10,50,-15.578468
2422,-99,44,74,383,5,12,51,-15.881363
2422,-99,43,74,383,4,11,50,-16.374268
2422,-99,51,74,383,4,14,50,-21.910645
2422,-99,47,74,383,5,12,50,-10.772362
2422,-99,42,74,383,4,13,52,-17.959000
2422,-99,50,74,383,4,14,52,-8.167519
2422,-99,41,74,383,3,11,51,-12.306801
2422,-99,50,74,383,4,12,50,-15.708115
2422,-99,42,74,383,5,12,50,-12.323936
2422,-99,40,74,383,5,12,50,-21.159500
2422,-99,43,74,383,4,12,51,-10.442398
2422,-99,47,74,383,4,10,49,-14.920944
2422,-99,52,74,383,3,12,51,-14.592476
2422,-99,48,74,383,4,12,51,-15.956352
2422,-99,42,74,383,5,12,51,-22.185020
2422,-99,44,74,383,5,13,50,-20.954964
2422,-99,35,74,383,4,11,51,-23.242760
2422,-99,52,74,383,4,16,51,-9.001602
2422,-99,43,74,383,5,15,51,-7.425415
2422,-99,39,74,383,3,11,51,-inf
2422,-99,53,74,383,4,12,51,-10.180939
2422,-99,41,74,383,5,13,50,-8.824677
2422,-99,45,74,383,4,15,51,-17.089035
2422,-99,50,74,383,4,14,51,-16.283676
2422,-99,33,74,383,4,14,51,-17.422333
2422,-99,38,74,383,4,12,50,-13.037689
2422,-99,46,74,383,5,13,51,-inf
2422,-99,53,74,383,3,15,51,-8.120834
2422,-99,51,74,383,3,12,51,-11.642662
2422,-99,51,74,383,4,13,51,-22.608658
2422,-99,39,74,383,4,12,50,-12.832474
2422,-99,46,74,383,3,14,51,-9.504196
2422,-99,53,74,383,4,13,51,-12.741463
2422,-99,39,74,383,2,12,49,-22.265114
2422,-99,47,74,383,4,13,51,-13.916122
2422,-99,52,74,383,4,11,50,-15.765793
2422,-99,55,74,383,4,10,51,-13.421135
2422,-99,49,74,383,4,15,51,-16.960403
2422,-99,52,74,383,5,11,51,-inf
2422,-99,56,74,383,3,13,51,-9.778381
2422,-99,42,74,383,4,13,50,-13.047226
2422,-99,46,74,383,4,12,51,-16.540382
2422,-99,57,74,383,4,11,50,-16.530785
2422,-99,51,74,383,5,13,51,-15.242805
2422,-99,56,74,383,3,14,51,-17.845764
2422,-99,49,74,383,5,12,51,-15.597527
2422,-99,50,74,383,3,13,51,-8.157951
2422,-99,53,74,383,3,12,51,-17.472748
2422,-99,48,74,383,4,12,52,-14.188118
2422,-99,34,74,383,4,11,50,-16.530785
2422,-99,45,74,383,4,12,51,-22.138420
2422,-99,42,74,383,5,14,51,-15.836815
2422,-99,48,74,383,5,12,51,-11.679718
2422,-99,41,74,383,4,13,51,-8.741577
2422,-99,45,74,383,5,14,51,-8.138672
2422,-99,47,74,383,4,12,51,-22.095947
2422,-99,45,74,383,3,11,50,-13.139587
2422,-99,47,74,383,4,14,51,-17.375122
2422,-99,50,74,383,4,12,50,-21.786392
2422,-99,34,74,383,4,11,50,-10.211929
2422,-99,54,74,383,5,11,51,-15.117821
2422,-99,47,74,383,4,12,49,-21.224442
2422,-99,52,74,383,4,10,51,-22.608658
2422,-99,42,74,383,3,14,51,-24.032913
2422,-99,38,74,383,3,12,50,-17.443436
2422,-99,44,74,383,4,11,50,-10.201622
2422,-99,50,74,383,4,11,50,-9.790787
2422,-99,39,74,383,4,13,50,-13.037689
2422,-99,40,74,383,4,12,50,-12.232491
2422,-99,45,74,383,5,10,51,-20.693741
2422,-99,48,74,383,4,11,50,-6.118988
2422,-99,46,74,383,3,12,51,-14.206184
2422,-99,49,74,383,4,12,51,-13.708519
2422,-99,44,74,383,5,14,51,-21.919647
2422,-99,41,74,383,4,11,50,-12.595993
2422,-99,39,74,383,5,13,51,-12.028130
2422,-99,36,74,383,5,12,50,-21.374893
2422,-99,51,74,383,4,11,51,-13.332863
2422,-99,44,74,383,5,13,51,-10.135506
2422,-99,47,74,383,4,12,51,-16.453232
2422,-99,50,74,383,4,11,51,-14.039124
2422,-99,51,74,383,4,14,51,-12.921616
2422,-99,46,74,383,3,13,51,-11.033356
2422,-99,47,74,383,4,12,51,-17.319397
2422,-99,37,74,383,4,13,51,-16.718826
2422,-99,45,74,383,3,13,51,-17.413925
2422,-99,36,74,383,5,13,51,-8.079239
2422,-99,45,74,383,5,13,51,-16.398788
2427,-99,50,74,383,3,12,51,-17.472748
2427,-99,61,74,383,4,13,51,-6.801849
2427,-99,57,74,383,5,13,52,-13.526154
2427,-99,45,74,383,4,10,51,-23.634277
2427,-99,54,74,383,5,10,51,-11.278206
2427,-99,47,74,383,5,14,50,-21.009727
2427,-99,54,74,383,5,12,51,-inf
2427,-99,52,74,383,4,12,51,-12.812408
2427,-99,39,74,383,6,14,51,-9.819214
2427,-99,44,74,383,3,13,49,-12.655853
2427,-99,52,74,383,4,13,51,-12.812408
2427,-99,47,74,383,4,13,51,-9.352570
2427,-99,42,74,383,3,12,52,-14.567200
2427,-99,45,74,383,3,11,51,-11.860764
2427,-99,49,74,383,2,11,51,-15.716690
2427,-99,43,74,383,4,11,51,-10.490929
2427,-99,49,74,383,4,13,51,-22.989700
2427,-99,51,74,383,5,15,53,-17.233658
2427,-99,48,74,383,5,13,50,-14.834007
2427,-99,51,74,383,4,12,49,-14.850784
2427,-99,48,74,383,5,15,52,-23.350563
2427,-99,35,74,383,5,11,50,-11.658936
2427,-99,41,74,383,5,14,51,-12.683914
2427,-99,42,74,383,5,12,51,-6.663315
2427,-99,48,74,383,5,11,51,-21.454224
2427,-99,40,74,383,5,11,51,-12.600868
2427,-99,53,74,383,4,14,51,-9.639877
2427,-99,52,74,383,4,11,50,-21.910645
2427,-99,41,74,383,5,11,51,-7.405487
2427,-99,49,74,383,5,14,51,-9.651970
2427,-99,52,74,383,4,13,51,-10.160164
2427,-99,40,74,383,4,14,50,-12.832474
2427,-99,42,74,383,4,14,51,-16.253059
2427,-99,36,74,383,4,11,51,-23.015678
2427,-99,45,74,383,3,12,51,-17.934219
2427,-99,48,74,383,4,12,51,-8.591156
2427,-99,48,74,383,4,11,51,-22.589645
2427,-99,42,74,383,5,11,50,-8.509750
2427,-99,40,74,383,3,12,51,-11.353668
2427,-99,50,74,383,5,12,51,-21.483597
2427,-99,45,74,383,6,12,51,-7.352570
2427,-99,52,74,383,5,14,51,-15.728012
2427,-99,44,74,383,4,13,51,-inf
2427,-99,37,74,383,4,13,51,-11.370316
2427,-99,49,74,383,5,13,50,-20.954964
2427,-99,43,74,383,4,11,51,-16.791809
2427,-99,51,74,383,5,13,51,-6.736717
2427,-99,49,74,383,5,12,50,-2.869965
2427,-99,46,74,383,5,17,51,-15.995079
2427,-99,52,74,383,4,12,51,-21.932861
2427,-99,53,74,383,4,12,51,-13.837448
2427,-99,45,74,383,4,11,50,-8.455124
2427,-99,41,74,383,6,12,50,-7.990250
2427,-99,56,74,383,4,12,51,-12.585411
2427,-99,48,74,383,3,12,51,-17.010849
2427,-99,39,74,383,5,11,50,-20.365585
2427,-99,44,74,383,5,12,51,-8.010300
2427,-99,47,74,383,6,14,51,-9.093704
2427,-99,53,74,383,4,11,50,-16.021660
2427,-99,51,74,383,5,13,52,-10.833405
2427,-99,46,74,383,4,12,51,-13.297043
2427,-99,49,74,383,5,12,50,-21.512779
2427,-99,60,74,383,4,12,51,-22.512779
2427,-99,58,74,383,4,15,51,-16.334236
2427,-99,48,74,383,4,10,50,-21.899498
2427,-99,55,74,383,4,12,51,-15.956352
2427,-99,46,74,383,5,13,51,-10.330727
2427,-99,45,74,383,4,13,51,-16.501862
2427,-99,39,74,383,3,11,50,-22.526680
2427,-99,39,74,383,3,13,51,-13.595993
2427,-99,54,74,383,5,13,51,-11.911797
2427,-99,56,74,383,5,14,51,-6.546600
2427,-99,56,74,383,4,13,50,-15.800034
2427,-99,40,74,383,5,14,52,-16.484482
2427,-99,46,74,383,4,13,51,-16.616409
2427,-99,57,74,383,4,11,51,-13.075699
2427,-99,43,74,383,3,11,50,-inf
2427,-99,47,74,383,4,11,50,-15.268570
2427,-99,51,74,383,5,13,52,-6.021957
2427,-99,45,74,383,4,12,50,-15.788651
2427,-99,43,74,383,5,13,50,-9.001060
2427,-99,47,74,383,4,13,51,-22.434525
2427,-99,51,74,383,4,12,51,-17.390915
2427,-99,52,74,383,5,13,50,-21.053047
2427,-99,45,74,383,5,15,52,-22.528168
2427,-99,42,74,383,5,13,52,-10.812103
2427,-99,47,74,383,5,11,51,-9.725739
2427,-99,49,74,383,2,11,50,-17.834007
2427,-99,45,74,383,4,12,51,-16.942963
2427,-99,37,74,383,5,13,51,-6.176392
2427,-99,48,74,383,3,11,51,-14.018555
2427,-99,39,74,383,5,16,51,-inf
2427,-99,42,74,383,4,14,51,-13.160034
2427,-99,51,74,383,4,11,50,-11.426865
2427,-99,45,74,383,5,12,51,-16.131073
2427,-99,49,74,383,3,13,51,-14.524750
2427,-99,49,74,383,5,13,51,-21.998375
2427,-99,53,74,383,4,12,51,-13.066231
2427,-99,47,74,383,4,13,51,-22.222137
2427,-99,48,74,383,5,12,51,-12.314987
2427,-99,38,74,383,4,10,50,-15.518234
2427,-99,41,74,383,4,11,50,-7.643524
2427,-99,51,74,383,4,13,51,-22.919647
2427,-99,49,74,383,5,12,51,-7.685776
2427,-99,50,74,383,5,13,51,-15.283676
2427,-99,40,74,383,3,12,50,-16.395195
2427,-99,51,74,383,6,12,51,-11.985733
2427,-99,46,74,383,5,13,50,-8.902725
2427,-99,54,74,383,5,12,51,-inf
2427,-99,46,74,383,3,13,51,-14.584068
2427,-99,58,74,383,6,14,51,-14.606979
2427,-99,53,74,383,5,13,51,-12.008957
2427,-99,41,74,383,3,12,51,-11.432632
2427,-99,51,74,383,5,13,51,-16.114304
2427,-99,49,74,383,5,13,51,-22.134903
2427,-99,47,74,383,3,13,51,-18.351326
2427,-99,54,74,383,4,11,50,-15.856506
2427,-99,40,74,383,4,9,51,-13.350662
2427,-99,60,74,383,5,11,51,-15.942963
2427,-99,44,74,383,5,12,50,-7.221962
2427,-99,52,74,383,4,11,51,-16.746338
2427,-99,41,74,383,3,11,50,-14.215355
2427,-99,54,74,383,6,15,51,-7.336487
2427,-99,52,74,383,5,11,50,-14.602325
2427,-99,47,74,383,4,13,51,-10.851891
2427,-99,49,74,383,5,13,51,-21.394867
2427,-99,49,74,383,2,12,51,-10.294258
2427,-99,37,74,383,5,11,51,-12.297043
2427,-99,38,74,383,5,12,50,-15.384216
2427,-99,37,74,383,5,14,51,-8.494720
2427,-99,40,74,383,4,12,51,-22.910812
2427,-99,52,74,383,6,12,52,-12.121704
2427,-99,38,74,383,4,11,50,-22.031448
2427,-99,36,74,383,3,12,50,-11.191292
2427,-99,49,74,383,5,12,51,-21.374893
2427,-99,49,74,383,5,13,51,-15.242805
2427,-99,38,74,383,5,13,50,-14.890045
2427,-99,37,74,383,4,11,50,-16.334236
2427,-99,44,74,383,6,13,52,-7.525681
2427,-99,40,74,383,3,10,49,-12.589752
2427,-99,36,74,383,5,13,51,-16.846916
2427,-99,38,74,383,5,12,51,-7.833008
2427,-99,49,74,383,4,13,51,-16.663261
2427,-99,57,74,383,4,14,52,-11.234215
2427,-99,49,74,383,5,14,51,-16.359276
2427,-99,50,74,383,4,15,51,-17.287224
2427,-99,47,74,383,5,13,51,-22.015678
2427,-99,50,74,383,4,15,52,-22.839470
2427,-99,40,74,383,5,11,50,-21.232491
2427,-99,45,74,383,4,13,50,-16.482475
2427,-99,41,74,383,4,13,51,-16.521164
2427,-99,48,74,383,5,15,51,-9.510185
2427,-99,47,74,383,5,10,51,-10.102097
2427,-99,38,74,383,4,13,51,-23.168381
2427,-99,34,74,383,4,13,50,-12.595993
2427,-99,38,74,383,5,14,50,-21.242821
2427,-99,44,74,383,5,12,50,-21.063812
2427,-99,41,74,383,3,14,51,-12.456161
2427,-99,41,74,383,5,12,51,-21.665176
2427,-99,39,74,383,4,14,51,-10.762161
2427,-99,36,74,383,4,11,50,-22.095947
2427,-99,38,74,383,4,13,51,-inf
2427,-99,48,74,383,4,14,51,-22.910812
2427,-99,44,74,383,5,10,49,-20.538834
2427,-99,39,74,383,3,11,51,-14.403625
2427,-99,50,74,383,5,14,51,-16.114304
2427,-99,53,74,383,3,13,50,-22.954964
2427,-99,41,74,383,5,10,50,-10.910645
2427,-99,34,74,383,3,12,50,-inf
2427,-99,38,74,383,4,11,51,-inf
2427,-99,35,74,383,5,12,51,-15.511528
2427,-99,45,74,383,5,15,51,-16.254814
2427,-99,52,74,383,4,12,51,-22.812408
2427,-99,45,74,383,5,11,50,-20.954964
2427,-99,53,74,383,4,13,51,-16.691132
2427,-99,35,74,383,5,12,51,-16.238518
2427,-99,50,74,383,5,12,51,-9.834091
2427,-99,58,74,383,5,11,51,-15.180763
2427,-99,48,74,383,4,13,51,-17.422333
2427,-99,46,74,383,4,14,51,-16.501862
2427,-99,42,74,383,4,11,51,-13.075699
2427,-99,46,74,383,4,11,51,-5.883224
2427,-99,50,74,383,4,13,51,-16.854691
2427,-99,50,74,383,4,13,51,-inf
2427,-99,47,74,383,4,13,51,-17.029480
2427,-99,52,74,383,4,13,51,-16.085999
2427,-99,40,74,383,5,17,51,-22.109634
2427,-99,47,74,383,4,11,50,-15.268570
2427,-99,49,74,383,3,13,51,-14.516212
2427,-99,52,74,383,4,14,51,-9.018974
2427,-99,52,74,383,5,13,51,-11.751671
2427,-99,50,74,383,5,12,51,-inf
2427,-99,48,74,383,5,12,51,-7.895889
2427,-99,39,74,383,5,12,50,-9.044060
2427,-99,46,74,383,4,13,51,-16.201538
2427,-99,42,74,383,4,14,51,-13.359535
2427,-99,43,74,383,5,12,51,-12.386047
2427,-99,57,74,383,5,14,51,-inf
2427,-99,50,74,383,4,13,50,-15.834007
2427,-99,47,74,383,5,12,51,-21.222137
2427,-99,51,74,383,6,10,50,-14.827850
2427,-99,44,74,383,3,11,51,-9.931412
2427,-99,46,74,383,5,12,51,-15.549957
2427,-99,42,74,383,4,13,52,-17.972809
2427,-99,47,74,383,3,12,51,-14.269989
2427,-99,45,74,383,4,14,51,-16.960403
2427,-99,48,74,383,3,10,51,-23.232491
2427,-99,52,74,383,5,14,51,-22.395721
2427,-99,48,74,383,5,12,50,-14.673141
2427,-99,50,74,383,5,11,51,-6.588646
2427,-99,43,74,383,6,13,51,-6.619759
2427,-99,46,74,383,4,11,50,-21.797836
2427,-99,42,74,383,4,12,51,-16.836815
2427,-99,51,74,383,5,15,52,-12.584068
2427,-99,43,74,383,3,13,51,-inf
2427,-99,58,74,383,5,11,50,-14.407654
2427,-99,56,74,383,4,12,52,-13.642593
2432,-99,52,74,383,5,12,50,-21.053047
2432,-99,42,74,383,4,13,51,-22.444382
2432,-99,36,74,383,4,12,51,-16.773682
2432,-99,45,74,383,5,15,52,-13.151344
2432,-99,34,74,383,5,12,51,-15.942963
2432,-99,47,74,383,4,12,52,-14.084358
2432,-99,44,74,383,5,12,50,-15.453232
2432,-99,52,74,383,5,10,50,-13.648079
2432,-99,58,74,383,4,11,51,-16.791809
2432,-99,55,74,383,5,12,51,-12.773460
2432,-99,46,74,383,4,13,51,-9.312248
2432,-99,52,74,383,4,14,51,-10.743988
2432,-99,54,74,383,4,12,52,-11.682022
2432,-99,46,74,383,5,12,51,-15.394142
2432,-99,33,74,383,4,12,51,-9.263359
2432,-99,45,74,383,5,13,51,-22.168381
2432,-99,33,74,383,4,13,51,-12.999336
2432,-99,38,74,383,5,12,51,-9.931091
2432,-99,42,74,383,3,12,51,-11.614609
2432,-99,46,74,383,5,13,51,-12.206184
2432,-99,36,74,383,4,12,51,-11.110474
2432,-99,45,74,383,5,11,50,-8.790787
2432,-99,48,74,383,5,11,51,-12.206184
2432,-99,42,74,383,4,15,51,-23.972672
2432,-99,44,74,383,5,12,51,-15.521164
2432,-99,42,74,383,4,11,50,-22.541763
2432,-99,42,74,383,4,11,51,-13.269989
2432,-99,37,74,383,4,11,51,-inf
2432,-99,50,74,383,4,13,52,-17.910316
2432,-99,47,74,383,4,13,51,-inf
2432,-99,51,74,383,5,14,52,-10.703972
2432,-99,46,74,383,5,12,51,-6.784973
2432,-99,40,74,383,4,11,51,-8.242737
2432,-99,41,74,383,4,13,51,-12.802345
2432,-99,42,74,383,3,14,51,-12.017441
2432,-99,49,74,383,4,10,50,-12.574806
2432,-99,55,74,383,5,12,50,-14.542427
2432,-99,42,74,383,6,11,51,-14.672569
2432,-99,47,74,383,5,12,51,-4.172760
2432,-99,40,74,383,4,14,51,-13.741112
2432,-99,42,74,383,4,12,51,-9.044907
2432,-99,34,74,383,5,11,50,-8.652542
2432,-99,30,74,383,3,12,51,-17.737183
2432,-99,29,74,383,4,11,51,-11.000305
2432,-99,45,74,383,4,11,51,-13.094582
2432,-99,37,74,383,5,13,51,-10.118835
2432,-99,35,74,383,4,11,52,-17.139435
2432,-99,35,74,383,4,12,50,-12.690063
2432,-99,40,74,383,4,12,51,-11.226074
2432,-99,42,74,383,4,12,52,-13.861198
2432,-99,43,74,383,4,13,51,-16.907867
2432,-99,31,74,383,4,13,50,-22.589645
2432,-99,50,74,383,4,12,51,-12.710693
2432,-99,39,74,383,5,11,51,-10.696671
2432,-99,53,74,383,4,13,51,-16.986435
2432,-99,46,74,383,4,11,51,-13.251854
2432,-99,44,74,383,4,13,51,-13.141434
2432,-99,39,74,383,4,12,50,-21.843315
2432,-99,36,74,383,4,11,50,-12.379341
2432,-99,37,74,383,4,12,50,-9.858299
2432,-99,56,74,383,3,12,51,-14.592476
2432,-99,39,74,383,4,12,51,-11.201561
2432,-99,42,74,383,6,11,51,-14.075348
2432,-99,43,74,383,4,13,51,-13.765396
2432,-99,50,74,383,4,13,50,-15.395195
2432,-99,43,74,383,5,12,51,-22.619278
2432,-99,51,74,383,5,13,51,-15.324173
2432,-99,43,74,383,5,12,51,-21.919647
2432,-99,50,74,383,5,11,50,-15.232529
2432,-99,41,74,383,5,15,51,-12.716690
2432,-99,45,74,383,3,11,51,-24.032913
2432,-99,45,74,383,4,9,51,-13.757317
2432,-99,45,74,383,5,14,51,-16.673172
2432,-99,48,74,383,4,12,51,-10.605225
2432,-99,39,74,383,5,13,51,-16.172714
2432,-99,47,74,383,3,13,51,-12.417351
2432,-99,39,74,383,5,10,50,-11.390434
2432,-99,40,74,383,4,13,50,-10.500565
2432,-99,39,74,383,5,13,50,-21.866364
2432,-99,39,74,383,5,12,51,-16.406654
2432,-99,53,74,383,4,11,51,-13.359535
2432,-99,37,74,383,5,13,50,-9.097221
2432,-99,42,74,383,3,12,51,-18.606186
2432,-99,44,74,383,5,11,51,-7.123352
2432,-99,47,74,383,4,12,52,-11.667320
2432,-99,43,74,383,4,10,50,-12.116051
2432,-99,43,74,383,4,12,52,-7.000885
2432,-99,46,74,383,5,11,50,-14.708115
2432,-99,42,74,383,6,13,51,-15.020905
2432,-99,50,74,383,3,12,51,-10.304138
2432,-99,38,74,383,5,11,49,-14.111580
2432,-99,55,74,383,5,12,51,-12.332863
2432,-99,41,74,383,5,11,50,-8.824677
2432,-99,41,74,383,4,12,50,-inf
2432,-99,45,74,383,4,15,51,-17.213959
2432,-99,42,74,383,3,11,51,-17.625824
2432,-99,34,74,383,5,13,51,-16.164421
2432,-99,47,74,383,4,11,51,-22.776070
2432,-99,44,74,383,5,13,51,-10.354523
2432,-99,52,74,383,3,9,50,-inf
2432,-99,43,74,383,3,10,50,-13.638054
2432,-99,46,74,383,4,13,51,-9.968529
2432,-99,41,74,383,5,12,51,-8.213913
2432,-99,29,74,383,4,13,50,-inf
2432,-99,44,74,383,5,13,51,-9.931091
2432,-99,42,74,383,4,11,49,-14.677620
2432,-99,47,74,383,5,13,51,-14.956352
2432,-99,51,74,383,4,12,51,-16.700378
2432,-99,46,74,383,4,13,51,-inf
2432,-99,39,74,383,4,12,51,-21.865875
2432,-99,43,74,383,6,15,51,-12.016319
2432,-99,46,74,383,4,11,51,-10.965836
2432,-99,42,74,383,5,13,51,-17.220657
2432,-99,51,74,383,3,13,51,-23.473831
2432,-99,44,74,383,3,12,51,-14.394844
2432,-99,44,74,383,3,13,51,-11.896072
2432,-99,43,74,383,2,11,51,-12.679779
2432,-99,44,74,383,4,13,51,-15.684830
2432,-99,46,74,383,5,13,51,-9.931091
2432,-99,37,74,383,3,14,51,-11.965836
2432,-99,44,74,383,5,14,52,-22.474121
2432,-99,50,74,383,4,12,52,-23.573959
2432,-99,56,74,383,4,12,52,-6.709793
2432,-99,51,74,383,4,14,52,-11.585587
2432,-99,47,74,383,4,14,52,-23.371925
2432,-99,36,74,383,4,11,51,-10.922363
2432,-99,43,74,383,4,12,51,-23.242760
2432,-99,41,74,383,5,11,51,-15.521164
2432,-99,45,74,383,5,12,51,-inf
2432,-99,46,74,383,4,10,50,-inf
2432,-99,48,74,383,5,13,52,-22.489624
2432,-99,41,74,383,4,11,50,-12.872314
2432,-99,36,74,383,4,13,51,-23.109634
2432,-99,43,74,383,4,13,50,-21.877106
2432,-99,40,74,383,5,11,50,-inf
2432,-99,43,74,383,5,11,50,-9.211929
2432,-99,43,74,383,4,13,50,-12.901962
2432,-99,48,74,383,2,13,51,-12.313637
2432,-99,52,74,383,4,13,51,-8.984161
2432,-99,41,74,383,4,12,50,-16.242805
2432,-99,42,74,383,5,11,51,-12.094582
2432,-99,46,74,383,5,12,50,-15.211891
2432,-99,43,74,383,4,12,52,-11.659958
2432,-99,50,74,383,4,13,50,-8.253090
2432,-99,43,74,383,4,12,51,-13.584068
2432,-99,44,74,383,3,13,51,-11.661263
2432,-99,45,74,383,5,12,50,-11.595993
2432,-99,39,74,383,4,12,51,-16.773682
2432,-99,35,74,383,4,12,51,-16.995079
2432,-99,42,74,383,5,11,50,-20.490036
2432,-99,51,74,383,6,11,51,-10.751671
2432,-99,50,74,383,5,11,51,-16.189255
2432,-99,37,74,383,3,13,51,-17.597527
2432,-99,41,74,383,5,12,51,-15.606979
2432,-99,35,74,383,5,11,51,-9.586380
2432,-99,47,74,383,3,11,49,-12.257645
2432,-99,46,74,383,5,15,51,-21.159500
2432,-99,45,74,383,5,9,50,-11.772011
2432,-99,48,74,383,3,12,50,-17.472748
2432,-99,45,74,383,5,13,52,-16.515228
2432,-99,45,74,383,4,12,51,-16.934219
2432,-99,38,74,383,5,14,50,-inf
2432,-99,42,74,383,4,13,51,-13.297043
2432,-99,45,74,383,4,12,52,-18.007141
2432,-99,36,74,383,5,11,51,-12.056732
2432,-99,39,74,383,4,12,50,-inf
2432,-99,41,74,383,5,12,51,-12.853294
2432,-99,37,74,383,5,13,50,-11.911797
2432,-99,40,74,383,4,13,51,-17.012314
2432,-99,48,74,383,4,13,51,-16.273499
2432,-99,44,74,383,3,12,51,-14.978058
2432,-99,48,74,383,5,11,51,-9.661263
2432,-99,48,74,383,5,11,51,-16.230347
2432,-99,40,74,383,5,12,50,-inf
2432,-99,55,74,383,5,12,51,-11.950920
2432,-99,42,74,383,5,12,51,-11.679718
2432,-99,45,74,383,3,14,51,-10.036278
2432,-99,46,74,383,5,12,51,-15.222221
2432,-99,40,74,383,3,12,51,-inf
2432,-99,44,74,383,5,12,51,-6.391792
2432,-99,50,74,383,4,13,52,-23.604225
2432,-99,45,74,383,5,10,50,-15.191162
2432,-99,44,74,383,4,11,51,-22.532127
2432,-99,42,74,383,6,12,51,-inf
2432,-99,38,74,383,4,13,51,-9.447853
2432,-99,42,74,383,4,10,51,-9.104813
2432,-99,33,74,383,4,10,51,-23.573959
2432,-99,49,74,383,3,10,51,-24.250946
2432,-99,48,74,383,4,13,51,-23.267273
2432,-99,40,74,383,5,12,51,-8.010300
2432,-99,40,74,383,5,13,51,-10.370316
2432,-99,35,74,383,5,11,51,-16.687920
2432,-99,52,74,383,4,10,51,-16.691132
2432,-99,50,74,383,4,12,51,-23.193314
2432,-99,40,74,383,3,10,49,-12.935318
2432,-99,40,74,383,5,13,51,-6.487053
2432,-99,46,74,383,3,11,50,-inf
2432,-99,42,69,388,6,12,46,-inf
2432,-99,42,74,384,5,12,50,-8.521828
2432,-99,37,69,389,5,11,46,-15.791809
2432,-99,32,69,389,5,13,47,-inf
2432,-99,41,69,389,5,8,45,-15.128372
2432,-99,39,69,389,5,11,46,-inf
2432,-99,43,69,389,5,9,46,-9.698219
2432,-99,35,69,389,5,11,46,-16.430145
2432,-99,40,69,389,5,12,45,-inf
2432,-99,39,69,389,5,14,47,-10.797836
2432,-99,34,74,384,6,12,51,-20.344772
2432,-99,39,69,389,5,10,46,-9.983109
2432,-99,44,69,389,6,14,47,-6.416573
2432,-99,41,69,389,4,13,46,-11.346603
2432,-99,43,69,389,4,11,46,-7.696091
2432,-99,44,69,389,4,14,47,-12.180481
2432,-99,43,69,389,5,11,46,-4.602325
2432,-99,41,69,389,6,12,46,-8.661255
2432,-99,44,69,389,4,12,46,-16.718819
2432,-99,51,69,389,5,13,47,-10.938400
2437,-99,47,69,388,7,13,47,-inf
2437,-99,44,69,388,4,12,47,-11.826317
2437,-99,48,69,388,5,10,47,-17.041199
2437,-99,43,69,388,5,13,46,-10.085297
2437,-99,44,69,388,4,12,46,-7.887726
2437,-99,47,69,388,3,12,47,-18.522888
2437,-99,40,69,388,5,13,48,-12.323936
2437,-99,45,69,388,3,11,46,-12.282738
2437,-99,44,69,388,4,13,47,-18.741577
2437,-99,40,69,388,4,10,46,-17.846916
2437,-99,49,69,388,4,11,46,-inf
2437,-99,42,69,388,4,11,46,-10.548447
2437,-99,39,69,388,4,12,46,-17.613678
2437,-99,46,69,388,4,12,47,-12.627579
2437,-99,50,69,388,5,14,47,-16.673172
2437,-99,44,69,388,5,10,47,-17.174835
2437,-99,47,69,388,3,11,47,-13.720978
2437,-99,40,69,388,5,12,47,-17.174835
2437,-99,52,69,388,4,13,47,-17.398788
2437,-99,55,69,388,5,11,46,-8.521828
2437,-99,46,69,388,4,13,47,-11.826317
2437,-99,43,69,388,4,15,47,-12.206566
2437,-99,46,69,388,5,12,47,-11.047661
2437,-99,45,69,388,4,12,47,-inf
2437,-99,41,69,388,2,13,47,-14.434525
2437,-99,57,69,388,6,16,48,-10.459137
2437,-99,44,69,388,5,12,47,-4.805717
2437,-99,52,69,388,3,11,47,-19.068260
2437,-99,46,69,388,3,11,47,-13.047661
2437,-99,45,69,388,4,10,47,-12.409782
2437,-99,43,69,388,5,11,46,-10.250450
2437,-99,49,69,388,4,11,47,-11.118835
2437,-99,43,69,388,5,12,46,-inf
2437,-99,43,69,388,4,11,46,-7.792961
2437,-99,41,69,388,4,12,46,-11.152115
2437,-99,41,69,388,4,10,46,-18.013969
2437,-99,44,69,388,5,10,46,-14.822708
2437,-99,49,69,388,5,12,48,-11.232498
2437,-99,58,69,388,3,12,47,-12.440681
2437,-99,44,69,388,4,11,46,-inf
2437,-99,41,69,388,4,11,46,-7.760910
2437,-99,51,69,388,3,12,47,-18.673172
2437,-99,49,69,388,4,11,46,-inf
2437,-99,43,69,388,5,10,47,-inf
2437,-99,41,69,388,3,13,46,-12.085297
2437,-99,44,69,388,3,10,47,-19.624512
2437,-99,40,69,388,5,10,46,-16.613678
2437,-99,43,69,388,4,11,46,-16.492180
2437,-99,47,69,388,4,11,47,-17.760910
2437,-99,49,69,388,4,14,47,-11.593079
2437,-99,42,69,388,4,12,47,-18.304489
2437,-99,48,69,388,4,13,47,-18.380463
2437,-99,50,69,388,3,12,47,-19.201080
2437,-99,52,69,388,3,10,47,-12.217918
2437,-99,40,69,388,4,9,46,-inf
2437,-99,44,69,388,3,11,47,-17.934219
2437,-99,52,69,388,4,12,47,-17.789772
2437,-99,40,69,388,3,12,46,-12.532761
2437,-99,49,69,388,5,11,47,-10.938400
2437,-99,63,69,388,3,10,47,-18.875206
2437,-99,47,69,388,5,12,47,-inf
2437,-99,53,69,388,4,12,47,-16.755470
2437,-99,52,69,388,4,12,47,-inf
2437,-99,48,69,388,4,11,47,-17.553360
2437,-99,47,69,388,5,12,46,-16.731865
2437,-99,37,69,388,4,10,47,-11.652573
2437,-99,43,69,388,4,13,46,-7.792961
2437,-99,44,69,388,4,12,47,-inf
2437,-99,41,69,388,3,13,47,-12.711266
2437,-99,41,69,388,3,12,47,-12.622925
2437,-99,47,69,388,3,9,47,-6.805717
2437,-99,54,69,388,4,13,47,-16.899048
2437,-99,47,69,388,4,10,46,-16.863602
2437,-99,47,69,388,3,12,47,-19.068260
2437,-99,40,69,388,5,10,47,-10.652573
2437,-99,50,69,388,5,10,47,-inf
2437,-99,45,69,388,6,10,46,-inf
2437,-99,51,69,388,4,11,47,-17.072098
2437,-99,42,69,388,5,9,45,-14.822708
2437,-99,48,69,388,5,14,47,-7.579453
2437,-99,43,69,388,5,13,47,-10.910645
2437,-99,38,69,388,4,11,46,-inf
2437,-99,37,69,388,4,11,46,-inf
2437,-99,40,69,388,4,10,46,-16.827850
2437,-99,35,69,388,4,12,46,-18.479736
2437,-99,45,69,388,6,14,47,-16.148438
2437,-99,34,69,388,4,12,47,-8.838036
2437,-99,50,69,388,4,13,47,-12.283890
2437,-99,46,69,388,5,11,47,-6.824783
2437,-99,49,69,388,3,10,46,-inf
2437,-99,46,69,389,4,12,46,-9.802109
2437,-99,45,74,383,4,11,51,-10.623978
2437,-99,51,74,383,3,10,51,-23.085258
2437,-99,55,74,383,4,9,51,-12.989700
2437,-99,51,74,383,4,12,51,-17.213959
2437,-99,60,74,383,4,13,52,-7.213043
2437,-99,55,74,383,5,10,52,-8.852486
2437,-99,56,74,383,4,10,51,-9.044907
2437,-99,56,74,383,4,12,51,-11.168655
2437,-99,46,74,383,5,10,50,-9.222206
2437,-99,39,69,389,3,13,46,-12.409546
2437,-99,55,69,389,3,11,47,-inf
2437,-99,44,69,389,3,13,47,-inf
2437,-99,38,69,389,5,11,46,-inf
2437,-99,39,69,389,4,13,47,-11.593079
2437,-99,46,69,389,4,11,47,-17.583626
2437,-99,56,69,389,5,13,47,-11.459137
2437,-99,45,69,389,6,11,46,-inf
2437,-99,43,69,389,4,11,47,-11.854607
2437,-99,41,69,389,3,12,47,-13.101273
2437,-99,41,69,389,5,11,47,-11.359863
2437,-99,43,69,389,3,10,46,-11.273239
2437,-99,29,69,389,6,10,45,-inf
2437,-99,35,69,389,3,13,47,-9.887955
2437,-99,43,69,389,5,12,47,-16.760910
2437,-99,41,69,389,5,12,47,-16.846916
2437,-99,43,69,389,5,12,46,-16.492188
2437,-99,46,69,389,5,12,47,-16.139435
2437,-99,43,69,389,5,11,46,-16.903320
2437,-99,43,69,389,4,14,47,-12.720978
2437,-99,48,69,389,4,15,48,-18.253098
2437,-99,48,69,389,5,12,47,-17.741577
2437,-99,53,69,389,4,12,47,-inf
2437,-99,40,69,389,4,11,47,-11.993370
2437,-99,52,69,389,4,14,47,-8.632416
2437,-99,44,69,389,5,11,47,-16.367203
2437,-99,46,69,389,3,12,47,-inf
2437,-99,51,69,389,3,12,47,-19.148438
2437,-99,39,69,389,4,11,47,-inf
2437,-99,51,69,389,5,12,47,-16.702614
2437,-99,52,69,389,5,12,47,-inf
2437,-99,51,69,389,3,11,47,-inf
2437,-99,51,69,389,4,12,47,-8.658653
2437,-99,56,69,389,3,11,46,-8.426674
2437,-99,39,69,389,3,15,46,-9.332779
2437,-99,52,69,389,5,13,47,-inf
2437,-99,57,69,389,4,11,47,-16.644577
2437,-99,45,69,389,4,11,47,-17.760910
2437,-99,45,69,389,4,13,47,-12.258270
2437,-99,41,69,389,5,11,47,-6.824783
2437,-99,41,69,389,4,11,46,-inf
2437,-99,40,69,389,5,11,47,-inf
2437,-99,45,69,389,5,10,46,-15.334236
2437,-99,41,69,389,4,12,47,-12.020599
2437,-99,42,69,389,6,12,46,-inf
2437,-99,43,69,389,4,12,47,-17.818436
2437,-99,40,69,389,5,12,47,-inf
2437,-99,40,69,389,4,11,47,-17.931244
2437,-99,30,69,389,4,14,46,-11.471588
2437,-99,39,69,389,4,14,48,-19.010300
2437,-99,46,69,389,4,11,47,-8.101105
2437,-99,53,69,389,3,13,47,-19.013969
2437,-99,46,69,389,4,10,46,-11.152115
2437,-99,50,69,389,4,13,47,-17.789772
2437,-99,42,69,389,4,14,47,-inf
2437,-99,48,69,389,5,11,46,-9.353668
2437,-99,44,69,389,5,12,47,-17.121872
2437,-99,45,69,389,4,12,47,-inf
2437,-99,51,69,389,5,12,47,-inf
2437,-99,53,69,389,3,12,47,-13.556183
2437,-99,47,69,389,4,12,47,-12.101273
2437,-99,44,69,389,5,13,48,-17.855576
2437,-99,52,69,389,4,11,46,-17.492188
2437,-99,43,69,389,5,11,47,-6.792961
2437,-99,42,69,389,6,12,46,-15.271049
2437,-99,41,69,389,4,11,46,-18.201080
2437,-99,38,69,389,5,8,46,-inf
2437,-99,45,69,389,4,10,47,-17.492188
2437,-99,44,69,389,2,12,46,-12.661255
2437,-99,42,69,389,4,13,47,-12.384895
2437,-99,45,69,389,6,11,47,-16.878021
2437,-99,48,69,389,6,13,46,-14.827850
2437,-99,42,69,389,5,10,47,-7.010933
2437,-99,43,69,389,4,10,46,-10.913620
2437,-99,46,69,389,5,11,46,-16.398788
2437,-99,35,69,389,5,12,47,-10.502289
2437,-99,45,69,389,5,12,47,-11.154236
2437,-99,49,69,389,5,11,47,-16.038040
2437,-99,49,69,389,4,12,47,-inf
2437,-99,56,69,389,6,12,47,-16.041199
2437,-99,54,69,389,4,11,47,-11.769173
2437,-99,55,69,389,4,12,47,-17.846916
2437,-99,52,69,389,5,12,47,-inf
2437,-99,47,69,389,5,11,47,-16.846916
2437,-99,42,69,389,4,12,47,-inf
2437,-99,48,69,389,6,10,47,-10.258270
2437,-99,48,69,389,5,11,47,-11.206566
2437,-99,61,69,389,4,12,48,-18.430382
2437,-99,45,69,389,4,11,46,-17.303337
2437,-99,50,69,389,4,11,47,-17.875206
2437,-99,49,69,389,4,13,47,-11.378189
2437,-99,41,69,389,4,13,46,-17.492188
2437,-99,44,69,389,4,12,47,-11.711266
2437,-99,47,69,389,6,12,46,-15.335388
2437,-99,52,69,389,5,11,47,-16.271049
2437,-99,48,69,389,4,10,46,-17.522888
2437,-99,50,69,389,5,12,47,-5.583313
2437,-99,43,69,389,4,10,47,-11.378189
2437,-99,46,69,388,4,12,47,-7.495605
2437,-99,44,69,388,5,10,47,-17.741577
2437,-99,47,69,388,4,11,47,-10.353668
2437,-99,41,69,388,4,10,46,-16.293839
2437,-99,53,69,388,3,11,47,-8.918854
2437,-99,48,69,388,3,12,47,-9.160187
2437,-99,46,69,388,6,12,47,-16.068260
2437,-99,41,69,388,4,12,46,-6.710632
2437,-99,52,69,388,5,12,46,-16.139435
2437,-99,48,69,388,4,11,47,-18.278870
2437,-99,49,69,388,4,11,47,-inf
2437,-99,43,69,388,4,11,46,-10.771210
2437,-99,47,69,388,4,12,47,-18.041199
2437,-99,53,69,388,4,11,47,-inf
2437,-99,46,69,388,4,11,47,-11.854607
2437,-99,48,69,388,5,11,47,-16.430145
2437,-99,45,69,388,5,14,47,-4.052559
2437,-99,47,69,388,2,13,47,-19.731865
2437,-99,36,69,388,5,14,47,-11.384895
2442,-98,44,69,387,4,16,47,-12.258270
2442,-98,57,74,383,5,14,52,-16.910316
2442,-98,47,74,383,4,11,52,-11.711258
2442,-98,46,69,387,6,13,47,-4.389183
2442,-98,40,69,387,4,13,47,-6.903465
2442,-98,39,69,387,4,12,47,-3.224510
2442,-98,52,69,387,3,13,47,-19.148438
2442,-98,44,69,387,5,11,47,-inf
2442,-98,46,69,387,5,10,47,-16.903320
2442,-98,35,69,388,4,14,47,-inf
2442,-98,47,69,388,4,12,47,-inf
2442,-98,51,69,388,5,13,48,-12.075699
2442,-98,48,69,388,4,11,47,-5.324738
2442,-98,52,69,388,3,12,47,-6.009132
2442,-98,47,69,388,4,13,47,-6.462997
2442,-98,52,69,388,5,12,47,-17.253098
2442,-98,49,69,388,5,12,48,-8.659035
2442,-98,46,69,388,5,12,47,-10.652573
2442,-98,50,69,388,4,13,47,-inf
2442,-98,46,69,388,4,11,48,-3.468933
2442,-98,48,69,388,5,14,48,-8.199150
2442,-98,41,69,388,4,15,48,-inf
2442,-98,42,69,388,3,13,47,-9.937302
2442,-98,48,69,388,5,12,47,-7.160187
2442,-98,37,69,388,6,14,47,-11.323936
2442,-98,38,69,388,5,13,47,-17.455124
2442,-98,36,69,388,5,12,46,-1.690063
2442,-98,43,69,388,5,12,47,-10.563026
2442,-98,36,69,388,3,13,47,-9.887955
2442,-98,39,69,388,5,12,47,-12.032913
2442,-98,30,69,388,4,12,47,-4.853607
2442,-98,43,69,388,3,13,47,-13.334686
2442,-98,40,69,388,5,14,47,-8.058289
2442,-98,40,69,388,5,16,48,-11.812408
2442,-98,44,69,388,5,12,48,-8.380135
2442,-98,50,69,388,4,13,47,-8.684738
2442,-98,44,69,388,4,15,48,-9.679764
2442,-98,46,69,388,6,15,48,-7.402237
2442,-98,36,69,388,4,10,46,-17.367203
2442,-98,46,69,388,4,14,47,-12.434525
2442,-98,39,69,388,5,12,47,-7.388817
2442,-98,45,69,388,4,12,47,-4.524796
2442,-98,47,69,388,5,12,47,-10.440681
2442,-98,50,69,388,3,12,47,-6.719711
2442,-98,40,69,388,5,12,47,-16.172714
2442,-98,43,69,388,5,14,48,-18.201462
2442,-98,45,69,388,4,12,47,-17.583626
2442,-98,45,69,388,3,14,47,-5.299469
2442,-98,43,69,388,5,14,47,-inf
2442,-98,45,69,388,4,12,48,-2.502480
2442,-98,43,69,388,5,9,48,-4.138138
2442,-98,46,69,388,4,16,48,-7.480629
2442,-98,40,69,388,5,13,47,-17.013969
2442,-98,43,69,388,5,12,47,-5.211899
2442,-98,45,69,388,3,13,47,-13.020599
2442,-98,45,69,388,5,14,48,-4.074112
2442,-98,42,69,388,4,13,47,-4.450981
2442,-98,32,69,388,5,13,47,-6.594925
2442,-98,51,69,388,5,10,47,-inf
2442,-98,42,69,388,5,12,47,-7.710663
2442,-98,44,69,388,5,12,47,-4.294189
2442,-98,44,69,388,5,14,47,-10.882721
2442,-98,40,69,388,4,16,48,-18.576782
2442,-98,45,69,388,4,12,47,-4.325089
2442,-98,48,69,388,5,13,47,-5.988358
2442,-98,39,69,388,6,14,47,-4.237671
2442,-98,42,69,388,5,14,47,-4.599945
2442,-98,57,69,388,4,12,47,-6.159882
2442,-98,46,69,388,5,13,47,-5.053955
2442,-98,47,69,388,5,15,48,-12.242760
2442,-98,53,69,388,3,13,47,-6.602325
2442,-98,40,69,388,5,14,47,-5.185966
2442,-98,37,69,388,5,12,47,-11.409782
2442,-98,46,69,388,5,11,47,-16.702614
2442,-98,42,69,388,4,13,47,-6.606979
2442,-98,39,69,388,4,12,47,-8.471542
2442,-98,35,69,388,4,12,46,-17.430145
2442,-98,39,69,388,5,15,47,-4.009132
2442,-98,43,69,388,5,14,47,-3.597382
2442,-98,46,69,388,4,13,47,-11.826317
2442,-98,41,69,388,6,13,46,-9.593079
2442,-98,41,69,388,4,16,48,-5.444824
2442,-98,41,69,388,5,11,47,-5.583313
2442,-98,46,69,388,5,13,48,-3.876175
2442,-98,37,69,388,3,14,48,-13.901962
2442,-98,42,69,388,5,13,48,-5.080673
2442,-98,40,69,388,5,12,47,-2.292542
2442,-98,46,74,383,4,13,52,-14.782661
2442,-98,40,74,383,6,14,51,-11.499077
2442,-98,50,74,383,5,15,52,-17.504196
2442,-98,39,74,383,4,11,52,-4.000290
2442,-98,38,74,383,4,11,51,-3.082031
2442,-98,44,74,383,4,15,53,-6.000000
2442,-98,48,74,383,5,12,51,-6.646828
2442,-98,34,74,383,5,14,52,-7.762062
2442,-98,46,74,383,5,15,52,-5.925453
2442,-98,48,74,383,5,13,51,-12.567200
2442,-98,48,74,383,4,13,51,-17.359276
2442,-98,43,74,383,5,15,52,-17.689285
2442,-98,43,74,383,4,14,51,-3.339996
2442,-98,37,74,383,6,14,51,-4.241333
2442,-98,52,74,383,6,14,53,-2.870544
2442,-98,55,74,383,4,11,51,-8.842049
2442,-98,48,74,383,5,15,52,-3.836617
2442,-98,55,74,383,5,14,51,-15.443436
2442,-98,41,74,383,4,12,51,-6.821259
2442,-98,57,74,383,5,14,53,-13.580017
2442,-98,59,74,383,4,13,52,-2.484955
2442,-98,35,74,383,6,12,52,-8.817291
2442,-98,39,74,383,5,14,52,-3.627274
2442,-98,57,74,383,5,11,52,-8.163895
2442,-98,43,74,383,4,14,51,-10.633331
2442,-98,37,74,383,4,13,51,-7.972801
2442,-98,55,74,383,5,12,52,-16.262939
2442,-98,39,74,383,4,15,52,-2.873550
2442,-98,52,74,383,6,14,51,-7.096298
2442,-98,47,74,383,5,14,52,-8.823776
2442,-98,47,74,383,5,12,52,-13.158722
2442,-98,51,74,383,4,12,52,-5.748566
2442,-98,40,74,383,5,13,52,-23.344208
2442,-98,53,74,383,6,14,52,-21.895813
2442,-98,46,74,383,4,11,52,-5.433838
2442,-98,41,74,383,4,13,51,-10.383446
2442,-98,45,74,383,6,14,51,-6.402718
2442,-98,52,74,383,3,13,53,-15.994553
2442,-98,37,74,383,5,12,51,-8.188980
2442,-98,41,74,383,7,12,51,-14.383026
2442,-98,52,74,383,5,11,51,-2.799347
2442,-98,50,74,383,5,9,52,-22.678978
2442,-98,53,74,383,4,12,52,-17.180992
2442,-98,47,74,383,6,13,53,-6.825462
2442,-98,52,74,383,6,13,51,-1.110054
2442,-98,42,74,383,5,14,52,-11.000198
2442,-98,32,74,383,4,16,52,-7.917587
2442,-98,48,74,383,4,12,51,-4.839066
2442,-98,54,74,383,5,11,52,-2.963104
2442,-98,45,74,383,5,12,52,-7.992889
2442,-98,54,74,383,4,11,52,-13.829498
2442,-98,40,74,383,5,13,52,-2.468933
2442,-98,47,74,383,6,11,52,-2.198685
2442,-98,54,74,383,5,13,52,-4.384697
2442,-98,49,74,383,3,13,52,-9.196716
2442,-98,52,74,383,4,13,52,-6.835907
2442,-98,49,74,383,4,11,51,-8.395493
2442,-98,50,74,383,4,12,52,-5.057617
2442,-98,56,74,383,4,12,52,-5.931610
2442,-98,48,74,383,5,12,52,-12.869087
2442,-98,47,74,383,3,14,52,-10.594559
2442,-98,51,74,383,5,15,51,-12.018555
2442,-98,47,74,383,4,11,51,-9.222191
2442,-98,48,74,383,4,12,52,-6.694717
2442,-98,53,74,383,6,12,52,-5.260452
2442,-98,48,74,383,4,13,51,-23.355988
2442,-98,63,74,383,5,13,52,-6.903320
2442,-98,53,74,383,5,12,52,-2.551117
2442,-98,44,74,383,6,13,52,-7.802109
2442,-98,39,74,383,5,16,53,-10.007851
2442,-98,53,74,383,5,10,52,-9.176376
2442,-98,46,74,383,4,13,52,-12.061127
2442,-98,48,74,383,4,14,52,-5.494499
2442,-98,61,74,383,5,10,52,-7.704460
2442,-98,49,74,383,3,14,52,-8.549019
2442,-98,58,74,383,6,13,53,-1.991699
2442,-98,49,74,383,5,13,53,-9.307198
2442,-98,52,74,383,5,12,52,-4.039375
2442,-98,47,74,383,4,14,53,-3.831490
2442,-98,56,74,383,3,13,52,-9.717125
2442,-98,54,74,383,5,14,52,-5.444664
2442,-98,53,74,383,4,13,51,-5.013901
2442,-98,50,74,383,5,14,53,-4.946045
2442,-98,55,74,383,4,13,52,-9.845322
2442,-98,48,74,383,4,13,52,-4.639175
2442,-98,50,74,383,5,12,51,-8.079239
2442,-98,46,74,383,5,13,52,-13.069336
2442,-98,53,74,383,5,11,52,-7.619232
2442,-98,57,74,383,5,11,52,-12.692131
2442,-98,55,74,383,4,15,53,-5.830521
2442,-98,61,74,383,4,13,52,-13.550278
2442,-98,52,74,383,5,12,52,-6.816849
2442,-98,46,74,383,5,16,52,-8.617279
2442,-98,46,74,383,5,13,51,-3.287071
2442,-98,46,74,383,4,12,51,-6.813911
2442,-98,50,74,383,4,12,52,-11.972839
2442,-98,53,74,383,4,12,52,-3.151749
2442,-98,48,74,383,3,14,52,-10.838150
2442,-98,49,74,383,4,10,51,-6.299629
2442,-98,45,74,383,3,13,52,-5.337845
2442,-98,43,74,383,4,13,51,-2.924606
2442,-98,43,74,383,4,15,52,-10.724640
2442,-98,34,74,383,3,11,52,-12.667320
2442,-98,56,74,383,3,12,52,-9.325729
2442,-98,60,74,383,5,12,51,-5.690094
2442,-98,55,74,383,4,13,52,-10.545395
2442,-98,49,74,383,3,12,52,-12.993370
2442,-98,53,74,383,5,13,52,-3.175659
2442,-98,29,74,383,4,11,51,-16.253059
2442,-98,51,74,383,4,11,51,-16.303970
2442,-98,50,74,383,4,13,52,-8.048737
2442,-98,45,74,383,4,15,52,-3.876190
2442,-98,54,74,383,6,13,52,-1.073334
2442,-98,49,74,383,4,13,53,-25.143433
2442,-98,52,74,383,5,12,51,-6.621994
2442,-98,47,74,383,4,13,52,-9.780342
2442,-98,57,74,383,5,14,53,-14.012764
2442,-98,59,74,383,5,13,53,-9.508644
2442,-98,52,74,383,2,14,52,-7.077560
2442,-98,47,74,383,3,11,51,-14.028130
2442,-98,52,74,383,5,12,51,-22.151672
2442,-98,55,74,383,5,13,53,-9.490150
2442,-98,48,74,383,4,13,52,-11.667320
2442,-98,48,74,383,5,10,51,-4.180962
2442,-98,57,74,383,4,16,52,-3.520485
2442,-98,43,74,383,4,14,52,-12.384895
2442,-98,45,74,383,6,13,52,-8.129639
2442,-98,44,74,383,5,15,52,-6.063782
2442,-98,55,74,383,5,13,51,-7.591156
2442,-98,51,74,383,5,12,52,-10.298798
2447,-97,45,74,382,4,14,52,-25.190781
2447,-97,57,74,382,5,16,52,-13.763458
2447,-97,42,74,382,4,14,53,-10.177483
2447,-97,55,74,382,4,12,53,-19.521828
2447,-97,47,74,382,5,14,52,-14.595711
2447,-97,44,74,382,5,13,52,-17.424171
2447,-97,47,74,382,4,12,51,-13.853294
2447,-97,45,74,382,5,14,53,-14.902405
2447,-97,47,74,382,6,11,52,-16.540649
2447,-97,45,74,382,5,13,52,-9.300751
2447,-97,45,74,382,4,14,52,-inf
2447,-97,38,74,382,3,13,52,-12.073158
2447,-97,50,74,382,3,14,52,-16.378517
2447,-97,42,74,382,4,12,51,-13.765396
2447,-97,54,74,382,5,13,52,-17.712608
2447,-97,40,74,382,4,13,52,-18.804642
2447,-97,42,74,382,4,14,52,-12.446846
2447,-97,41,74,382,4,14,52,-15.190781
2447,-97,43,74,382,4,15,52,-24.915375
2447,-97,42,74,382,6,15,53,-11.457581
2447,-97,39,74,382,4,14,53,-15.433846
2447,-97,59,74,382,4,12,51,-23.824722
2447,-97,40,74,382,4,14,52,-12.823708
2447,-97,47,74,382,5,13,52,-16.959000
2447,-97,48,74,382,5,12,52,-23.122444
2447,-97,45,74,382,5,14,53,-18.815666
2447,-97,48,74,382,5,14,52,-17.612625
2447,-97,40,74,382,4,13,52,-12.232498
2447,-97,37,74,382,4,15,52,-18.552727
2447,-97,45,74,382,4,14,51,-24.254257
2447,-97,31,74,382,2,13,52,-20.648178
2447,-97,48,74,382,3,15,52,-11.287827
2447,-97,25,74,382,4,15,52,-19.222191
2447,-97,42,74,382,6,13,52,-16.540649
2447,-97,53,74,382,5,16,53,-10.242661
2447,-97,40,74,382,6,13,51,-15.383026
2447,-97,51,74,382,4,15,52,-18.317245
2447,-97,49,74,382,4,11,53,-19.349564
2447,-97,42,74,382,4,16,53,-15.941704
2447,-97,38,74,382,4,12,52,-10.611984
2447,-97,44,74,382,4,13,51,-8.606010
2447,-97,44,74,382,5,12,53,-14.912262
2447,-97,52,74,382,5,15,51,-10.486969
2447,-97,36,74,382,4,13,51,-17.437950
2447,-97,43,74,382,5,13,53,-12.615524
2447,-97,37,74,382,5,14,52,-14.078888
2447,-97,44,74,382,4,13,51,-18.115211
2447,-97,41,74,382,5,13,52,-23.603378
2447,-97,49,74,382,5,15,53,-7.567474
2447,-97,43,74,382,4,15,52,-24.149132
2447,-97,40,74,382,6,14,52,-16.498093
2447,-97,34,74,382,5,13,52,-23.779465
2447,-97,36,74,382,5,12,52,-17.442772
2447,-97,43,74,382,5,14,52,-10.931473
2447,-97,35,74,382,5,14,51,-16.636086
2447,-97,42,74,382,4,13,52,-10.222610
2447,-97,43,74,382,5,15,53,-24.831749
2447,-97,38,74,382,4,14,52,-10.996872
2447,-97,38,74,382,4,15,52,-17.854004
2447,-97,39,74,382,4,14,52,-12.984268
2447,-97,49,74,382,4,13,53,-8.759453
2447,-97,37,74,382,5,14,53,-8.761711
2447,-97,47,74,382,5,16,52,-18.227364
2447,-97,45,74,382,4,15,52,-14.573318
2447,-97,40,74,382,4,14,51,-17.492188
2447,-97,43,74,382,6,15,53,-23.020027
2447,-97,50,74,382,4,12,51,-12.562180
2447,-97,42,74,382,4,13,52,-12.627579
2447,-97,59,74,382,5,13,53,-4.796944
2447,-97,49,74,382,5,11,52,-17.240150
2447,-97,42,74,382,4,14,52,-inf
2447,-97,42,74,382,4,13,52,-24.426094
2447,-97,48,74,382,3,16,53,-17.378685
2447,-97,58,74,382,5,15,53,-inf
2447,-97,38,74,382,6,13,53,-17.394516
2447,-97,51,74,382,4,12,52,-inf
2447,-97,36,74,382,4,11,51,-14.061798
2447,-97,44,74,382,6,13,52,-22.585373
2447,-97,55,74,382,2,10,52,-16.889900
2447,-97,54,74,382,4,14,52,-inf
2447,-97,44,74,382,5,14,52,-13.852356
2447,-97,42,74,382,4,12,51,-9.368599
2447,-97,51,74,382,5,15,52,-14.167465
2447,-97,47,74,382,5,12,52,-7.444145
2447,-97,49,74,382,4,13,51,-17.789764
2447,-97,38,74,382,5,14,52,-18.774887
2447,-97,45,74,382,5,13,51,-12.575645
2447,-97,48,74,382,6,13,52,-16.455124
2447,-97,47,74,382,6,15,53,-5.738235
2447,-97,41,74,382,4,13,53,-13.196419
2447,-97,60,74,382,3,14,53,-19.712608
2447,-97,55,74,382,4,15,53,-19.458633
2447,-97,52,74,382,4,12,51,-13.813560
2447,-97,45,74,382,4,14,52,-14.750610
2447,-97,49,74,382,5,13,52,-9.136353
2447,-97,53,74,382,5,14,52,-13.737724
2447,-97,51,74,382,4,13,52,-18.417953
2447,-97,44,74,382,4,13,52,-9.521820
2447,-97,47,74,382,5,12,51,-23.027740
2447,-97,47,74,382,6,14,52,-inf
2447,-97,48,74,382,6,13,52,-5.332779
2447,-97,58,74,382,5,15,52,-12.070374
2447,-97,46,74,382,5,12,51,-10.776352
2447,-97,57,74,382,5,14,52,-11.147659
2447,-97,45,74,382,4,12,52,-10.383842
2447,-97,42,74,382,4,12,52,-12.271103
2447,-97,50,74,382,5,15,52,-14.184959
2447,-97,58,74,382,5,13,52,-23.488045
2447,-97,47,74,382,4,13,52,-18.491982
2447,-97,39,74,382,4,15,52,-10.313637
2447,-97,45,74,382,4,12,52,-14.395477
2447,-97,54,74,382,5,15,52,-8.993271
2447,-97,51,74,382,3,12,52,-19.135178
2447,-97,39,74,382,6,12,52,-16.285286
2447,-97,35,74,382,4,12,52,-inf
2447,-97,44,74,382,4,14,53,-18.816017
2447,-97,53,74,382,4,14,53,-13.378883
2447,-97,46,74,382,6,12,51,-15.598679
2447,-97,38,74,382,6,15,52,-16.220657
2447,-97,43,74,382,5,14,52,-18.314270
2447,-97,50,74,382,5,14,53,-18.329437
2447,-97,44,74,382,5,12,52,-13.976273
2447,-97,41,74,382,5,14,51,-22.411514
2447,-97,37,74,382,5,13,52,-23.864906
2447,-97,51,74,382,4,14,53,-19.247971
2447,-97,43,74,382,5,13,51,-14.072914
2447,-97,37,74,382,5,16,52,-inf
2447,-97,46,74,382,4,15,53,-18.855576
2447,-97,50,74,382,4,14,53,-25.585640
2447,-97,51,74,382,3,12,52,-17.298340
2447,-97,48,74,382,5,14,51,-10.667320
2447,-97,45,74,382,5,13,53,-24.111572
2447,-97,47,74,382,4,13,52,-25.090210
2447,-97,53,74,382,5,14,52,-11.160812
2447,-97,60,74,382,6,12,52,-16.141815
2447,-97,54,74,382,5,14,53,-23.721565
2447,-97,38,74,382,4,14,52,-24.887405
2447,-97,41,74,382,4,14,52,-17.917305
2447,-97,55,74,382,5,13,52,-12.065048
2447,-97,39,74,382,5,13,52,-17.849945
2447,-97,35,74,382,6,11,52,-12.646423
2447,-97,39,74,382,4,13,52,-18.612625
2447,-97,47,74,382,5,14,52,-23.195435
2447,-97,46,74,382,4,14,51,-11.674675
2447,-97,48,74,382,5,12,52,-13.939468
2447,-97,53,74,382,4,13,52,-17.717270
2447,-97,41,74,382,5,15,52,-11.550186
2447,-97,47,74,382,4,13,53,-inf
2447,-97,49,74,382,4,14,53,-13.643631
2447,-97,61,74,382,5,14,52,-13.430252
2447,-97,42,74,382,5,15,52,-7.875526
2447,-97,55,74,382,4,13,53,-24.813843
2447,-97,35,74,382,3,13,52,-13.651123
2447,-97,48,74,382,6,11,52,-15.832703
2447,-97,46,74,382,4,13,51,-11.754768
2447,-97,54,74,382,4,13,52,-18.695129
2447,-97,47,74,382,5,12,52,-23.135811
2447,-97,47,74,382,4,12,52,-18.430382
2447,-97,56,74,382,5,12,52,-inf
2447,-97,52,74,382,4,13,53,-19.516998
2447,-97,50,74,382,4,14,53,-19.191055
2447,-97,52,74,382,4,13,52,-14.485306
2447,-97,44,74,382,3,14,52,-19.253098
2447,-97,40,74,382,3,13,52,-12.903679
2447,-97,50,74,382,4,12,51,-24.221680
2447,-97,45,74,382,5,12,52,-16.665787
2447,-97,45,74,382,4,14,52,-14.633224
2447,-97,48,74,382,4,13,52,-14.908554
2447,-97,49,74,382,4,11,52,-24.041397
2447,-97,48,74,382,5,13,52,-11.597977
2447,-97,46,74,382,4,10,52,-12.328369
2447,-97,48,74,382,3,13,52,-25.000290
2447,-97,58,74,382,4,13,53,-13.293671
2447,-97,58,74,382,4,14,52,-10.294296
2447,-97,44,74,382,4,11,52,-12.520050
2447,-97,49,74,382,4,10,52,-17.515228
2447,-97,41,74,382,4,12,52,-10.683472
2447,-97,46,74,382,4,14,53,-19.278694
2447,-97,51,74,382,5,13,52,-10.067757
2447,-97,61,74,382,4,13,52,-7.707405
2447,-97,54,74,382,4,14,52,-inf
2447,-97,57,74,382,6,13,52,-15.868149
2447,-97,44,74,382,4,12,52,-18.285286
2447,-97,63,74,382,5,12,53,-9.300751
2447,-97,57,74,382,5,13,51,-16.896309
2447,-97,57,74,382,5,10,51,-21.739426
2447,-97,45,74,382,5,13,52,-14.400734
2447,-97,51,74,382,5,14,52,-14.585106
2447,-97,41,74,382,5,13,53,-12.442932
2447,-97,55,74,382,5,15,52,-18.064255
2447,-97,51,74,382,5,13,52,-23.762177
2447,-97,39,74,382,4,16,53,-19.692154
2447,-97,56,74,382,5,14,53,-11.556183
2447,-97,48,74,382,6,15,53,-13.777237
2447,-97,44,74,382,4,15,53,-9.052315
2447,-97,55,74,382,4,13,52,-inf
2447,-97,62,74,382,4,12,52,-12.309364
2447,-97,43,74,382,6,14,52,-22.481888
2447,-97,51,74,382,5,13,52,-23.662872
2447,-97,54,74,382,3,14,52,-13.366135
2447,-97,51,74,382,6,12,52,-22.864906
2447,-97,41,74,382,5,14,52,-17.827354
2447,-97,50,74,382,5,13,52,-8.830963
2447,-97,52,74,382,5,14,53,-8.940620
2447,-97,40,74,382,6,12,52,-10.574142
2447,-97,51,74,382,4,14,52,-12.422173
2447,-97,59,74,382,5,14,52,-23.585373
2447,-97,53,74,382,4,13,53,-15.084854
2447,-97,53,74,382,4,14,52,-18.336304
2447,-97,47,74,382,5,12,52,-11.403572
2447,-97,61,74,382,5,12,52,-11.662842
2447,-97,58,74,382,4,13,52,-23.458549
2447,-97,63,74,382,3,16,52,-19.827354
2447,-97,55,74,382,6,14,52,-12.423317
2447,-97,49,74,382,5,15,53,-12.318909
2447,-97,43,74,382,5,10,52,-13.289459
2447,-97,46,74,382,3,13,52,-15.951767
2452,-97,64,74,382,4,13,51,-17.492188
2452,-97,59,74,382,6,12,52,-12.505783
2452,-97,59,74,382,6,15,53,-7.374588
2452,-97,45,74,382,4,15,52,-15.225525
2452,-97,63,74,382,5,12,52,-16.568520
2452,-97,61,74,382,5,13,53,-8.462440
2452,-97,40,74,382,5,14,52,-13.982376
2452,-97,65,74,382,5,15,53,-23.579353
2452,-97,55,74,382,3,16,52,-19.659966
2452,-97,59,74,382,5,15,53,-12.462448
2452,-97,59,74,382,5,15,53,-14.975800
2452,-97,47,74,382,5,15,53,-18.273590
2452,-97,54,74,382,4,13,52,-24.932068
2452,-97,49,74,382,2,13,53,-17.756866
2452,-97,56,74,382,4,13,52,-15.024857
2452,-97,54,74,382,4,15,53,-24.853607
2452,-97,60,74,382,5,12,51,-22.176704
2452,-97,56,74,382,5,13,52,-14.155754
2452,-97,55,74,382,5,13,53,-12.170456
2452,-97,60,74,382,4,15,53,-15.907333
2452,-97,50,74,382,6,11,52,-16.128532
2452,-97,48,74,382,4,12,52,-24.959747
2452,-97,48,74,382,4,14,51,-17.986572
2452,-97,53,74,382,4,12,52,-10.371162
2452,-97,45,74,382,5,15,53,-14.946594
2452,-97,36,74,382,4,14,53,-inf
2452,-97,41,74,382,4,14,52,-11.232254
2452,-97,39,74,382,5,14,52,-17.461288
2452,-97,48,74,382,4,13,52,-24.567291
2452,-97,49,74,382,4,14,53,-16.109589
2452,-97,44,74,382,4,13,52,-10.665710
2452,-97,55,74,382,5,13,53,-17.821686
2452,-97,46,74,382,5,16,52,-inf
2452,-97,48,74,382,3,13,52,-18.746414
2452,-97,47,74,382,6,13,53,-13.060951
2452,-97,63,74,382,6,13,52,-16.770355
2452,-97,45,74,382,5,14,52,-11.471382
2452,-97,41,74,382,4,14,52,-12.801086
2452,-97,57,74,382,4,13,52,-9.117538
2452,-97,45,74,382,5,14,52,-22.831886
2452,-97,44,74,382,4,12,52,-19.521828
2452,-97,55,74,382,5,13,53,-13.988464
2452,-97,48,74,382,4,13,51,-17.180992
2452,-97,60,74,382,5,13,53,-11.890869
2452,-97,50,74,382,4,15,52,-10.048340
2452,-97,49,74,382,5,14,53,-8.313148
2452,-97,47,74,382,4,13,52,-24.518692
2452,-97,49,74,382,5,15,51,-16.789764
2452,-97,55,74,382,5,15,53,-24.116898
2452,-97,55,74,382,4,13,52,-inf
2452,-97,45,74,382,5,13,52,-17.304489
2452,-97,55,74,382,3,11,51,-10.197304
2452,-97,50,74,382,5,16,53,-12.149582
2452,-97,50,74,382,5,15,53,-18.404442
2452,-97,54,74,382,4,14,52,-18.455124
2452,-97,46,74,382,5,13,52,-14.196587
2452,-97,57,74,382,4,12,52,-10.941544
2452,-97,44,74,382,3,14,52,-16.248535
2452,-97,55,74,382,4,12,52,-15.090805
2452,-97,49,74,382,5,14,52,-17.944664
2452,-97,45,74,382,5,14,52,-11.378647
2452,-97,46,74,382,5,15,53,-18.429161
2452,-97,41,74,382,5,15,52,-16.917305
2452,-97,49,74,382,4,13,52,-10.483971
2452,-97,41,74,382,4,13,52,-15.114532
2452,-97,47,74,382,5,14,52,-13.114258
2452,-97,53,74,382,5,12,53,-9.862885
2452,-97,45,74,382,4,15,53,-15.499313
2452,-97,48,74,382,4,14,53,-26.004341
2452,-97,49,74,382,4,12,52,-11.783524
2452,-97,40,74,382,3,14,52,-25.254257
2452,-97,57,74,382,4,14,52,-inf
2452,-97,40,74,382,4,13,52,-18.724220
2452,-97,48,74,382,5,14,53,-13.982376
2452,-97,49,74,382,4,14,52,-inf
2452,-97,54,74,382,4,14,52,-17.739143
2452,-97,47,74,382,3,15,53,-16.196587
2452,-97,44,74,382,5,14,52,-17.253098
2452,-97,47,74,382,4,13,52,-18.000290
2452,-97,44,74,382,5,13,53,-12.196419
2452,-97,41,74,382,4,13,52,-14.914749
2452,-97,53,74,382,6,13,53,-4.624649
2452,-97,53,74,382,5,13,53,-18.010300
2452,-97,53,74,382,4,15,52,-24.055008
2452,-97,42,74,382,4,15,52,-10.427933
2452,-97,51,74,382,4,15,52,-14.724800
2452,-97,42,74,382,4,12,52,-24.721565
2452,-97,57,74,382,5,14,53,-18.531464
2452,-97,53,74,382,5,12,52,-18.159698
2452,-97,42,74,382,4,12,52,-12.027382
2452,-97,52,74,382,5,15,52,-13.908554
2452,-97,54,74,382,5,11,51,-16.530518
2452,-97,52,74,382,5,12,53,-12.313873
2452,-97,44,74,382,5,14,52,-11.749756
2452,-97,47,74,382,4,12,52,-14.852356
2452,-97,52,74,382,5,12,52,-10.703972
2452,-97,51,74,382,3,13,52,-15.289459
2452,-97,42,74,382,4,14,52,-15.433846
2452,-97,37,74,382,5,12,51,-12.923920
2452,-97,54,74,382,5,16,53,-10.360535
2452,-97,39,74,382,4,16,53,-9.886734
2452,-97,57,74,382,4,14,53,-20.132996
2452,-97,32,74,382,4,13,52,-12.989700
2452,-97,39,74,382,5,12,52,-8.714371
2452,-97,50,74,382,5,12,52,-14.108612
2452,-97,45,74,382,4,11,53,-25.740509
2452,-97,58,74,382,4,13,53,-18.712608
2452,-97,49,74,382,5,13,53,-14.792442
2452,-97,45,74,382,4,13,52,-12.680367
2452,-97,50,74,382,4,15,53,-16.033646
2452,-97,52,74,382,5,13,52,-14.294189
2452,-97,53,74,382,5,15,52,-13.957901
2452,-97,59,74,382,5,11,52,-17.448952
2452,-97,59,74,382,4,15,52,-18.564774
2452,-97,51,74,382,5,14,52,-17.081726
2452,-97,53,74,382,4,12,52,-9.873901
2452,-97,54,74,382,5,15,53,-14.384079
2452,-97,53,74,382,4,14,53,-19.483047
2452,-97,51,74,382,4,13,51,-14.303741
2452,-97,57,74,382,4,14,52,-14.031532
2452,-97,54,74,382,5,13,53,-12.767921
2452,-97,47,74,382,4,13,52,-18.141815
2452,-97,52,74,382,4,15,53,-18.827354
2452,-97,54,74,382,6,13,53,-inf
2452,-97,59,74,382,5,12,53,-17.821686
2452,-97,48,74,382,5,11,53,-23.692322
2452,-97,49,74,382,6,13,52,-10.863007
2452,-97,48,74,382,4,13,52,-18.712608
2452,-97,47,74,382,4,13,53,-13.685455
2452,-97,53,74,382,5,13,52,-16.917305
2452,-97,52,74,382,5,14,52,-8.881012
2452,-97,49,74,382,5,13,53,-15.360962
2452,-97,51,74,382,4,13,52,-10.383842
2452,-97,39,74,382,4,13,52,-10.659775
2452,-97,43,69,386,5,15,48,-12.652954
2452,-97,44,69,386,5,13,48,-18.598358
2452,-97,50,69,386,4,13,48,-10.295731
2452,-97,43,69,386,3,12,47,-13.309364
2452,-97,44,69,387,5,15,47,-17.671715
2452,-97,47,69,387,4,15,47,-inf
2452,-97,48,69,387,3,13,48,-20.304138
2452,-97,46,69,387,4,15,48,-13.558746
2452,-97,43,69,387,5,12,48,-12.501228
2452,-97,40,69,387,5,15,48,-18.856064
2452,-97,42,69,387,5,11,47,-11.409782
2452,-97,42,69,387,4,13,48,-13.634277
2452,-97,51,69,387,6,13,47,-inf
2452,-97,41,69,387,6,16,48,-11.096939
2452,-97,43,69,387,4,14,48,-13.906372
2452,-97,38,69,387,4,11,47,-12.812408
2452,-97,48,69,387,5,12,47,-inf
2452,-97,48,69,387,5,11,48,-12.763382
2452,-97,47,69,387,4,11,48,-19.364594
2452,-97,43,69,387,5,12,47,-inf
2452,-97,44,69,387,6,16,49,-7.117538
2452,-97,42,69,387,4,14,48,-19.856064
2452,-97,38,69,387,3,13,48,-15.027740
2452,-97,43,69,387,4,12,47,-12.924065
2452,-97,47,69,387,4,13,47,-12.507935
2452,-97,45,69,387,5,13,47,-16.986572
2452,-97,44,74,381,5,14,52,-inf
2452,-97,48,69,387,5,15,48,-inf
2452,-97,43,69,387,4,13,47,-9.659035
2452,-97,53,69,387,5,11,47,-5.859146
2452,-97,45,69,387,3,13,47,-20.364594
2452,-97,47,69,387,3,11,47,-12.652573
2452,-97,42,69,387,4,13,47,-inf
2452,-97,45,69,387,6,12,47,-16.671715
2452,-97,48,69,387,5,12,47,-17.095154
2452,-97,41,69,387,3,13,47,-inf
2452,-97,41,69,387,4,13,47,-12.924065
2452,-97,51,69,387,4,13,47,-19.074959
2452,-97,42,69,387,5,14,47,-17.988533
2452,-97,33,69,387,5,14,47,-inf
2452,-97,45,69,387,4,12,47,-19.364594
2452,-97,40,69,387,3,16,47,-19.227165
2452,-97,36,63,392,6,15,43,-6.041199
2452,-97,43,69,386,4,13,48,-19.560257
2452,-97,44,69,386,5,13,47,-11.744019
2452,-97,41,69,386,3,14,47,-13.812408
2452,-97,38,69,386,6,13,47,-11.075699
2452,-97,42,69,386,4,14,48,-9.720932
2452,-97,42,69,386,4,16,48,-inf
2452,-97,37,69,386,4,15,48,-14.293037
2452,-97,36,69,386,5,13,48,-19.361626
2452,-97,42,69,386,5,13,48,-inf
2452,-97,49,69,386,5,14,48,-18.521828
2452,-97,41,69,386,5,11,46,-inf
2452,-97,44,69,386,5,17,48,-9.819199
2452,-97,47,69,386,2,12,48,-inf
2452,-97,44,69,386,4,12,47,-18.648178
2452,-97,44,69,386,5,14,47,-7.787537
2452,-97,42,69,386,4,14,48,-20.183014
2452,-97,48,69,386,5,13,47,-17.528534
2452,-97,44,69,386,5,14,47,-18.074959
2452,-97,39,69,386,5,15,48,-18.579346
2452,-97,43,69,386,5,11,47,-inf
2452,-97,46,69,386,4,14,48,-13.011360
2452,-97,48,69,386,4,14,48,-10.036926
2452,-97,36,69,386,4,12,47,-inf
2452,-97,45,69,386,5,13,47,-inf
2452,-97,39,69,386,5,14,47,-8.596245
2452,-97,30,69,386,5,14,47,-12.596680
2452,-97,43,69,386,4,15,47,-13.726883
2452,-97,42,69,386,5,14,48,-18.364594
2452,-97,36,69,386,4,16,47,-10.036926
2452,-97,49,74,382,4,12,52,-10.718781
2452,-97,43,69,386,5,13,47,-17.810333
2452,-97,45,69,386,4,15,48,-13.853302
2452,-97,51,69,386,4,14,48,-13.835464
2452,-97,43,69,386,3,14,47,-12.593079
2452,-97,43,69,386,5,12,47,-17.624512
2452,-97,37,69,386,6,11,47,-inf
2452,-97,42,69,386,3,13,48,-20.324387
2452,-97,47,69,386,5,12,47,-inf
2452,-97,44,69,386,5,13,47,-18.074959
2452,-97,40,69,386,4,15,47,-18.833008
2457,-98,36,69,387,3,13,47,-14.032913
2457,-98,38,69,387,4,16,48,-13.781509
2457,-98,42,69,387,4,14,48,-13.442932
2457,-98,37,69,387,4,11,47,-18.922562
2457,-98,43,69,387,4,13,47,-18.718414
2457,-98,42,69,387,5,14,47,-11.812408
2457,-98,44,69,387,4,12,47,-18.504196
2457,-98,45,69,387,4,14,48,-19.838150
2457,-98,46,69,387,4,13,48,-13.201599
2457,-98,44,69,387,5,11,47,-inf
2457,-98,47,69,387,6,12,47,-10.384895
2457,-98,52,69,387,5,14,48,-inf
2457,-98,40,69,387,4,14,47,-18.253098
2457,-98,37,69,387,5,15,48,-12.442932
2457,-98,41,69,387,4,15,48,-12.744019
2457,-98,39,69,387,4,14,47,-inf
2457,-98,39,69,387,5,13,47,-12.303787
2457,-98,39,69,387,4,15,47,-9.741371
2457,-98,38,69,387,5,11,48,-19.313637
2457,-98,42,69,387,5,13,47,-inf
2457,-98,39,69,387,4,11,47,-9.058289
2457,-98,44,69,387,4,11,47,-inf
2457,-98,44,69,387,3,14,48,-20.074959
2457,-98,46,69,387,5,13,47,-18.692162
2457,-98,39,69,387,5,11,47,-17.304489
2457,-98,42,69,387,5,11,46,-17.278870
2457,-98,42,69,387,5,14,47,-18.010300
2457,-98,46,69,387,4,12,47,-19.138672
2457,-98,44,69,387,4,14,47,-inf
2457,-98,51,69,387,6,12,48,-17.673553
2457,-98,51,69,387,4,12,47,-12.409782
2457,-98,42,69,387,5,13,47,-inf
2457,-98,48,69,387,4,15,48,-19.424225
2457,-98,53,69,387,5,14,48,-8.175987
2457,-98,46,69,387,6,12,47,-16.013969
2457,-98,39,69,387,5,11,47,-11.459137
2457,-98,43,69,387,6,11,47,-10.580109
2457,-98,48,69,387,4,12,47,-13.096939
2457,-98,46,69,387,6,15,48,-18.377502
2457,-98,43,74,383,6,16,53,-7.111046
2457,-98,44,69,387,6,13,47,-16.174835
2457,-98,47,69,387,5,14,48,-11.879745
2457,-98,45,69,387,4,15,48,-13.139107
2457,-98,47,69,388,5,11,47,-9.036926
2457,-98,41,69,388,5,11,47,-12.242760
2457,-98,44,69,388,5,13,48,-13.293037
2457,-98,44,69,388,4,12,47,-18.455124
2457,-98,59,69,388,3,14,48,-20.074959
2457,-98,44,69,387,4,15,49,-8.686363
2457,-98,43,69,388,5,11,47,-11.309364
2457,-98,49,69,388,5,12,48,-6.262939
2457,-98,54,69,388,5,14,48,-12.032913
2457,-98,49,69,388,4,13,48,-14.404198
2457,-98,50,69,388,6,12,48,-10.674530
2457,-98,43,69,387,4,12,47,-12.603912
2457,-98,39,69,387,5,14,47,-inf
2457,-98,47,69,387,4,13,48,-13.993408
2457,-98,42,69,387,5,13,47,-18.159706
2457,-98,49,69,387,5,13,47,-17.528534
2457,-98,59,69,387,4,14,48,-19.159706
2457,-98,46,69,387,6,13,47,-inf
2457,-98,55,69,387,5,11,47,-inf
2457,-98,51,69,387,4,13,48,-20.183014
2457,-98,37,69,387,6,14,47,-16.576782
2457,-98,53,69,387,5,12,48,-12.363968
2457,-98,58,69,387,4,11,48,-9.402237
2457,-98,53,69,387,5,11,47,-inf
2457,-98,49,63,393,5,11,43,-inf
2457,-98,47,69,388,4,15,48,-7.160263
2457,-98,49,69,388,6,12,47,-10.627579
2457,-98,49,69,388,4,12,47,-9.245110
2457,-98,45,69,388,4,10,48,-12.556183
2457,-98,42,69,388,4,13,48,-inf
2457,-98,50,74,382,6,15,53,-23.547249
2457,-98,52,74,382,5,12,52,-13.444077
2457,-98,48,74,382,5,13,52,-9.082397
2457,-98,48,74,382,5,15,53,-12.403625
2457,-98,41,74,382,4,14,52,-10.834442
2457,-98,57,74,382,5,13,52,-8.363480
2457,-98,57,74,382,5,13,53,-12.549217
2457,-98,42,74,382,4,12,51,-14.173447
2457,-98,51,74,382,5,15,52,-9.415375
2457,-98,58,74,382,5,12,53,-14.161613
2457,-98,54,74,382,4,13,52,-17.972809
2457,-98,47,74,382,4,15,52,-12.823708
2457,-98,62,74,382,4,14,53,-19.164948
2457,-98,62,74,382,4,12,51,-23.050079
2457,-98,49,74,382,5,13,51,-16.731857
2457,-98,43,74,382,4,13,53,-10.845840
2457,-98,43,74,382,3,15,52,-inf
2457,-98,44,74,382,5,11,52,-23.512581
2457,-98,56,74,382,6,12,52,-12.763458
2457,-98,50,74,382,5,12,52,-14.237045
2457,-98,59,74,382,5,13,53,-17.020798
2457,-98,45,74,382,6,10,51,-21.979599
2457,-98,59,74,382,4,10,52,-inf
2457,-98,58,74,382,5,16,52,-8.809341
2457,-98,64,74,382,4,14,53,-19.299057
2457,-98,48,74,382,5,13,52,-8.993271
2457,-98,55,74,382,5,13,52,-16.775368
2457,-98,54,74,382,5,12,52,-17.253098
2457,-98,50,74,382,3,12,52,-19.821686
2457,-98,57,74,382,4,13,53,-10.782776
2457,-98,50,74,382,5,11,52,-22.867516
2457,-98,56,74,382,5,11,52,-22.846176
2457,-98,64,74,382,5,13,53,-15.170334
2457,-98,52,74,382,6,12,52,-13.072914
2457,-98,52,74,382,5,12,51,-22.573959
2457,-98,60,74,382,5,15,52,-17.630440
2457,-98,53,74,382,3,13,53,-16.892517
2457,-98,56,74,382,5,12,51,-7.478363
2457,-98,53,74,382,4,13,52,-15.120445
2457,-98,58,74,382,5,14,52,-inf
2457,-98,53,74,382,5,13,53,-12.506050
2457,-98,51,74,382,5,12,52,-inf
2457,-98,56,74,382,5,12,51,-16.687920
2457,-98,59,74,382,5,14,52,-14.807602
2457,-98,49,74,382,5,13,53,-18.339508
2457,-98,49,74,382,6,12,52,-8.352066
2457,-98,45,74,382,4,13,52,-inf
2457,-98,52,74,382,5,13,53,-10.007851
2457,-98,55,74,382,5,11,52,-23.662872
2457,-98,51,74,382,4,15,52,-8.800217
2457,-98,53,74,382,3,12,52,-25.356903
2457,-98,52,74,382,5,13,53,-14.328117
2457,-98,54,74,382,4,13,53,-10.617981
2457,-98,53,69,388,5,14,48,-12.671562
2457,-98,42,69,388,4,11,47,-10.074852
2457,-98,50,69,388,6,15,48,-11.054359
2457,-98,47,69,388,4,15,48,-inf
2457,-98,55,69,388,5,13,47,-6.887726
2457,-98,50,69,388,5,14,48,-12.634277
2457,-98,57,69,388,4,15,48,-13.763382
2457,-98,49,69,388,3,12,47,-19.741577
2457,-98,51,69,388,4,13,48,-9.553879
2457,-98,51,69,388,5,13,48,-18.053513
2457,-98,51,69,388,4,12,47,-17.846916
2457,-98,53,69,388,4,13,47,-8.471542
2457,-98,48,69,388,4,16,48,-inf
2457,-98,49,69,388,3,13,47,-18.875206
2457,-98,47,69,388,5,13,48,-19.232460
2457,-98,44,69,388,4,13,48,-18.741577
2457,-98,53,69,388,5,11,47,-15.969101
2457,-98,46,69,388,4,14,48,-19.820175
2457,-98,44,69,388,6,11,47,-inf
2457,-98,40,69,388,4,13,47,-19.096298
2457,-98,41,69,388,5,14,47,-17.174835
2457,-98,51,69,388,5,13,48,-8.467873
2457,-98,42,69,388,4,16,47,-18.648178
2457,-98,44,69,388,5,13,47,-11.047661
2457,-98,47,69,388,4,11,47,-inf
2457,-98,42,69,388,5,13,47,-8.575111
2457,-98,49,69,388,5,11,47,-inf
2457,-98,51,69,388,4,11,48,-12.532120
2457,-98,46,69,388,6,14,47,-17.324387
2457,-98,56,69,388,6,14,47,-16.576782
2457,-98,57,69,388,4,13,48,-12.857422
2457,-98,50,69,388,5,13,47,-17.988533
2457,-98,52,69,388,5,16,48,-13.010605
2457,-98,42,69,388,5,13,47,-12.160034
2457,-98,45,69,388,5,14,48,-18.521828
2457,-98,51,69,388,5,14,48,-18.560257
2457,-98,44,69,388,6,13,47,-16.787537
2457,-98,58,69,388,6,14,48,-8.112457
2457,-98,53,69,387,5,14,48,-8.700394
2457,-98,50,69,387,2,13,48,-12.454308
2457,-98,46,69,388,5,14,47,-inf
2457,-98,42,69,388,6,14,47,-inf
2457,-98,48,69,387,5,10,47,-17.528534
2457,-98,46,69,387,5,12,48,-19.132996
2457,-98,51,69,387,5,10,47,-11.074554
2457,-98,44,69,387,6,11,48,-17.010300
2457,-98,49,69,388,5,11,47,-18.096298
2457,-98,54,69,388,5,13,48,-17.430382
2457,-98,50,69,387,6,14,48,-17.344536
2457,-98,46,69,387,4,13,48,-inf
2457,-98,49,69,387,4,12,47,-18.227165
2457,-98,48,69,387,4,13,47,-12.651115
2457,-98,52,69,387,4,14,49,-14.244514
2457,-98,43,69,388,4,14,47,-19.242828
2457,-98,46,69,388,5,14,47,-inf
2457,-98,43,69,388,4,13,47,-12.901962
2457,-98,51,69,388,2,13,47,-20.304489
2457,-98,55,69,388,5,13,48,-inf
2457,-98,42,69,388,5,10,47,-11.074554
2457,-98,44,69,388,4,11,47,-12.384895
2457,-98,50,69,388,4,13,48,-9.638206
2457,-98,48,69,388,5,13,47,-inf
2457,-98,56,69,388,5,13,48,-17.787537
2457,-98,50,69,388,4,14,48,-8.961777
2457,-98,46,69,388,5,11,47,-3.987251
2457,-98,54,74,382,4,12,51,-13.916122
2457,-98,47,69,388,4,13,47,-inf
2457,-98,47,69,388,5,12,48,-inf
2457,-98,50,69,388,4,12,47,-18.174835
2457,-98,47,69,388,6,12,48,-10.766937
2457,-98,49,69,388,4,13,47,-12.744019
2457,-98,43,69,388,5,12,46,-10.502289
2457,-98,44,69,388,4,12,47,-18.787537
2457,-98,48,69,388,5,13,47,-inf
2457,-98,45,69,388,5,12,47,-16.875206
2457,-98,43,69,388,5,14,47,-18.263359
2457,-98,43,69,388,5,13,48,-inf
2457,-98,47,69,388,5,12,48,-inf
2457,-98,47,69,388,5,14,47,-16.903320
2457,-98,50,69,388,4,15,47,-8.360886
2457,-98,46,69,388,4,14,48,-19.692162
2457,-98,56,69,388,5,14,48,-inf
2457,-98,51,69,388,4,14,47,-13.054359
2457,-98,50,69,388,4,13,47,-18.504196
2457,-98,47,69,388,4,14,48,-13.180862
2457,-98,45,69,388,5,13,48,-12.096939
2457,-98,49,69,388,3,12,47,-inf
2457,-98,46,69,388,4,14,48,-inf
2457,-98,48,69,388,3,12,48,-20.117538
2457,-98,47,69,388,6,14,48,-11.481880
2457,-98,48,69,388,5,12,48,-12.671562
2462,-99,48,69,389,6,12,47,-inf
2462,-99,46,69,389,4,14,48,-13.423325
2462,-99,43,69,389,4,11,46,-17.105896
2462,-99,51,69,389,5,11,47,-17.174835
2462,-99,50,69,389,5,12,48,-17.966652
2462,-99,44,69,389,3,11,47,-19.148438
2462,-99,40,69,389,5,12,47,-16.492188
2462,-99,47,69,389,4,9,47,-11.769173
2462,-99,40,69,389,5,10,47,-inf
2462,-99,56,69,389,4,11,48,-12.580109
2462,-99,50,69,389,4,9,47,-11.882721
2462,-99,40,69,389,5,12,47,-inf
2462,-99,51,69,389,4,12,47,-12.180481
2462,-99,56,69,389,5,14,48,-9.055931
2462,-99,56,69,389,4,12,47,-16.644577
2462,-99,56,69,389,5,10,47,-7.189438
2462,-99,59,69,389,4,12,48,-inf
2462,-99,54,69,389,4,11,47,-17.335388
2462,-99,61,69,389,5,13,47,-15.827850
2462,-99,52,69,389,5,9,47,-10.622925
2462,-99,55,69,389,4,11,47,-18.695129
2462,-99,54,69,389,5,11,47,-inf
2462,-99,46,69,389,6,13,47,-16.455124
2462,-99,50,69,389,5,9,46,-10.250450
2462,-99,47,69,389,5,13,47,-11.047661
2462,-99,57,69,389,4,12,47,-inf
2462,-99,54,69,389,3,12,47,-13.409782
2462,-99,50,69,389,3,11,47,-inf
2462,-99,50,69,389,5,9,47,-10.652573
2462,-99,52,69,389,5,12,47,-10.593079
2462,-99,46,69,389,4,11,47,-18.600708
2462,-99,44,69,389,4,13,47,-7.139435
2462,-99,42,69,389,5,11,47,-17.174835
2462,-99,46,69,389,5,10,47,-inf
2462,-99,51,69,389,4,12,47,-inf
2462,-99,51,69,389,4,10,47,-inf
2462,-99,52,69,389,4,10,47,-17.205742
2462,-99,49,69,389,5,12,47,-16.702614
2462,-99,49,69,389,4,13,47,-8.444145
2462,-99,57,69,389,4,11,48,-12.258270
2462,-99,59,69,389,5,11,47,-16.875206
2462,-99,53,69,389,5,12,47,-10.938400
2462,-99,53,69,389,4,10,47,-17.875206
2462,-99,52,69,389,3,9,48,-inf
2462,-99,54,69,389,5,10,48,-11.409782
2462,-99,60,69,389,5,11,47,-10.502289
2462,-99,61,69,389,4,11,48,-12.483597
2462,-99,55,69,389,3,11,47,-13.020599
2462,-99,48,69,389,6,12,47,-16.648178
2462,-99,53,69,389,4,10,47,-inf
2462,-99,48,69,389,5,11,47,-inf
2462,-99,47,69,389,3,12,48,-20.443924
2462,-99,47,69,389,4,11,47,-11.346603
2462,-99,45,69,389,5,11,47,-10.378189
2462,-99,46,69,389,4,13,47,-inf
2462,-99,49,69,389,4,10,47,-inf
2462,-99,51,69,389,5,10,47,-10.409546
2462,-99,48,69,389,5,9,47,-inf
2462,-99,54,69,389,4,10,48,-12.483597
2462,-99,53,69,389,5,10,47,-17.430382
2462,-99,62,69,389,5,10,48,-17.764618
2462,-99,48,69,389,4,11,47,-11.740311
2462,-99,47,69,389,4,9,47,-11.017441
2462,-99,40,69,389,5,13,47,-11.744019
2462,-99,48,69,389,6,11,47,-5.760910
2462,-99,49,69,389,6,11,47,-inf
2462,-99,51,69,389,6,10,47,-inf
2462,-99,48,69,389,5,10,47,-10.993370
2462,-99,40,69,389,6,11,46,-14.492180
2462,-99,50,69,389,5,12,47,-17.855576
2462,-99,48,69,389,4,10,47,-11.409546
2462,-99,49,69,388,6,11,47,-inf
2462,-99,52,69,388,6,11,47,-10.283890
2462,-99,51,69,388,5,10,47,-10.563026
2462,-99,53,69,388,4,13,47,-18.671715
2462,-99,52,69,388,5,11,47,-inf
2462,-99,55,69,388,4,11,47,-10.432632
2462,-99,48,69,388,5,14,47,-17.455124
2462,-99,62,69,388,6,9,47,-8.913620
2462,-99,49,69,388,4,11,48,-18.944664
2462,-99,46,69,388,5,13,47,-7.937302
2462,-99,49,69,388,5,14,48,-11.879745
2462,-99,41,69,388,4,11,47,-8.658653
2462,-99,41,69,388,4,11,47,-13.054359
2462,-99,38,69,388,5,10,47,-10.882721
2462,-99,48,69,388,5,9,47,-15.755470
2462,-99,46,69,388,5,13,48,-18.521828
2462,-99,49,69,388,4,11,47,-inf
2462,-99,54,69,388,4,8,47,-18.552719
2462,-99,51,69,388,4,12,48,-9.335587
2462,-99,51,69,388,3,12,47,-18.986572
2462,-99,46,69,388,4,9,46,-17.038040
2462,-99,43,69,388,4,12,47,-18.576782
2462,-99,42,69,388,6,12,47,-10.154236
2462,-99,55,69,388,5,9,47,-16.335388
2462,-99,44,69,388,3,12,47,-12.854607
2462,-99,52,69,388,4,12,47,-11.563026
2462,-99,47,69,388,4,12,47,-17.673172
2462,-99,51,69,388,5,11,47,-10.938400
2462,-99,38,69,388,4,10,47,-18.041199
2462,-99,46,69,388,5,12,47,-16.846916
2462,-99,45,69,388,5,11,47,-17.121872
2462,-99,45,69,388,5,12,47,-8.290588
2462,-99,55,69,388,6,12,48,-inf
2462,-99,53,69,388,5,11,47,-16.760910
2462,-99,52,69,388,5,11,47,-10.118835
2462,-99,57,69,388,4,10,47,-17.398788
2462,-99,48,69,388,5,11,47,-7.986099
2462,-99,41,69,388,4,11,47,-inf
2462,-99,46,69,388,5,9,46,-16.760910
2462,-99,50,69,388,2,11,47,-19.903320
2462,-99,48,69,388,4,9,47,-17.760910
2462,-99,41,69,388,6,11,46,-8.623978
2462,-99,53,69,388,5,12,47,-16.238518
2462,-99,45,69,388,4,13,47,-8.812859
2462,-99,45,69,388,5,14,48,-12.501228
2462,-99,52,69,388,5,10,47,-9.878448
2462,-99,53,69,388,5,11,47,-11.047661
2462,-99,43,69,388,5,14,47,-18.222198
2462,-99,49,69,388,3,10,47,-inf
2462,-99,42,69,388,3,12,47,-13.101273
2462,-99,48,69,388,5,12,47,-inf
2462,-99,48,69,388,3,10,46,-11.353668
2462,-99,51,69,388,4,12,47,-12.879745
2462,-99,57,69,388,4,11,48,-12.697815
2462,-99,50,69,388,4,13,47,-inf
2462,-99,55,69,388,4,13,47,-18.329964
2462,-99,52,69,388,4,12,48,-19.404442
2462,-99,50,69,388,3,12,47,-12.378189
2462,-99,50,69,388,3,11,47,-18.172714
2462,-99,43,69,388,5,10,46,-inf
2462,-99,50,69,388,4,11,47,-11.938400
2462,-99,53,69,388,5,11,48,-inf
2462,-99,57,69,388,4,12,48,-13.139107
2462,-99,52,69,388,6,12,47,-15.303337
2462,-99,47,69,388,4,11,47,-12.834976
2462,-99,55,69,388,4,13,47,-17.986572
2462,-99,51,69,388,4,11,47,-12.697815
2462,-99,50,69,388,5,11,47,-11.627579
2462,-99,49,69,388,4,11,47,-inf
2462,-99,42,69,388,4,10,47,-inf
2462,-99,38,69,388,5,10,47,-7.471542
2462,-99,42,69,388,4,14,47,-13.075699
2462,-99,47,69,388,4,12,47,-8.101105
2462,-99,44,69,388,3,11,47,-19.329964
2462,-99,46,69,388,6,10,46,-9.346603
2462,-99,47,69,388,6,11,47,-10.283890
2462,-99,45,69,388,4,12,48,-19.404442
2462,-99,50,69,388,6,12,47,-inf
2462,-99,41,74,384,4,12,51,-23.092697
2462,-99,43,74,384,5,14,52,-11.452995
2462,-99,44,69,389,5,9,46,-10.250450
2462,-99,48,69,389,6,12,48,-inf
2462,-99,50,69,389,6,10,46,-15.461281
2462,-99,44,69,389,3,11,47,-19.013969
2462,-99,44,69,389,4,13,47,-inf
2462,-99,40,69,389,5,10,47,-17.380463
2462,-99,41,69,389,5,10,47,-17.355286
2462,-99,45,69,389,4,11,47,-11.938400
2462,-99,43,69,389,4,12,47,-12.409782
2462,-99,46,69,389,6,10,46,-8.548447
2462,-99,45,69,389,5,10,46,-16.398788
2462,-99,52,69,389,6,10,47,-10.232498
2462,-99,51,69,388,5,11,47,-17.095154
2462,-99,47,69,388,5,10,46,-16.367203
2462,-99,44,69,388,5,14,47,-16.172714
2462,-99,53,69,388,4,11,48,-inf
2462,-99,52,69,388,4,10,47,-12.434525
2462,-99,41,69,388,6,10,46,-9.440681
2462,-99,49,69,388,5,12,46,-inf
2462,-99,50,69,388,5,11,48,-18.502480
2462,-99,50,69,388,5,12,46,-inf
2462,-99,51,69,388,3,13,47,-6.862122
2462,-99,48,69,388,5,11,47,-16.430145
2462,-99,50,69,388,5,11,47,-16.367203
2462,-99,43,69,388,5,11,47,-inf
2462,-99,41,69,388,5,13,47,-inf
2462,-99,45,69,388,5,12,47,-10.882721
2462,-99,40,69,388,5,11,47,-17.041199
2462,-99,36,69,388,4,13,48,-19.579346
2462,-99,47,69,388,5,10,47,-10.910645
2462,-99,45,69,388,5,10,46,-6.102150
2462,-99,43,69,388,5,12,47,-17.355286
2462,-99,46,69,388,5,12,47,-16.335388
2462,-99,49,69,388,6,9,46,-15.139435
2462,-99,47,69,388,5,12,47,-17.576782
2462,-99,50,69,388,5,9,47,-16.367203
2462,-99,55,69,388,3,9,47,-inf
2462,-99,49,69,388,4,12,46,-10.983109
2462,-99,46,69,388,4,10,46,-11.682014
2462,-99,49,69,388,3,9,47,-12.118835
2462,-99,46,69,388,5,12,48,-8.700394
2462,-99,51,69,388,4,9,46,-17.367203
2462,-99,42,69,388,3,11,46,-11.878448
2462,-99,42,69,388,5,14,47,-17.121872
2462,-99,43,69,388,5,15,47,-11.283890
2462,-99,38,69,388,4,11,47,-17.643524
2462,-99,49,69,388,5,11,47,-11.154236
2462,-99,43,69,388,5,14,47,-inf
2462,-99,38,69,388,5,10,46,-inf
2462,-99,47,69,388,4,11,46,-10.771210
2462,-99,50,69,388,4,11,47,-8.101105
2462,-99,46,69,388,5,10,46,-inf
2462,-99,46,69,388,3,12,47,-10.034363
2462,-99,43,69,388,5,10,46,-inf
2462,-99,49,69,388,4,12,48,-13.323936
2462,-99,50,69,388,5,9,46,-7.101105
2462,-99,42,69,388,3,14,48,-13.744019
2462,-99,45,69,388,3,11,47,-19.922562
2462,-99,46,69,388,4,12,47,-12.744019
2462,-99,42,69,388,5,12,47,-5.947334
2462,-99,46,69,388,4,11,47,-inf
2462,-99,46,69,388,5,12,47,-inf
2462,-99,40,69,388,5,10,47,-10.185143
2462,-99,57,69,388,3,11,47,-19.405495
2462,-99,54,69,388,5,11,47,-17.201080
2462,-99,45,69,388,5,10,46,-10.409546
5180,-102,844,68,392,10,15,187,-7.493271
5180,-102,846,68,392,8,12,186,-9.801880
5180,-102,840,68,392,11,14,188,-6.385605
5180,-102,844,68,392,10,16,186,-7.285355
5180,-102,842,68,392,11,12,187,-6.263321
5180,-102,841,68,392,9,11,187,-8.267181
5180,-102,851,68,392,10,13,186,-8.210968
5180,-102,851,68,392,9,12,186,-8.351646
5180,-102,843,68,392,9,13,187,-8.095612
5180,-102,842,68,392,9,13,187,-8.090118
5180,-102,844,68,392,11,13,186,-6.488174
5180,-102,839,68,392,8,12,185,-10.201324
5180,-102,848,68,392,10,11,187,-7.535568
5180,-102,847,68,392,11,13,187,-6.628815
5180,-102,846,68,392,10,12,187,-7.455200
5180,-102,845,68,392,10,12,186,-7.478043
5180,-102,844,68,392,11,15,186,-7.232010
5180,-102,846,68,392,11,11,187,-6.579041
5180,-102,845,68,392,9,12,187,-8.406197
5180,-102,845,68,392,10,13,187,-7.672890
5180,-102,849,68,392,10,11,186,-7.319992
5180,-102,844,68,392,7,11,186,-10.120972
5180,-102,845,68,392,10,14,187,-7.216400
5180,-102,838,68,392,11,11,185,-6.871918
5180,-102,844,68,392,8,10,186,-9.160019
5180,-102,846,68,392,10,10,186,-7.837753
5180,-102,844,68,392,11,11,186,-6.535950
5180,-102,846,68,392,8,12,186,-9.845734
5180,-102,843,68,392,9,12,187,-7.876801
5180,-102,844,68,392,11,12,186,-7.284317
5180,-102,846,68,392,10,13,187,-7.339020
5180,-102,839,68,392,9,12,186,-8.398628
5180,-102,845,68,392,9,14,187,-8.247429
5180,-102,839,68,392,9,13,186,-8.419281
5180,-102,841,68,392,11,14,186,-6.622177
5180,-102,846,68,392,9,11,186,-8.283852
5180,-102,844,68,392,7,11,186,-10.265549
5180,-102,843,68,392,10,12,186,-7.499763
5180,-102,846,68,392,10,13,187,-8.329323
5180,-102,845,68,392,9,12,187,-8.216614
5180,-102,846,68,392,10,16,188,-7.271225
5180,-102,847,68,392,9,11,186,-7.922791
5180,-102,847,68,392,8,11,187,-9.547424
5180,-102,844,68,392,10,13,187,-7.922699
5180,-102,841,68,392,9,11,186,-8.825928
5180,-102,847,68,392,11,14,187,-6.182503
5180,-102,842,68,392,10,11,187,-7.029434
5180,-102,848,68,392,11,14,187,-6.205009
5180,-102,841,68,392,10,10,186,-7.567787
5180,-102,847,68,392,11,14,187,-6.150177
5180,-102,846,68,392,9,13,187,-8.142441
5180,-102,844,68,392,10,10,186,-7.186661
5180,-102,839,68,392,9,11,186,-8.402359
5180,-102,848,68,392,10,14,187,-7.422394
5180,-102,848,68,392,10,14,187,-7.439445
5180,-102,846,68,392,11,12,187,-6.376320
5180,-102,845,68,392,9,13,187,-8.155998
5180,-102,843,68,392,11,12,186,-7.271164
5180,-102,844,68,392,10,12,186,-7.632248
5180,-102,839,68,392,10,13,186,-6.999359
5180,-102,844,68,392,9,14,187,-8.477432
5180,-102,844,68,392,10,13,187,-7.218246
5180,-102,839,68,392,9,15,187,-8.175995
5180,-102,847,68,392,9,14,187,-8.231918
5180,-102,843,68,392,9,14,187,-8.245834
5180,-102,843,68,392,10,14,187,-7.334053
5180,-102,840,68,392,10,13,187,-7.048813
5180,-102,841,68,392,11,15,187,-6.629196
5180,-102,841,68,392,9,10,185,-8.322968
5180,-102,845,68,392,11,13,187,-6.217606
5180,-102,841,68,392,10,14,186,-7.319038
5180,-102,839,68,392,9,11,186,-8.424568
5180,-102,849,68,392,10,15,188,-7.064377
5180,-102,832,68,392,8,14,186,-9.558304
5180,-102,841,68,392,10,12,186,-7.555458
5180,-102,848,68,392,11,14,188,-6.545532
5180,-102,848,68,392,9,12,187,-8.904030
5180,-102,846,68,392,10,14,187,-7.334930
5180,-102,848,68,392,9,12,186,-8.838715
5180,-102,845,68,392,10,17,187,-7.269196
5180,-102,847,68,392,11,13,187,-6.681320
5180,-102,847,68,392,10,15,187,-7.193604
5180,-102,847,68,392,10,14,187,-7.683037
5180,-102,851,68,392,10,14,187,-7.381920
5180,-102,842,68,392,10,14,187,-7.992172
5180,-102,847,68,392,8,12,187,-9.210571
5180,-102,847,68,392,10,12,187,-6.995331
5180,-102,838,68,392,9,12,186,-8.156090
5180,-102,845,68,392,9,11,186,-8.108788
5180,-102,845,68,392,10,13,187,-7.355789
5180,-102,847,68,392,9,15,187,-8.169998
5180,-102,841,68,392,9,13,187,-8.458176
5180,-102,844,68,392,9,13,187,-8.536789
5180,-102,843,68,392,9,11,187,-8.440262
5180,-102,844,68,392,11,13,186,-6.414764
5180,-102,845,68,392,10,13,186,-7.655678
5180,-102,840,68,392,10,14,187,-7.644348
5180,-102,846,68,392,10,11,185,-7.151451
5180,-102,843,68,392,10,11,186,-7.253479
5180,-102,839,68,392,9,12,185,-8.224747
5180,-102,842,68,392,9,13,186,-8.221771
5180,-102,844,68,392,10,13,186,-7.547607
5180,-102,838,68,392,8,15,186,-9.278946
5180,-102,841,68,392,11,13,187,-6.136322
5180,-102,839,68,392,10,14,187,-7.960419
5180,-102,843,68,392,10,13,186,-7.417969
5180,-102,846,68,392,10,13,186,-8.218872
5180,-102,842,68,392,9,12,187,-8.702820
5180,-102,839,68,392,9,14,187,-8.324188
5180,-102,839,68,392,10,14,187,-7.447296
5180,-102,845,68,392,10,13,187,-7.448059
5180,-102,841,68,392,10,13,186,-7.406708
5180,-102,839,68,392,9,14,187,-8.156960
5180,-102,848,68,392,11,12,187,-7.283234
5180,-102,848,68,392,10,15,187,-7.433716
5180,-102,845,68,392,11,15,187,-6.667076
5180,-102,847,68,392,11,15,188,-6.342834
5180,-102,846,68,392,10,13,187,-7.352997
5180,-102,844,68,392,10,12,186,-7.392326
5180,-102,846,68,392,10,13,187,-7.513580
5180,-102,845,68,392,8,14,187,-9.245972
5180,-102,841,68,392,10,14,186,-7.288727
5180,-102,848,68,392,11,13,187,-6.130142
5180,-102,839,68,392,10,14,187,-7.324974
5180,-102,844,68,392,9,14,187,-8.390396
5180,-102,846,68,392,10,15,188,-8.353767
5180,-102,839,68,392,10,13,186,-7.087433
5180,-102,838,68,392,10,11,187,-7.377991
5180,-102,844,68,392,9,12,188,-8.343491
5180,-102,843,68,392,8,12,185,-9.487656
5180,-102,842,68,392,10,11,186,-7.424866
5180,-102,841,68,392,9,15,187,-8.086838
5180,-102,839,68,392,8,12,185,-10.200531
5180,-102,848,68,392,10,12,186,-7.210564
5180,-102,844,68,392,9,13,186,-9.302475
5180,-102,841,68,392,10,13,186,-7.859573
5180,-102,845,68,392,11,13,187,-6.245438
5180,-102,835,68,392,10,14,186,-7.220947
5180,-102,837,68,392,9,11,184,-8.209000
5180,-102,844,68,392,9,15,187,-9.300583
5180,-102,841,68,392,10,15,186,-7.120300
5180,-102,833,68,392,9,12,185,-8.185669
5180,-102,841,68,392,11,11,186,-6.438316
5180,-102,846,68,392,10,12,187,-7.684761
5180,-102,847,68,392,8,10,185,-9.820633
5180,-102,846,68,392,10,13,187,-7.017624
5180,-102,844,68,392,9,14,187,-8.893684
5180,-102,843,68,392,10,14,187,-7.515671
5180,-102,846,68,392,11,15,187,-6.129181
5180,-102,848,68,392,9,14,187,-8.281647
5180,-102,847,68,392,10,14,187,-7.304337
5180,-102,841,68,392,11,12,187,-6.562958
5180,-102,844,68,392,10,14,187,-7.199585
5180,-102,848,68,392,10,14,187,-7.471260
5180,-102,851,68,392,10,13,187,-7.061050
5180,-102,845,68,392,8,14,186,-9.530121
5180,-102,843,68,392,10,13,187,-7.561066
5180,-102,841,68,392,10,12,186,-8.287079
5180,-102,840,68,392,9,12,186,-8.614365
5180,-102,848,68,392,9,13,187,-9.319565
5180,-102,839,68,392,9,12,186,-8.440842
5180,-102,841,68,392,9,13,186,-8.284729
5180,-102,835,68,392,10,12,186,-7.302254
5180,-102,848,68,392,9,12,187,-8.425064
5180,-102,848,68,392,9,11,186,-8.216843
5180,-102,844,68,392,9,12,187,-8.268646
5180,-102,845,68,392,10,15,187,-7.294960
5180,-102,844,68,392,9,13,186,-8.223145
5180,-102,844,68,392,9,12,186,-8.538010
5180,-102,846,68,392,10,13,186,-7.868164
5180,-102,846,68,392,9,12,186,-8.202095
5180,-102,847,68,392,9,13,187,-8.613068
5180,-102,844,68,392,9,14,187,-8.574341
5180,-102,844,68,392,10,12,186,-7.841827
5180,-102,842,68,392,9,13,187,-8.357758
5180,-102,845,68,392,11,14,187,-6.582047
5180,-102,845,68,392,8,13,187,-10.269592
5180,-102,843,68,392,10,14,187,-7.960335
5180,-102,844,68,392,9,14,187,-8.340019
5180,-102,840,68,392,9,14,187,-8.071541
5180,-102,845,68,392,10,13,187,-7.683090
5180,-102,843,68,392,9,11,186,-8.476936
5180,-102,845,68,392,9,13,186,-8.075294
5180,-102,842,68,392,12,13,187,-5.163605
5180,-102,845,68,392,9,13,186,-8.245285
5180,-102,844,68,392,11,12,186,-6.891891
5180,-102,843,68,392,10,11,187,-7.350586
5180,-102,849,68,392,10,14,187,-7.253082
5180,-102,849,68,392,9,13,186,-8.165604
5180,-102,840,68,392,11,12,186,-6.013000
5180,-102,845,68,392,9,13,186,-8.249222
5180,-102,844,68,392,11,13,187,-6.313385
5180,-102,846,68,392,10,11,187,-7.144913
5180,-102,845,68,392,8,12,187,-9.534065
5180,-102,843,68,392,8,14,187,-10.286980
5180,-102,845,68,392,9,12,186,-8.145798
5180,-102,848,68,392,9,13,187,-9.240097
5180,-102,843,68,392,11,12,186,-6.644913
5180,-102,846,68,392,7,12,187,-10.564957
5180,-102,844,68,392,10,11,185,-8.194504
5180,-102,843,68,392,9,13,187,-8.667953
5180,-102,844,68,392,11,14,186,-7.255524
5180,-102,837,68,392,8,13,185,-9.808113
5180,-102,845,68,392,9,13,186,-8.495796
5180,-102,841,68,392,10,14,187,-7.457565
5180,-102,844,68,392,8,13,186,-9.390915
5180,-102,843,68,392,9,13,186,-8.621292
5180,-102,844,68,392,9,12,187,-8.521790
5180,-102,845,68,392,9,12,187,-8.903969
5180,-102,840,68,392,11,13,186,-6.918564
5180,-102,847,68,392,9,14,187,-8.332306
5180,-102,845,68,392,11,11,187,-6.557083
5180,-102,844,68,392,11,11,187,-7.283737
5180,-102,844,68,392,9,14,187,-8.322311
5180,-102,847,68,392,9,11,185,-8.184944
5180,-102,839,68,392,9,15,187,-8.304764
5180,-102,838,68,392,8,12,186,-9.684265
5180,-102,847,68,392,10,12,186,-7.789146
5180,-102,845,68,392,10,10,186,-7.425873
5180,-102,842,68,392,10,13,187,-7.343094
5180,-102,845,68,392,9,11,186,-8.522018
5180,-102,839,68,392,10,12,186,-7.614746
5180,-102,841,68,392,9,12,186,-8.170959
5180,-102,844,68,392,9,13,187,-8.577057
5180,-102,844,68,392,9,13,187,-8.488113
5180,-102,839,68,392,10,13,186,-7.022079
5180,-102,841,68,392,9,12,186,-8.130630
5180,-102,848,68,392,10,16,188,-7.323273
5180,-102,849,68,392,9,11,186,-8.026627
5180,-102,847,68,392,11,13,187,-6.661987
5180,-102,845,68,392,9,13,187,-8.423630
5180,-102,845,68,392,8,13,186,-9.837944
5180,-102,846,68,392,10,12,186,-7.503395
5180,-102,840,68,392,10,13,185,-7.864716
5180,-102,844,68,392,9,10,186,-8.306961
5180,-102,837,68,392,9,13,187,-8.695267
5180,-102,846,68,392,11,12,186,-6.604935
5180,-102,846,68,392,9,13,185,-8.822182
5180,-102,842,68,392,11,13,186,-6.287819
5180,-102,850,68,392,10,14,188,-7.628494
5180,-102,838,68,392,10,13,186,-7.601334
5180,-102,847,68,392,10,13,187,-7.377151
5180,-102,843,68,392,9,13,187,-8.233589
5180,-102,843,68,392,11,13,187,-6.023911
5180,-102,843,68,392,10,13,187,-7.236305
5180,-102,843,68,392,10,13,186,-7.893982
5180,-102,848,68,392,9,10,185,-8.223671
5180,-102,846,68,392,11,12,188,-6.285271
5180,-102,842,68,392,11,13,186,-6.290543
5180,-102,846,68,392,10,11,186,-7.422699
5180,-102,840,68,392,9,12,186,-8.393936
5180,-102,846,68,392,9,10,187,-8.279335
5180,-102,841,68,392,10,12,185,-7.462463
5180,-102,842,68,392,10,13,186,-8.260353
5180,-102,844,68,392,8,12,185,-9.589310
5180,-102,848,68,392,10,12,187,-7.039650
5180,-102,845,68,392,10,11,186,-7.298157
5180,-102,846,68,392,10,12,186,-7.140831
5180,-102,845,68,392,10,13,187,-7.443253
5180,-102,840,68,392,8,12,187,-9.903214
5180,-102,839,68,392,8,14,186,-9.377899
5180,-102,842,68,392,8,12,186,-9.820488
5180,-102,850,68,392,9,11,187,-9.269638
5180,-102,849,68,392,9,10,187,-8.323128
5180,-102,845,68,392,9,13,187,-8.519508
5180,-102,847,68,392,9,12,187,-8.650291
5180,-102,844,68,392,8,13,186,-9.867737
5180,-102,843,68,392,9,12,186,-8.393082
5180,-102,837,68,392,10,13,187,-7.167061
5180,-102,845,68,392,8,13,186,-9.589279
5180,-102,848,68,392,10,12,186,-7.223099
5180,-102,840,68,392,8,13,187,-9.897636
5180,-102,839,68,392,9,13,186,-9.219849
5180,-102,846,68,392,9,14,187,-8.569290
5180,-102,844,68,392,10,13,187,-7.268524
5180,-102,846,68,392,10,14,187,-7.556595
5180,-102,850,68,392,9,13,187,-8.240265
5180,-102,837,68,392,9,14,187,-8.963722
5180,-102,844,68,392,10,13,186,-7.006950
5180,-102,841,68,392,9,14,186,-8.528000
5180,-102,847,68,392,9,12,186,-9.248718
5180,-102,844,68,392,9,13,187,-8.414764
5180,-102,846,68,392,10,17,188,-7.634720
5180,-102,844,68,392,10,14,187,-8.307953
5180,-102,842,68,392,11,13,187,-6.569153
5180,-102,840,68,392,8,13,186,-9.681900
5180,-102,844,68,392,9,15,187,-9.313934
5180,-102,845,68,392,9,13,187,-8.300392
5180,-102,842,68,392,10,11,187,-7.082077
5180,-102,838,68,392,10,15,186,-7.865372
5180,-102,844,68,392,10,13,186,-7.622993
5180,-102,842,68,392,10,13,187,-7.599747
5180,-102,846,68,392,11,13,187,-6.288361
5180,-102,840,68,392,8,10,186,-9.398468
5180,-102,844,68,392,9,14,187,-8.512360
5180,-102,838,68,392,8,14,187,-9.021881
5180,-102,841,68,392,10,11,187,-7.146622
5180,-102,841,68,392,9,14,187,-8.336258
5180,-102,845,68,392,9,13,186,-8.656952
5180,-102,842,68,392,9,11,187,-8.899857
5180,-102,844,68,392,8,12,186,-9.173035
5180,-102,842,68,392,9,13,185,-8.069176
5180,-102,842,68,392,11,11,186,-6.263588
5180,-102,847,68,392,8,13,187,-9.587112
5180,-102,843,68,392,10,11,185,-7.581573
5180,-102,843,68,392,11,12,186,-6.891914
5180,-102,842,68,392,10,11,186,-7.171104
5180,-102,843,68,392,9,13,186,-9.217102
5180,-102,844,68,392,10,14,187,-7.908897
5180,-102,849,68,392,9,10,186,-8.251907
5180,-102,847,68,392,10,11,186,-8.237534
5180,-102,838,68,392,10,13,187,-7.595749
5180,-102,839,68,392,9,13,186,-8.883400
5180,-102,846,68,392,11,14,186,-6.079697
5180,-102,841,68,392,9,12,187,-8.700958
5180,-102,847,68,392,8,13,187,-9.079437
5180,-102,847,68,392,11,12,185,-7.191765
5180,-102,838,68,392,10,12,186,-8.241959
5180,-102,847,68,392,10,14,187,-7.227875
5180,-102,840,68,392,8,12,186,-9.638229
5180,-102,844,68,392,9,9,186,-9.267326
5180,-102,842,68,392,10,14,187,-7.625946
5180,-102,842,68,392,11,13,187,-6.415215
5180,-102,839,68,392,10,15,187,-8.324173
5180,-102,845,68,392,10,14,187,-7.343811
5180,-102,847,68,392,9,12,186,-8.222176
5180,-102,845,68,392,10,13,186,-7.539658
5180,-102,849,68,392,9,13,187,-8.445114
5180,-102,848,68,392,10,13,187,-7.322769
5180,-102,847,68,392,11,14,187,-6.500626
5180,-102,844,68,392,10,14,187,-7.280960
5180,-102,845,68,392,10,14,187,-7.244690
5180,-102,848,68,392,8,15,187,-9.335022
5180,-102,845,68,392,8,13,186,-9.264397
5180,-102,847,68,392,11,13,187,-6.557426
5180,-102,848,68,392,9,13,187,-8.141998
5180,-102,849,68,392,9,14,187,-8.105087
5180,-102,847,68,392,9,13,187,-8.922157
5180,-102,843,68,392,10,12,186,-7.122772
5180,-102,844,68,392,8,12,185,-9.069977
5180,-102,850,68,392,11,13,187,-6.588516
5180,-102,847,68,392,9,11,187,-9.301071
5180,-102,847,68,392,10,14,187,-7.200775
5180,-102,846,68,392,11,14,187,-6.102554
5180,-102,840,68,392,8,13,186,-9.424110
5180,-102,844,68,392,9,12,186,-8.406464
5180,-102,840,68,392,9,11,185,-9.193420
5180,-102,848,68,392,10,13,187,-7.459808
5180,-102,844,68,392,8,13,187,-9.241226
5180,-102,841,68,392,9,13,187,-9.300446
5180,-102,846,68,392,10,14,187,-7.366592
5180,-102,847,68,392,9,14,187,-9.283997
5180,-102,845,68,392,9,14,187,-9.294861
5180,-102,844,68,392,11,12,187,-6.435303
5180,-102,847,68,392,10,12,187,-7.250229
5180,-102,845,68,392,10,14,187,-7.161026
5180,-102,847,68,392,10,15,187,-8.287910
5180,-102,841,68,392,10,10,186,-7.258270
5180,-102,846,68,392,10,13,187,-7.756073
5180,-102,843,68,392,10,14,186,-6.860268
5180,-102,848,68,392,12,13,187,-5.151154
5180,-102,848,68,392,11,13,187,-6.574425
5180,-102,848,68,392,8,14,187,-9.096420
5180,-102,846,68,392,11,12,186,-6.859535
5180,-102,847,68,392,10,12,187,-7.592728
5180,-102,846,68,392,9,11,185,-7.931152
5180,-102,839,68,392,10,12,187,-7.184601
5180,-102,849,68,392,10,17,188,-7.613037
5180,-102,844,68,392,8,12,185,-10.226952
5180,-102,849,68,392,12,11,186,-5.594818
5180,-102,846,68,392,10,13,187,-7.699913
5180,-102,844,68,392,10,12,186,-7.198898
5180,-102,845,68,392,10,14,185,-7.044342
5180,-102,843,68,392,10,12,186,-7.528305
5180,-102,843,68,392,7,11,186,-10.281952
5180,-102,845,68,392,10,14,187,-7.654419
5180,-102,843,68,392,10,13,187,-7.452301
5180,-102,840,68,392,10,13,186,-7.393448
5180,-102,844,68,392,10,11,187,-7.231941
5180,-102,841,68,392,10,12,186,-7.515045
5180,-102,845,68,392,9,11,186,-8.509605
5180,-102,842,68,392,11,13,187,-6.156891
5180,-102,849,68,392,8,11,187,-10.285995
5180,-102,839,68,392,11,11,186,-6.228561
5180,-102,844,68,392,10,11,186,-7.494110
5180,-102,848,68,392,10,14,187,-7.197769
5180,-102,845,68,392,10,11,187,-7.633423
5180,-102,839,68,392,10,13,186,-7.901619
5180,-102,836,68,392,10,12,186,-7.884842
5180,-102,839,68,392,9,13,187,-8.697540
5180,-102,836,68,392,11,14,187,-6.385956
5180,-102,843,68,392,9,14,187,-7.980385
5180,-102,834,68,392,9,12,186,-9.295334
5180,-102,846,68,392,10,13,187,-7.526146
5180,-102,845,68,392,9,14,187,-8.038277
5180,-102,842,68,392,9,14,187,-8.151825
5180,-102,848,68,392,10,14,187,-7.328606
5180,-102,845,68,392,9,12,187,-8.443237
5180,-102,846,68,392,9,13,187,-8.282448
5180,-102,844,68,392,10,10,186,-7.177338
5180,-102,843,68,392,8,12,187,-9.661301
5180,-102,847,68,392,10,12,187,-8.296890
5180,-102,845,68,392,9,11,187,-8.363701
5180,-102,837,68,392,10,11,187,-7.322937
5180,-102,845,68,392,10,13,186,-7.655914
5180,-102,848,68,392,11,11,187,-6.626953
5180,-102,843,68,392,8,10,186,-9.109528
5180,-102,846,68,392,8,12,187,-9.922928
5180,-102,845,68,392,9,12,186,-8.552200
5180,-102,835,68,392,10,13,186,-7.359406
5180,-102,845,68,392,10,14,187,-7.602859
5180,-102,841,68,392,9,13,187,-8.464844
5180,-102,841,68,392,10,12,186,-7.534180
5180,-102,840,68,392,12,12,186,-5.564316
5180,-102,848,68,392,9,12,187,-9.246750
5180,-102,841,68,392,10,11,186,-7.270653
5180,-102,845,68,392,11,13,186,-6.620537
5180,-102,843,68,392,8,13,187,-9.158066
5180,-102,845,68,392,10,11,186,-7.386719
5180,-102,841,68,392,9,14,187,-8.246460
5180,-102,842,68,392,10,13,187,-7.305740
5180,-102,842,68,392,10,11,185,-7.802155
5180,-102,839,68,392,10,14,187,-7.450424
5180,-102,842,68,392,10,12,186,-7.491318
5180,-102,839,68,392,11,10,185,-6.598480
5180,-102,845,68,392,12,14,187,-5.584000
5180,-102,846,68,392,10,11,187,-7.022339
5180,-102,840,68,392,9,12,186,-8.279884
5180,-102,847,68,392,10,12,186,-7.381287
5180,-102,841,68,392,8,13,187,-9.211578
5180,-102,841,68,392,10,14,187,-7.136566
5180,-102,847,68,392,10,14,187,-7.131058
5180,-102,846,68,392,12,16,187,-5.343941
5180,-102,849,68,392,10,15,187,-7.284882
5180,-102,843,68,392,9,14,187,-8.931831
5180,-102,845,68,392,9,12,185,-8.441635
5180,-102,847,68,392,9,12,187,-8.080925
5180,-102,844,68,392,10,14,187,-7.937477
5180,-102,846,68,392,8,12,187,-9.428177
5180,-102,848,68,392,9,12,186,-8.069504
5180,-102,848,68,392,8,13,187,-9.418365
5180,-102,848,68,392,8,12,186,-9.003616
5180,-102,846,68,392,10,13,187,-7.577339
5180,-102,847,68,392,9,14,186,-8.384491
5180,-102,846,68,392,10,13,187,-7.640869
5180,-102,849,68,392,8,13,187,-9.209839
5180,-102,847,68,392,10,13,187,-7.530075
5180,-102,846,68,392,10,13,187,-7.080849
5180,-102,844,68,392,10,12,187,-7.620087
5180,-102,845,68,392,9,14,187,-8.223343
5180,-102,849,68,392,10,9,185,-7.244987
5180,-102,844,68,392,10,12,187,-7.360786
5180,-102,844,68,392,10,12,187,-7.462486
5180,-102,843,68,392,11,14,187,-6.210960
5180,-102,842,68,392,12,11,186,-5.675331
5180,-102,843,68,392,10,15,186,-7.618851
5180,-102,845,68,392,9,12,186,-8.606094
5180,-102,842,68,392,10,16,187,-8.305038
5180,-102,843,68,392,10,15,187,-8.307419
5180,-102,843,68,392,10,11,186,-7.643517
5180,-102,843,68,392,10,15,187,-7.452507
5180,-102,846,68,392,11,16,187,-7.258835
5180,-102,845,68,392,10,14,187,-7.230782
5180,-102,848,68,392,10,13,186,-7.901001
5180,-102,844,68,392,9,15,187,-8.338524
5180,-102,843,68,392,10,14,187,-7.331879
5180,-102,843,68,392,10,14,187,-7.364548
5180,-102,846,68,392,9,12,186,-9.221245
5180,-102,845,68,392,10,11,187,-7.695587
5180,-102,848,68,392,11,13,188,-6.428963
5180,-102,844,68,392,8,14,187,-9.267365
5180,-102,846,68,392,10,11,186,-7.022812
5180,-102,844,68,392,8,14,186,-9.325928
5180,-102,843,68,392,9,13,187,-8.139893
5180,-102,843,68,392,12,14,187,-5.157021
5180,-102,845,68,392,10,12,187,-8.267349
5180,-102,841,68,392,9,13,186,-8.412766
5180,-102,843,68,392,8,13,187,-9.108658
5180,-102,845,68,392,11,13,186,-6.240677
5180,-102,843,68,392,9,11,185,-8.141922
5180,-102,843,68,392,9,13,185,-8.408249
5180,-102,836,68,392,10,14,187,-7.396637
5180,-102,844,68,392,9,13,186,-8.505112
5180,-102,843,68,392,10,14,187,-7.461838
5180,-102,844,68,392,11,12,186,-6.324806
5180,-102,844,68,392,7,11,185,-10.836182
5180,-102,847,68,392,9,12,186,-9.274574
5180,-102,839,68,392,8,11,187,-9.637970
5180,-102,844,68,392,9,14,186,-8.643890
5180,-102,843,68,392,9,13,187,-8.874672
5180,-102,843,68,392,9,11,186,-7.989304
5180,-102,843,68,392,10,12,186,-7.276443
5180,-102,844,68,392,8,13,187,-9.574173
5180,-102,846,68,392,10,11,187,-7.230034
5180,-102,846,68,392,9,12,186,-8.856049
5180,-102,839,68,392,10,12,186,-7.294815
5180,-102,839,68,392,8,14,186,-8.938354
5180,-102,845,68,392,9,15,187,-8.471054
5180,-102,844,68,392,10,13,187,-7.108307
5180,-102,842,68,392,11,14,186,-6.133690
5180,-102,842,68,392,10,14,186,-7.325584
5180,-102,838,68,392,11,12,187,-6.436737
5180,-102,839,68,392,9,13,186,-9.256226
5180,-102,840,68,392,10,11,185,-7.321350
5180,-102,843,68,392,11,13,186,-6.181030
5180,-102,848,68,392,8,11,186,-9.070312
5180,-102,842,68,392,10,12,186,-7.221985
5180,-102,846,68,392,9,14,187,-8.181587
5180,-102,845,68,392,10,12,187,-7.266212
5180,-102,843,68,392,9,14,187,-8.677063
5180,-102,845,68,392,10,14,187,-7.917557
5180,-102,839,68,392,10,13,185,-7.377975
5180,-102,846,68,392,8,13,187,-9.106094
5180,-102,848,68,392,8,13,188,-9.962082
5180,-102,840,68,392,9,14,187,-8.027191
5180,-102,845,68,392,10,12,186,-7.643799
5180,-102,845,68,392,10,15,187,-7.326279
5180,-102,840,68,392,8,9,185,-9.192940
5180,-102,847,68,392,11,13,187,-6.983780
5180,-102,843,68,392,10,13,188,-7.536880
5180,-102,845,68,392,8,11,186,-9.528076
5180,-102,847,68,392,9,13,187,-8.306198
5180,-102,846,68,392,10,15,187,-7.918694
5180,-102,843,68,392,9,11,186,-9.272552
5180,-102,843,68,392,9,12,187,-8.926498
5180,-102,839,68,392,9,11,187,-8.469620
5180,-102,845,68,392,11,10,186,-6.860809
5180,-102,845,68,392,11,12,187,-6.690895
5180,-102,842,68,392,8,13,187,-9.588745
5180,-102,851,68,392,9,10,187,-8.932404
5180,-102,846,68,392,11,13,187,-6.532234
5180,-102,847,68,392,8,10,186,-9.484474
5180,-102,843,68,392,9,10,186,-8.897217
5180,-102,851,68,392,10,13,187,-7.306046
5180,-102,845,68,392,10,12,187,-7.054047
5180,-102,846,68,392,8,12,186,-10.228058
5180,-102,847,68,392,9,13,187,-8.925491
5180,-102,843,68,392,9,13,186,-8.119476
5180,-102,843,68,392,10,13,187,-7.173775
5180,-102,849,68,392,12,11,187,-5.075485
5180,-102,848,68,392,9,12,186,-8.347504
5180,-102,851,68,392,8,13,187,-9.293381
5180,-102,851,68,392,8,9,186,-8.947510
5180,-102,847,68,392,9,13,187,-8.093056
5180,-102,844,68,392,11,13,186,-6.851891
5180,-102,849,68,392,9,16,188,-8.257690
5180,-102,839,68,392,11,11,185,-6.342804
5180,-102,843,68,392,9,11,187,-8.572006
5180,-102,846,68,392,10,13,187,-7.286621
5180,-102,842,68,392,8,12,186,-9.266235
5180,-102,849,68,392,11,12,186,-7.208603
5180,-102,842,68,392,8,10,185,-9.630356
5180,-102,844,68,392,9,10,185,-8.779510
5180,-102,850,68,392,10,14,187,-7.149963
5180,-102,846,68,392,10,10,186,-7.466751
5180,-102,843,68,392,10,12,186,-7.201210
5180,-102,841,68,392,9,15,187,-8.066544
5180,-102,848,68,392,9,13,187,-8.280838
5180,-102,846,68,392,9,11,186,-8.556610
5180,-102,838,68,392,8,11,187,-9.366402
5180,-102,847,68,392,10,13,187,-8.283562
5180,-102,844,68,392,7,13,186,-10.398857
5180,-102,847,68,392,10,12,187,-7.165176
5180,-102,845,68,392,7,10,187,-10.293518
5180,-102,844,68,392,9,14,186,-8.486649
5180,-102,849,68,392,9,14,188,-9.334641
5180,-102,843,68,392,10,10,186,-7.277000
5180,-102,847,68,392,9,11,187,-8.258240
5180,-102,843,68,392,10,10,186,-8.268074
5180,-102,846,68,392,9,11,187,-8.277969
5180,-102,835,68,392,11,11,185,-6.290924
5180,-102,844,68,392,11,13,186,-6.870178
5180,-102,843,68,392,8,15,187,-9.533318
5180,-102,846,68,392,7,13,187,-10.460815
5180,-102,841,68,392,10,15,187,-7.469299
5180,-102,847,68,392,10,13,187,-7.093925
5180,-102,842,68,392,12,12,186,-5.910385
5180,-102,839,68,392,8,15,187,-10.003082
5180,-102,843,68,392,10,10,187,-7.445511
5180,-102,843,68,392,10,12,186,-7.484192
5180,-102,848,68,392,10,12,186,-7.570618
5180,-102,846,68,392,9,13,187,-9.262978
5180,-102,848,68,392,9,15,187,-9.242462
5180,-102,845,68,392,9,12,186,-8.417404
5180,-102,846,68,392,10,13,187,-7.582184
5180,-102,847,68,392,10,10,186,-7.309418
5180,-102,841,68,392,9,13,188,-8.087540
5180,-102,841,68,392,9,11,185,-8.425049
5180,-102,848,68,392,10,14,187,-7.002945
5180,-102,850,68,392,9,14,187,-8.883461
5180,-102,845,68,392,10,12,187,-7.076439
5180,-102,848,68,392,10,10,187,-7.447479
5180,-102,842,68,392,10,13,187,-8.294701
5180,-102,842,68,392,8,10,186,-9.275604
5180,-102,845,68,392,8,13,186,-9.115036
5180,-102,844,68,392,9,15,187,-8.331238
5180,-102,847,68,392,10,11,185,-8.161575
5180,-102,834,68,392,8,13,186,-9.121246
5180,-102,840,68,392,10,12,186,-7.494141
5180,-102,845,68,392,9,12,185,-8.178314
5180,-102,844,68,392,9,13,187,-8.457047
5180,-102,846,68,392,9,14,187,-8.959427
5180,-102,843,68,392,9,13,186,-8.186508
5180,-102,847,68,392,10,13,187,-7.160225
5180,-102,848,68,392,10,12,187,-7.441772
5180,-102,846,68,392,9,11,187,-8.132782
5180,-102,848,68,392,11,14,187,-6.313744
5180,-102,842,68,392,9,13,186,-7.936340
5180,-102,845,68,392,9,13,187,-8.066406
5180,-102,841,68,392,10,14,187,-8.329468
5180,-102,835,68,392,9,11,185,-8.455704
5180,-102,846,68,392,11,12,187,-5.988586
5180,-102,842,68,392,9,11,187,-8.251251
5180,-102,850,68,392,7,15,187,-10.329010
5180,-102,844,68,392,8,11,186,-9.216354
5180,-102,843,68,392,12,12,187,-5.281342
5180,-102,844,68,392,10,13,186,-7.205482
5180,-102,844,68,392,9,15,187,-8.112564
5180,-102,846,68,392,9,13,187,-8.894798
5180,-102,846,68,392,9,11,187,-8.276947
5180,-102,848,68,392,10,13,187,-7.683899
5180,-102,843,68,392,11,13,187,-6.730225
5180,-102,848,68,392,8,12,186,-10.212341
5180,-102,849,68,392,11,13,187,-6.295135
5180,-102,845,68,392,10,12,187,-7.198227
5180,-102,846,68,392,9,14,187,-9.301872
5180,-102,847,68,392,11,13,185,-6.811539
5180,-102,843,68,392,11,14,187,-6.515320
5180,-102,845,68,392,11,14,186,-6.297035
5180,-102,848,68,392,10,15,187,-7.945221
5180,-102,843,68,392,10,11,186,-6.987946
5180,-102,844,68,392,9,14,186,-8.102531
5180,-102,841,68,392,8,10,186,-9.525757
5180,-102,846,68,392,10,13,186,-7.118668
5180,-102,839,68,392,11,13,186,-6.204803
5180,-102,843,68,392,12,13,187,-5.965118
5180,-102,842,68,392,10,12,186,-7.889351
5180,-102,840,68,392,9,12,186,-8.599396
5180,-102,842,68,392,10,11,186,-7.621292
5180,-102,846,68,392,9,12,186,-8.401505
5180,-102,843,68,392,9,12,187,-8.311485
5180,-102,846,68,392,10,13,186,-7.407242
5180,-102,849,68,392,9,12,186,-8.804459
5180,-102,845,68,392,10,13,186,-7.637032
5180,-102,843,68,392,9,14,187,-8.191452
5180,-102,845,68,392,9,15,187,-8.319168
5180,-102,847,68,392,11,14,187,-6.190674
5180,-102,849,68,392,8,14,187,-9.909073
5180,-102,848,68,392,8,16,188,-9.635490
5180,-102,844,68,392,10,16,187,-6.986588
5180,-102,845,68,392,11,11,187,-6.229599
5180,-102,846,68,392,10,11,186,-7.113449
5180,-102,848,68,392,11,13,187,-6.295517
5180,-102,847,68,392,11,14,187,-6.245102
5180,-102,845,68,392,8,14,187,-9.171906
5180,-102,841,68,392,11,16,187,-6.549911
5180,-102,844,68,392,9,10,187,-8.333481
5180,-102,839,68,392,9,12,185,-8.846474
5180,-102,846,68,392,10,12,185,-7.479073
5180,-102,841,68,392,10,12,186,-7.653191
5180,-102,843,68,392,9,13,186,-8.220490
5180,-102,839,68,392,11,11,186,-6.309143
5180,-102,840,68,392,9,12,185,-7.991257
5180,-102,844,68,392,10,13,187,-7.210602
5180,-102,849,68,392,9,14,188,-8.204575
5180,-102,845,68,392,10,12,187,-7.584724
5180,-102,845,68,392,9,12,185,-8.601631
5180,-102,843,68,392,12,16,187,-5.360069
5180,-102,848,68,392,9,15,187,-8.288467
5180,-102,843,68,392,8,12,186,-9.047829
5180,-102,841,68,392,10,12,187,-7.242935
5180,-102,846,68,392,10,13,187,-7.120972
5180,-102,843,68,392,10,13,187,-7.232330
5180,-102,849,68,392,10,14,188,-7.937271
5180,-102,839,68,392,9,14,187,-8.047516
5180,-102,843,68,392,10,11,187,-7.115746
5180,-102,845,68,392,9,14,187,-8.440582
5180,-102,845,68,392,9,13,186,-9.227432
5180,-102,844,68,392,9,11,187,-8.337318
5180,-102,841,68,392,9,14,187,-8.078651
5180,-102,839,68,392,9,12,186,-8.084045
5180,-102,840,68,392,11,13,187,-6.444557
5180,-102,841,68,392,10,13,187,-8.316620
5180,-102,844,68,392,10,12,187,-8.276352
5180,-102,841,68,392,9,13,187,-8.005203
5180,-102,843,68,392,10,10,186,-7.261772
5180,-102,849,68,392,8,12,186,-9.508469
5180,-102,849,68,392,10,14,187,-7.411270
5180,-102,845,68,392,8,13,187,-9.472015
5180,-102,844,68,392,10,10,186,-7.364075
5180,-102,845,68,392,10,13,186,-7.617096
5180,-102,849,68,392,11,11,187,-6.481598
5180,-102,843,68,392,9,13,186,-8.651649
5180,-102,846,68,392,11,10,187,-6.016449
5180,-102,849,68,392,9,11,186,-9.230011
5180,-102,840,68,392,11,13,185,-6.059517
5180,-102,845,68,392,10,12,186,-7.617805
5180,-102,845,68,392,11,13,186,-6.223740
5180,-102,844,68,392,8,13,186,-9.246735
5180,-102,846,68,392,10,14,187,-7.505600
5180,-102,840,68,392,8,14,186,-9.338776
5180,-102,845,68,392,9,12,186,-9.192688
5180,-102,841,68,392,9,13,186,-7.893829
5180,-102,849,68,392,10,13,187,-7.481583
5180,-102,848,68,392,10,12,187,-7.596161
5180,-102,844,68,392,11,13,187,-6.305588
5180,-102,844,68,392,10,13,187,-7.543694
5200,-102,844,68,392,11,15,187,-6.608490
5200,-102,840,68,392,10,15,187,-7.394028
5200,-102,846,68,392,10,15,187,-7.981369
5200,-102,841,68,392,10,11,186,-8.274727
5200,-102,841,68,392,10,13,187,-6.947777
5200,-102,849,68,392,11,14,187,-6.686211
5200,-102,848,68,392,12,10,186,-5.618347
5200,-102,845,68,392,9,14,187,-8.930763
5200,-102,845,68,392,11,15,188,-6.400269
5200,-102,851,68,392,10,15,188,-7.756302
5200,-102,847,68,392,10,13,187,-7.446320
5200,-102,846,68,392,9,12,187,-8.452820
5200,-102,841,68,392,13,12,187,-4.675926
5200,-102,847,68,392,9,11,187,-8.296783
5200,-102,845,68,392,11,12,187,-6.458542
5200,-102,846,68,392,9,12,188,-7.971268
5200,-102,845,68,392,11,10,186,-6.241135
5200,-102,844,68,392,11,13,187,-6.420883
5200,-102,844,68,392,10,13,188,-7.215439
5200,-102,843,68,392,10,12,188,-7.633659
5200,-102,846,68,392,12,11,187,-5.654182
5200,-102,845,68,392,10,13,188,-7.635666
5200,-102,851,68,392,11,14,188,-6.346634
5200,-102,841,68,392,10,12,187,-7.187981
5200,-102,845,68,392,10,12,187,-7.683571
5200,-102,837,68,392,12,12,187,-5.099243
5200,-102,847,68,392,9,12,187,-8.292206
5200,-102,841,68,392,10,11,186,-7.901550
5200,-102,845,68,392,11,13,187,-6.034348
5200,-102,845,68,392,10,13,187,-7.477325
5200,-102,846,68,392,11,11,186,-6.219208
5200,-102,843,68,392,10,11,187,-7.467117
5200,-102,844,68,392,11,13,187,-6.554733
5200,-102,845,68,392,9,12,188,-8.532639
5200,-102,844,68,392,11,12,187,-6.963943
5200,-102,837,68,392,10,11,186,-7.259109
5200,-102,841,68,392,10,12,187,-7.328247
5200,-102,844,68,392,10,11,187,-7.561790
5200,-102,843,68,392,11,9,186,-6.660828
5200,-102,837,68,392,10,11,187,-8.279999
5200,-102,843,68,392,10,13,187,-7.604736
5200,-102,839,68,392,10,12,187,-7.581528
5200,-102,835,68,392,9,11,186,-8.321381
5200,-102,842,68,392,10,12,187,-7.150612
5200,-102,839,68,392,11,13,187,-6.500404
5200,-102,838,68,392,11,12,187,-7.304077
5200,-102,840,68,392,10,11,187,-7.469215
5200,-102,835,68,392,10,12,187,-7.357544
5200,-102,843,68,392,10,11,187,-7.453110
5200,-102,836,68,392,10,12,187,-7.399696
5200,-102,839,68,392,9,15,188,-8.565559
5200,-102,844,68,392,10,12,187,-7.910278
5200,-102,838,68,392,11,13,187,-6.299225
5200,-102,841,68,392,9,11,187,-8.559204
5200,-102,839,68,392,10,13,188,-7.357216
5200,-102,834,68,392,10,13,187,-7.371826
5200,-102,843,68,392,8,12,187,-9.159203
5200,-102,843,68,392,10,13,187,-7.469208
5200,-102,841,68,392,11,12,187,-6.468689
5200,-102,843,68,392,11,14,187,-6.080414
5200,-102,841,68,392,10,13,187,-7.260025
5200,-102,845,68,392,10,13,188,-7.981712
5200,-102,837,68,392,11,11,187,-6.277344
5200,-102,846,68,392,10,12,187,-7.354797
5200,-102,845,68,392,10,13,187,-7.316116
5200,-102,841,68,392,12,12,187,-6.332504
5200,-102,849,68,392,11,17,189,-6.553268
5200,-102,844,68,392,11,12,188,-6.363312
5200,-102,834,68,392,10,12,187,-7.351074
5200,-102,841,68,392,8,12,187,-9.156799
5200,-102,839,68,392,11,12,186,-6.302361
5200,-102,845,68,392,10,14,187,-7.372513
5200,-102,841,68,392,12,15,187,-5.501556
5200,-102,843,68,392,10,11,187,-7.484543
5200,-102,834,68,392,10,12,187,-7.301208
5200,-102,847,68,392,10,13,187,-7.572495
5200,-102,843,68,392,9,11,187,-8.081009
5200,-102,843,68,392,10,13,187,-7.629120
5200,-102,844,68,392,10,11,187,-7.027481
5200,-102,839,68,392,8,12,187,-9.604820
5200,-102,840,68,392,11,13,187,-6.297256
5200,-102,844,68,392,10,15,188,-7.755577
5200,-102,845,68,392,12,14,187,-5.936264
5200,-102,845,68,392,10,13,187,-7.381416
5200,-102,844,68,392,11,12,187,-6.106583
5200,-102,841,68,392,10,10,186,-8.245895
5200,-102,841,68,392,10,11,186,-7.441742
5200,-102,846,68,392,10,12,187,-7.071770
5200,-102,845,68,392,10,13,187,-7.730789
5200,-102,843,68,392,11,13,187,-6.426117
5200,-102,846,68,392,10,11,187,-7.290016
5200,-102,843,68,392,9,12,188,-8.618805
5200,-102,844,68,392,10,10,186,-7.657402
5200,-102,842,68,392,9,12,187,-9.290787
5200,-102,848,68,392,10,13,187,-7.244110
5200,-102,845,68,392,9,14,187,-8.513100
5200,-102,846,68,392,11,14,187,-6.423981
5200,-102,846,68,392,10,11,187,-7.104385
5200,-102,848,68,392,12,14,188,-5.522469
5200,-102,844,68,392,12,14,187,-5.093079
5200,-102,846,68,392,11,13,187,-6.428268
5200,-102,839,68,392,8,11,188,-10.046600
5200,-102,849,68,392,9,15,188,-8.125854
5200,-102,844,68,392,10,12,187,-7.590134
5200,-102,849,68,392,10,15,187,-7.005920
5200,-102,846,68,392,9,12,186,-8.628860
5200,-102,845,68,392,10,13,187,-7.123016
5200,-102,845,68,392,10,14,188,-7.316566
5200,-102,846,68,392,10,12,187,-7.068253
5200,-102,846,68,392,10,13,187,-7.560867
5200,-102,851,68,392,10,13,187,-7.464401
5200,-102,840,68,392,10,13,187,-7.580978
5200,-102,846,68,392,10,12,187,-7.121887
5200,-102,846,68,392,9,13,187,-9.314079
5200,-102,844,68,392,8,13,188,-9.376785
5200,-102,848,68,392,11,14,187,-5.966934
5200,-102,853,68,392,10,12,187,-6.975372
5200,-102,845,68,392,11,10,187,-6.176308
5200,-102,850,68,392,12,13,187,-5.296310
5200,-102,851,68,392,10,11,187,-7.524063
5200,-102,850,68,392,10,13,188,-7.345261
5200,-102,844,68,392,10,10,187,-7.149719
5200,-102,852,68,392,10,12,187,-7.472504
5200,-102,845,68,392,10,14,188,-7.352623
5200,-102,850,68,392,11,10,187,-6.432602
5200,-102,844,68,392,11,10,186,-6.910194
5200,-102,851,68,392,9,13,187,-8.560165
5200,-102,849,68,392,11,14,188,-6.240974
5200,-102,847,68,392,8,12,187,-9.928833
5200,-102,846,68,392,10,12,187,-7.445320
5200,-102,844,68,392,10,12,187,-7.288589
5200,-102,839,68,392,10,12,187,-7.245224
5200,-102,844,68,392,9,14,187,-8.322662
5200,-102,841,68,392,9,11,187,-8.723495
5200,-102,849,68,392,9,11,187,-8.673950
5200,-102,844,68,392,8,14,187,-9.693420
5200,-102,843,68,392,10,14,187,-7.207733
5200,-102,847,68,392,11,11,187,-6.295097
5200,-102,843,68,392,10,13,187,-7.388878
5200,-102,844,68,392,9,12,187,-8.448822
5200,-102,843,68,392,10,10,187,-7.003250
5200,-102,843,68,392,11,12,186,-6.014320
5200,-102,843,68,392,10,13,187,-7.380997
5200,-102,846,68,392,10,11,188,-8.009033
5200,-102,840,68,392,11,13,186,-6.645729
5200,-102,847,68,392,11,16,188,-6.125061
5200,-102,845,68,392,11,11,187,-6.954880
5200,-102,850,68,392,9,14,188,-8.660995
5200,-102,846,68,392,10,13,187,-7.151382
5200,-102,844,68,392,11,14,187,-6.737999
5200,-102,847,68,392,11,15,187,-6.188232
5200,-102,846,68,392,9,11,187,-8.456680
5200,-102,841,68,392,10,11,187,-7.005859
5200,-102,841,68,392,11,10,186,-6.454041
5200,-102,847,68,392,10,11,187,-7.451569
5200,-102,842,68,392,11,13,187,-6.065605
5200,-102,843,68,392,10,11,186,-7.556953
5200,-102,841,68,392,12,13,186,-5.294067
5200,-102,840,68,392,10,14,187,-7.051659
5200,-102,842,68,392,10,12,187,-7.256287
5200,-102,841,68,392,8,14,187,-9.317886
5200,-102,846,68,392,12,12,187,-5.373352
5200,-102,843,68,392,12,13,188,-5.368195
5200,-102,841,68,392,10,13,187,-7.709000
5200,-102,845,68,392,9,11,187,-8.915527
5200,-102,843,68,392,10,13,187,-7.434280
5200,-102,849,68,392,9,11,187,-8.022446
5200,-102,845,68,392,10,14,187,-6.973923
5200,-102,841,68,392,10,12,186,-7.450089
5200,-102,844,68,392,11,12,187,-6.370865
5200,-102,845,68,392,9,13,187,-9.340950
5200,-102,844,68,392,9,15,188,-8.499641
5200,-102,841,68,392,10,14,188,-7.189270
5200,-102,836,68,392,11,13,187,-6.295670
5200,-102,844,68,392,10,15,187,-7.130608
5200,-102,846,68,392,10,11,187,-8.329681
5200,-102,834,68,392,10,12,187,-7.615479
5200,-102,843,68,392,10,14,188,-7.411095
5200,-102,846,68,392,10,10,186,-7.287201
5200,-102,841,68,392,10,13,187,-7.542610
5200,-102,847,68,392,11,13,188,-6.757690
5200,-102,845,68,392,12,12,187,-5.339729
5200,-102,841,68,392,9,15,187,-8.326401
5200,-102,843,68,392,10,12,187,-7.320221
5200,-102,843,68,392,10,12,187,-7.222076
5200,-102,839,68,392,11,12,187,-6.722321
5200,-102,842,68,392,11,13,187,-6.317680
5200,-102,842,68,392,9,14,188,-8.248779
5200,-102,847,68,392,11,13,188,-6.346107
5200,-102,837,68,392,10,11,187,-7.616730
5200,-102,837,68,392,9,13,187,-8.390869
5200,-102,843,68,392,10,10,187,-7.277924
5200,-102,841,68,392,10,12,187,-7.356194
5200,-102,844,68,392,10,13,188,-8.025826
5200,-102,842,68,392,10,13,187,-7.136292
5200,-102,840,68,392,10,13,187,-8.275986
5200,-102,845,68,392,11,14,188,-6.222656
5200,-102,841,68,392,11,12,187,-6.482933
5200,-102,844,68,392,10,14,187,-7.159927
5200,-102,844,68,392,10,13,188,-7.201080
5200,-102,841,68,392,9,12,186,-8.308533
5200,-102,845,68,392,12,13,187,-5.929688
5200,-102,839,68,392,10,14,187,-7.360298
5200,-102,847,68,392,11,12,187,-6.294022
5200,-102,839,68,392,10,14,187,-7.204720
5200,-102,848,68,392,9,10,187,-8.338257
5200,-102,841,68,392,11,14,187,-6.693306
5200,-102,848,68,392,10,15,188,-7.145248
5200,-102,845,68,392,12,14,187,-5.694534
5200,-102,849,68,392,9,10,187,-8.674088
5200,-102,846,68,392,10,11,188,-7.624664
5200,-102,848,68,392,10,12,188,-8.397751
5200,-102,844,68,392,11,12,187,-6.133621
5200,-102,849,68,392,12,13,187,-5.098282
5200,-102,846,68,392,10,14,187,-7.345512
5200,-102,847,68,392,9,15,188,-8.618149
5200,-102,847,68,392,10,14,188,-7.614685
5200,-102,831,68,392,9,12,186,-8.179581
5200,-102,843,68,392,8,11,186,-9.243279
5200,-102,842,68,392,11,12,187,-6.254654
5200,-102,846,68,392,8,13,187,-9.158325
5200,-102,844,68,392,11,12,187,-6.055779
5200,-102,848,68,392,11,11,186,-6.346451
5200,-102,851,68,392,11,13,187,-6.236282
5200,-102,851,68,392,11,13,187,-6.299438
5200,-102,848,68,392,9,13,188,-8.142334
5200,-102,843,68,392,10,12,188,-7.404465
5200,-102,839,68,392,9,13,187,-8.162689
5200,-102,846,68,392,12,11,187,-5.225082
5200,-102,848,68,392,10,10,187,-7.176743
5200,-102,841,68,392,10,12,186,-7.668793
5200,-102,847,68,392,11,14,187,-7.321404
5200,-102,843,68,392,9,13,187,-8.363831
5200,-102,840,68,392,10,13,187,-7.717651
5200,-102,847,68,392,11,13,187,-6.131805
5200,-102,847,68,392,9,14,187,-8.627258
5200,-102,851,68,392,11,12,187,-6.312180
5200,-102,846,68,392,10,12,187,-7.460907
5200,-102,845,68,392,9,12,187,-8.468552
5200,-102,840,68,392,10,13,187,-7.029442
5200,-102,851,68,392,9,12,187,-9.245926
5200,-102,840,68,392,9,12,187,-9.338409
5200,-102,848,68,392,12,11,187,-5.451141
5200,-102,847,68,392,11,14,188,-6.124344
5200,-102,846,68,392,9,11,186,-8.656509
5200,-102,848,68,392,11,13,187,-6.375000
5200,-102,843,68,392,10,13,187,-7.327377
5200,-102,850,68,392,9,12,187,-8.585312
5200,-102,845,68,392,10,13,187,-7.392319
5200,-102,851,68,392,10,14,188,-7.506577
5200,-102,847,68,392,10,13,188,-7.153305
5200,-102,849,68,392,12,13,187,-5.354355
5200,-102,844,68,392,10,13,187,-7.437256
5200,-102,843,68,392,10,14,187,-7.211235
5200,-102,845,68,392,10,14,187,-7.329361
5200,-102,843,68,392,10,13,186,-7.086906
5200,-102,850,68,392,10,14,188,-7.118118
5200,-102,847,68,392,10,13,187,-7.625122
5200,-102,839,68,392,10,13,187,-7.923401
5200,-102,841,68,392,10,12,188,-7.292007
5200,-102,849,68,392,11,14,187,-6.211334
5200,-102,841,68,392,10,14,187,-7.612534
5200,-102,845,68,392,10,14,186,-7.409744
5200,-102,841,68,392,10,11,187,-7.316971
5200,-102,844,68,392,9,13,187,-8.486893
5200,-102,842,68,392,10,11,187,-7.289124
5200,-102,844,68,392,9,13,188,-8.436829
5200,-102,843,68,392,9,11,186,-8.717354
5200,-102,844,68,392,10,12,187,-7.915680
5200,-102,841,68,392,9,11,187,-8.938324
5200,-102,846,68,392,11,12,188,-6.293289
5200,-102,845,68,392,10,12,187,-7.604141
5200,-102,842,68,392,11,12,187,-6.240166
5200,-102,845,68,392,9,13,187,-8.323334
5200,-102,842,68,392,10,14,187,-7.309723
5200,-102,845,68,392,9,14,188,-8.621262
5200,-102,844,68,392,10,12,187,-7.458664
5200,-102,846,68,392,9,14,187,-8.356628
5200,-102,850,68,392,9,13,188,-8.513290
5200,-102,848,68,392,12,13,187,-6.267288
5200,-102,839,68,392,11,12,187,-6.272568
5200,-102,844,68,392,10,13,187,-7.302780
5200,-102,841,68,392,11,12,186,-6.333160
5200,-102,841,68,392,11,13,188,-6.644341
5200,-102,847,68,392,11,13,187,-6.305618
5200,-102,837,68,392,11,12,187,-6.472946
5200,-102,845,68,392,10,15,187,-8.307526
5200,-102,849,68,392,11,11,187,-6.149216
5200,-102,843,68,392,10,13,187,-7.128876
5200,-102,844,68,392,9,12,188,-8.504318
5200,-102,845,68,392,9,13,188,-9.039635
5200,-102,842,68,392,12,15,188,-6.025948
5200,-102,839,68,392,13,12,187,-4.248184
5200,-102,845,68,392,10,12,187,-7.580719
5200,-102,844,68,392,11,12,185,-6.232483
5200,-102,836,68,392,11,11,187,-6.551605
5200,-102,838,68,392,11,12,187,-6.113251
5200,-102,846,68,392,11,12,187,-6.076508
5200,-102,847,68,392,9,12,187,-8.175728
5200,-102,845,68,392,10,12,187,-7.932228
5200,-102,844,68,392,11,13,187,-6.359062
5200,-102,841,68,392,10,15,187,-7.215149
5200,-102,843,68,392,9,11,187,-8.644638
5200,-102,841,68,392,8,14,187,-9.516953
5200,-102,835,68,392,10,11,187,-8.304451
5200,-102,841,68,392,10,10,187,-7.322113
5200,-102,842,68,392,11,15,187,-6.486000
5200,-102,842,68,392,10,12,187,-7.369019
5200,-102,843,68,392,9,11,187,-8.927620
5200,-102,844,68,392,9,12,187,-8.306061
5200,-102,843,68,392,8,16,187,-9.599091
5200,-102,843,68,392,12,12,187,-6.324097
5200,-102,844,68,392,11,12,187,-6.148140
5200,-102,839,68,392,10,12,187,-7.685516
5200,-102,844,68,392,10,13,188,-7.615463
5200,-102,842,68,392,10,15,187,-7.279678
5200,-102,847,68,392,11,14,187,-6.245026
5200,-102,847,68,392,9,13,188,-8.307327
5200,-102,845,68,392,9,14,187,-8.514893
5200,-102,842,68,392,10,14,187,-7.958511
5200,-102,844,68,392,11,16,188,-6.428116
5200,-102,844,68,392,10,10,186,-7.228134
5200,-102,841,68,392,9,14,187,-8.096863
5200,-102,847,68,392,11,14,188,-6.749825
5200,-102,841,68,392,10,14,187,-7.713806
5200,-102,845,68,392,9,12,187,-8.376358
5200,-102,841,68,392,10,13,187,-7.417145
5200,-102,847,68,392,10,13,187,-6.944656
5200,-102,842,68,392,11,12,187,-6.600189
5200,-102,847,68,392,9,14,188,-8.518997
5200,-102,839,68,392,12,12,188,-5.100945
5200,-102,842,68,392,11,14,188,-7.381409
5200,-102,846,68,392,10,11,187,-7.140930
5200,-102,847,68,392,9,14,188,-7.960800
5200,-102,842,68,392,10,13,187,-7.269730
5200,-102,848,68,392,11,11,187,-5.985420
5200,-102,839,68,392,10,12,187,-7.089890
5200,-102,846,68,392,9,14,188,-8.650208
5200,-102,843,68,392,9,14,188,-8.341919
5200,-102,849,68,392,10,13,187,-7.566925
5200,-102,846,68,392,10,12,187,-7.276978
5200,-102,842,68,392,11,13,187,-6.251907
5200,-102,833,68,392,10,14,187,-7.339828
5200,-102,841,68,392,11,12,187,-6.164307
5200,-102,841,68,392,9,12,187,-8.472015
5200,-102,843,68,392,11,13,187,-6.599701
5200,-102,843,68,392,11,13,187,-5.971313
5200,-102,845,68,392,9,13,187,-8.154434
5200,-102,846,68,392,11,13,187,-5.888748
5200,-102,846,68,392,10,11,187,-7.417747
5200,-102,847,68,392,13,13,187,-4.682251
5200,-102,844,68,392,10,11,187,-7.509735
5200,-102,841,68,392,10,14,188,-7.787750
5200,-102,843,68,392,10,9,185,-7.233444
5200,-102,851,68,392,10,13,187,-7.296753
5200,-102,843,68,392,10,12,187,-7.592072
5200,-102,843,68,392,12,12,187,-5.436874
5200,-102,849,68,392,11,13,187,-6.586548
5200,-102,847,68,392,9,11,187,-8.469467
5200,-102,851,68,392,9,13,188,-7.991592
5200,-102,843,68,392,8,13,186,-9.258553
5200,-102,841,68,392,9,13,187,-8.742325
5200,-102,846,68,392,9,15,188,-8.957603
5200,-102,846,68,392,10,13,188,-7.985649
5200,-102,845,68,392,9,12,187,-9.333679
5200,-102,845,68,392,10,10,187,-6.981125
5200,-102,848,68,392,11,15,188,-6.532928
5200,-102,844,68,392,10,13,187,-7.446228
5200,-102,852,68,392,9,11,187,-8.904655
5200,-102,842,68,392,9,11,187,-8.000847
5200,-102,848,68,392,11,12,187,-6.470047
5200,-102,846,68,392,10,13,187,-7.745850
5200,-102,842,68,392,9,14,187,-8.739243
5200,-102,841,68,392,10,14,187,-8.327682
5200,-102,843,68,392,9,12,187,-8.946297
5200,-102,844,68,392,10,12,187,-7.434113
5200,-102,848,68,392,10,13,187,-7.722900
5200,-102,850,68,392,10,13,188,-7.595627
5200,-102,847,68,392,10,14,188,-7.322449
5200,-102,847,68,392,11,12,187,-6.589966
5200,-102,843,68,392,12,11,187,-5.333191
5200,-102,845,68,392,10,14,187,-7.353645
5200,-102,840,68,392,11,13,187,-6.751953
5200,-102,843,68,392,10,10,186,-7.358109
5200,-102,842,68,392,11,10,187,-6.270248
5200,-102,850,68,392,8,14,188,-9.320007
5200,-102,836,68,392,10,13,187,-7.392639
5200,-102,848,68,392,10,16,188,-7.335419
5200,-102,846,68,392,11,12,187,-6.922073
5200,-102,839,68,392,10,14,187,-7.139420
5200,-102,843,68,392,9,14,187,-8.225906
5200,-102,832,68,392,10,13,188,-7.290565
5200,-102,841,68,392,10,13,187,-7.291962
5200,-102,845,68,392,10,12,188,-8.324821
5200,-102,844,68,392,8,12,187,-9.672424
5200,-102,844,68,392,11,11,187,-6.060043
5200,-102,845,68,392,9,16,187,-8.910080
5200,-102,842,68,392,12,13,188,-5.333817
5200,-102,844,68,392,11,12,187,-6.145706
5200,-102,842,68,392,11,12,187,-6.088913
5200,-102,842,68,392,11,15,188,-6.302979
5200,-102,846,68,392,10,12,187,-7.483574
5200,-102,839,68,392,9,13,187,-9.262344
5200,-102,841,68,392,10,12,188,-7.501434
5200,-102,844,68,392,10,11,187,-7.329346
5200,-102,837,68,392,9,14,187,-8.467056
5200,-102,839,68,392,9,14,187,-8.607422
5200,-102,844,68,392,10,13,188,-7.666389
5200,-102,843,68,392,11,16,187,-6.494377
5200,-102,844,68,392,11,13,187,-6.261414
5200,-102,847,68,392,11,12,187,-6.623383
5200,-102,847,68,392,7,13,187,-10.439560
5200,-102,841,68,392,10,11,187,-7.437943
5200,-102,839,68,392,10,16,187,-7.086441
5200,-102,843,68,392,9,13,187,-8.529999
5200,-102,835,68,392,12,12,186,-5.300323
5200,-102,837,68,392,10,15,187,-7.405731
5200,-102,838,68,392,10,15,187,-7.483658
5200,-102,843,68,392,10,16,188,-7.275200
5200,-102,845,68,392,10,13,187,-7.405968
5200,-102,839,68,392,10,12,186,-7.131561
5200,-102,841,68,392,9,11,187,-8.574135
5200,-102,844,68,392,9,12,187,-8.366409
5200,-102,844,68,392,9,11,187,-8.336784
5200,-102,846,68,392,11,14,187,-6.382477
5200,-102,841,68,392,11,13,187,-6.958160
5200,-102,843,68,392,9,9,186,-8.494125
5200,-102,837,68,392,11,11,186,-6.434189
5200,-102,847,68,392,10,14,188,-7.387680
5200,-102,843,68,392,9,15,188,-8.467499
5200,-102,843,68,392,10,10,186,-7.149605
5200,-102,833,68,392,9,15,187,-8.730118
5200,-102,846,68,392,11,12,187,-6.136879
5200,-102,843,68,392,10,14,187,-7.535904
5200,-102,843,68,392,11,12,186,-6.157593
5200,-102,837,68,392,9,12,187,-8.474884
5200,-102,840,68,392,9,12,187,-8.670799
5200,-102,838,68,392,10,10,186,-7.279022
5200,-102,840,68,392,10,13,187,-7.329773
5200,-102,841,68,392,8,12,187,-9.975060
5200,-102,841,68,392,11,12,187,-6.223007
5200,-102,839,68,392,10,14,188,-7.531036
5200,-102,844,68,392,10,11,187,-7.595169
5200,-102,844,68,392,12,15,187,-5.220116
5200,-102,848,68,392,9,12,187,-8.155258
5200,-102,844,68,392,11,14,188,-6.393936
5200,-102,845,68,392,10,14,187,-7.611786
5200,-102,844,68,392,8,11,187,-9.716034
5200,-102,843,68,392,10,16,188,-7.657227
5200,-102,842,68,392,9,11,187,-8.459206
5200,-102,843,68,392,11,11,188,-6.795212
5200,-102,847,68,392,9,12,187,-8.482529
5200,-102,845,68,392,10,13,188,-7.294479
5200,-102,841,68,392,11,13,187,-6.540543
5200,-102,845,68,392,12,15,187,-5.570183
5200,-102,844,68,392,12,13,187,-5.507660
5200,-102,848,68,392,10,13,188,-7.394409
5200,-102,845,68,392,11,12,187,-6.384773
5200,-102,844,68,392,9,13,187,-8.125023
5200,-102,847,68,392,10,11,187,-7.145477
5200,-102,844,68,392,10,14,188,-7.539719
5200,-102,849,68,392,10,13,187,-7.578239
5200,-102,849,68,392,10,12,188,-7.313118
5200,-102,840,68,392,9,14,187,-8.359734
5200,-102,845,68,392,10,14,187,-7.598755
5200,-102,848,68,392,11,14,188,-6.143486
5200,-102,846,68,392,10,13,187,-7.307396
5200,-102,844,68,392,10,13,188,-7.726685
5200,-102,848,68,392,11,15,188,-7.337601
5200,-102,847,68,392,9,12,187,-8.322311
5200,-102,846,68,392,9,12,188,-8.355919
5200,-102,843,68,392,9,13,187,-8.937202
5200,-102,844,68,392,9,14,187,-8.681732
5200,-102,847,68,392,10,13,187,-7.919525
5200,-102,848,68,392,11,14,187,-6.243973
5200,-102,847,68,392,11,13,187,-6.332397
5200,-102,846,68,392,11,12,187,-6.279633
5200,-102,850,68,392,9,14,187,-8.384415
5200,-102,839,68,392,10,12,186,-7.088852
5200,-102,844,68,392,10,14,187,-7.177887
5200,-102,846,68,392,10,11,187,-7.109528
5200,-102,847,68,392,10,13,188,-7.162399
5200,-102,845,68,392,11,12,188,-6.373596
5200,-102,851,68,392,9,11,187,-8.290291
5200,-102,838,68,392,11,12,187,-6.534454
5200,-102,848,68,392,8,14,187,-9.317261
5200,-102,850,68,392,10,12,187,-7.465775
5200,-102,846,68,392,11,15,187,-6.468681
5200,-102,850,68,392,11,13,188,-6.354492
5200,-102,847,68,392,10,13,187,-7.418518
5200,-102,851,68,392,11,13,188,-6.077301
5200,-102,844,68,392,11,14,187,-6.242935
5200,-102,847,68,392,11,13,187,-6.421188
5200,-102,846,68,392,11,13,187,-6.369293
5200,-102,849,68,392,9,12,188,-8.996437
5200,-102,850,68,392,11,14,188,-6.360901
5200,-102,845,68,392,10,11,187,-7.689545
5200,-102,844,68,392,9,12,187,-8.304398
5200,-102,847,68,392,10,14,187,-7.222832
5200,-102,847,68,392,12,12,187,-5.120209
5200,-102,851,68,392,10,13,187,-7.280273
5200,-102,846,68,392,11,13,187,-5.987244
5200,-102,847,68,392,10,12,187,-7.558853
5200,-102,845,68,392,10,14,187,-8.338440
5200,-102,847,68,392,11,13,187,-6.308594
5200,-102,852,68,392,10,14,187,-7.190369
5200,-102,844,68,392,12,10,187,-5.328987
5200,-102,847,68,392,10,13,187,-7.929703
5200,-102,845,68,392,10,14,188,-7.519341
5200,-102,838,68,392,10,10,186,-7.911697
5200,-102,845,68,392,9,13,187,-8.261871
5200,-102,847,68,392,12,12,188,-5.385193
5200,-102,848,68,392,10,13,187,-7.371483
5200,-102,840,68,392,9,15,187,-8.023163
5200,-102,846,68,392,10,12,188,-7.360947
5200,-102,845,68,392,8,11,187,-9.604057
5200,-102,842,68,392,8,13,186,-9.260834
5200,-102,850,68,392,9,14,188,-8.159332
5200,-102,843,68,392,11,11,187,-6.607269
5200,-102,851,68,392,10,13,188,-7.320526
5200,-102,843,68,392,9,15,187,-9.333633
5200,-102,845,68,392,11,13,187,-6.921463
5200,-102,841,68,392,10,12,187,-7.568054
5200,-102,846,68,392,11,11,187,-6.602692
5200,-102,847,68,392,10,12,187,-7.352707
5200,-102,847,68,392,10,12,187,-7.605545
5200,-102,846,68,392,10,13,187,-7.243904
5200,-102,846,68,392,9,13,188,-8.079102
5200,-102,841,68,392,9,11,186,-8.642349
5200,-102,844,68,392,11,14,187,-6.480820
5200,-102,840,68,392,10,12,187,-7.095047
5200,-102,844,68,392,11,12,187,-6.119217
5200,-102,848,68,392,10,11,187,-7.109970
5200,-102,845,68,392,11,11,188,-7.295654
5200,-102,838,68,392,12,13,187,-5.241135
5200,-102,841,68,392,10,13,187,-7.942368
5200,-102,847,68,392,11,13,187,-6.345764
5200,-102,837,68,392,10,12,187,-7.559486
5200,-102,842,68,392,11,12,187,-7.343338
5200,-102,842,68,392,10,12,188,-7.355408
5200,-102,846,68,392,10,12,188,-7.365143
5200,-102,844,68,392,11,13,188,-6.781860
5200,-102,840,68,392,9,14,187,-8.956291
5200,-102,837,68,392,10,12,187,-7.399979
5200,-102,841,68,392,11,13,187,-7.016045
5200,-102,845,68,392,10,12,187,-7.600693
5200,-102,840,68,392,10,10,186,-7.537674
5200,-102,840,68,392,9,12,187,-9.313606
5200,-102,839,68,392,10,11,187,-7.134293
5200,-102,841,68,392,10,13,188,-6.996758
5200,-102,844,68,392,9,13,187,-8.602921
5200,-102,840,68,392,12,12,187,-6.347649
5200,-102,846,68,392,10,12,187,-7.541824
5200,-102,839,68,392,11,13,186,-6.903275
5200,-102,832,68,392,11,11,187,-7.299576
5200,-102,832,68,392,10,12,187,-7.194031
5200,-102,841,68,392,8,13,187,-9.364471
5200,-102,845,68,392,11,12,187,-6.306763
5200,-102,846,68,392,9,11,187,-8.495193
5200,-102,845,68,392,9,13,187,-8.707840
5200,-102,835,68,392,10,12,187,-7.552979
5200,-102,837,68,392,11,12,187,-6.104919
5200,-102,839,68,392,11,13,188,-6.988243
5200,-102,840,68,392,10,14,187,-8.342407
5200,-102,843,68,392,9,13,188,-8.736671
5200,-102,840,68,392,11,12,187,-6.957367
5200,-102,847,68,392,10,11,187,-7.574097
5200,-102,845,68,392,9,11,187,-8.186722
5200,-102,845,68,392,10,13,187,-7.353729
5200,-102,841,68,392,9,13,187,-8.341202
5200,-102,848,68,392,9,11,187,-9.271515
5200,-102,848,68,392,11,13,187,-6.075256
5200,-102,844,68,392,9,12,187,-8.926231
5200,-102,850,68,392,11,14,187,-6.676880
5200,-102,841,68,392,9,11,187,-8.213043
5200,-102,845,68,392,11,13,187,-6.208214
5200,-102,848,68,392,10,14,187,-7.188812
5200,-102,843,68,392,8,12,187,-9.511200
5200,-102,844,68,392,11,13,187,-6.304520
5200,-102,844,68,392,10,13,187,-7.721695
5200,-102,840,68,392,10,12,187,-7.292320
5200,-102,838,68,392,9,11,187,-8.491470
5200,-102,845,68,392,10,12,187,-7.951508
5200,-102,844,68,392,11,12,187,-6.301750
5200,-102,846,68,392,12,11,187,-5.618881
5200,-102,847,68,392,11,13,187,-6.151794
5200,-102,846,68,392,10,12,186,-7.628906
5200,-102,844,68,392,10,12,187,-7.399277
5200,-102,842,68,392,11,13,187,-6.165443
5200,-102,846,68,392,9,14,187,-8.725952
5200,-102,844,68,392,11,12,187,-6.565109
5200,-102,846,68,392,10,14,188,-7.613068
5200,-102,843,68,392,10,16,187,-7.279358
5200,-102,844,68,392,10,11,187,-7.209167
5200,-102,845,68,392,9,11,186,-8.194748
5200,-102,847,68,392,9,14,187,-8.943192
5200,-102,848,68,392,10,11,187,-7.293854
5200,-102,847,68,392,9,15,188,-8.963104
5200,-102,848,68,392,11,12,187,-6.220078
5200,-102,852,68,392,10,14,188,-7.138260
5200,-102,846,68,392,11,13,187,-6.216400
5200,-102,847,68,392,9,12,187,-9.307175
5200,-102,841,68,392,10,11,187,-7.299530
5200,-102,850,68,392,10,12,187,-7.305435
5200,-102,848,68,392,11,13,187,-6.597267
5200,-102,847,68,392,11,13,188,-6.228043
5200,-102,847,68,392,11,12,187,-6.201767
5200,-102,846,68,392,11,13,187,-5.874985
5200,-102,845,68,392,10,12,188,-7.964828
5200,-102,849,68,392,10,13,188,-7.324783
5200,-102,848,68,392,10,11,187,-7.547592
5200,-102,852,68,392,10,11,187,-7.160347
5200,-102,844,68,392,8,11,185,-9.253540
5200,-102,849,68,392,11,11,188,-7.404053
5200,-102,849,68,392,10,14,187,-7.346550
5200,-102,849,68,392,10,14,188,-7.188965
5200,-102,852,68,392,9,13,188,-8.092743
5200,-102,850,68,392,10,13,187,-7.216820
5200,-102,848,68,392,11,12,186,-6.226974
5200,-102,844,68,392,9,13,188,-8.395157
5200,-102,848,68,392,10,14,187,-7.104630
5200,-102,851,68,392,10,10,187,-7.573273
5200,-102,845,68,392,10,10,186,-6.936218
5200,-102,846,68,392,10,11,187,-7.442184
5200,-102,842,68,392,8,14,188,-9.996613
5200,-102,847,68,392,10,14,187,-7.907150
5200,-102,847,68,392,8,13,187,-9.141785
5200,-102,845,68,392,9,15,188,-8.015854
5200,-102,843,68,392,11,13,187,-6.218903
5200,-102,845,68,392,11,14,188,-6.667381
5200,-102,849,68,392,12,13,188,-5.295258
5200,-102,842,68,392,11,13,188,-6.652092
5200,-102,848,68,392,11,12,186,-7.214462
5200,-102,846,68,392,9,12,187,-8.540329
5200,-102,845,68,392,10,12,186,-7.096931
5200,-102,847,68,392,10,11,186,-7.605530
5200,-102,841,68,392,9,12,187,-8.625473
5200,-102,845,68,392,8,15,187,-9.925461
5200,-102,837,68,392,11,17,188,-6.210098
5200,-102,850,68,392,10,14,188,-7.384659
5200,-102,840,68,392,9,12,187,-8.484856
5200,-102,841,68,392,10,11,187,-7.309311
5200,-102,843,68,392,12,12,188,-5.342018
5200,-102,840,68,392,11,13,187,-6.409653
5200,-102,841,68,392,9,12,187,-8.305908
5200,-102,847,68,392,9,11,187,-8.589386
5200,-102,841,68,392,11,13,187,-6.402428
5200,-102,845,68,392,10,10,187,-7.310829
5200,-102,843,68,392,11,13,187,-6.003159
5200,-102,837,68,392,9,13,187,-8.696571
5200,-102,846,68,392,10,10,187,-7.720978
5200,-102,846,68,392,9,14,187,-8.264648
5200,-102,845,68,392,11,11,187,-6.577377
5200,-102,846,68,392,10,11,187,-7.164230
5200,-102,840,68,392,11,14,187,-6.154236
5200,-102,846,68,392,9,12,187,-8.611076
5200,-102,842,68,392,10,13,187,-7.939301
5200,-102,845,68,392,9,13,188,-8.745697
5200,-102,841,68,392,8,13,187,-9.228012
5200,-102,843,68,392,11,14,187,-6.495255
5200,-102,847,68,392,11,12,187,-6.119019
5200,-102,840,68,392,11,14,187,-6.123184
5200,-102,846,68,392,10,13,187,-7.584587
5200,-102,839,68,392,11,12,186,-6.229935
5200,-102,841,68,392,9,11,187,-8.631912
5200,-102,844,68,392,11,14,187,-6.330307
5200,-102,839,68,392,11,12,187,-6.160172
5200,-102,846,68,392,10,13,187,-8.315475
5200,-102,841,68,392,10,13,187,-7.574051
5200,-102,843,68,392,9,12,187,-8.319946
5200,-102,840,68,392,9,14,187,-8.442276
5200,-102,841,68,392,9,11,187,-9.308960
5200,-102,842,68,392,10,11,187,-7.473816
5200,-102,845,68,392,11,15,187,-6.465912
5200,-102,843,68,392,12,11,187,-5.317490
5200,-102,838,68,392,10,14,187,-7.210663
5200,-102,847,68,392,9,13,187,-8.108940
5200,-102,843,68,392,9,11,188,-8.525467
5200,-102,839,68,392,10,14,187,-7.530060
5200,-102,838,68,392,10,13,187,-7.244537
5200,-102,836,68,392,9,14,188,-8.311081
5200,-102,843,68,392,10,14,188,-7.380188
5200,-102,828,68,392,11,16,187,-6.382690
5200,-102,848,68,392,8,13,188,-9.063614
5200,-102,840,68,392,10,13,186,-7.191528
5200,-102,847,68,392,8,13,187,-9.758041
5200,-102,845,68,392,10,12,187,-7.324715
5200,-102,845,68,392,11,14,188,-6.777206
5200,-102,845,68,392,10,13,187,-7.066757
5220,-102,847,68,392,12,13,189,-5.332886
5220,-102,844,68,392,11,14,189,-6.518723
5220,-102,847,68,392,9,12,188,-8.496582
5220,-102,846,68,392,11,12,187,-7.316605
5220,-102,838,68,392,9,12,187,-8.401665
5220,-102,844,68,392,10,12,188,-7.309021
5220,-102,842,68,392,11,14,188,-6.197456
5220,-102,845,68,392,10,11,187,-7.955711
5220,-102,848,68,392,12,13,188,-5.780029
5220,-102,847,68,392,11,13,189,-6.611908
5220,-102,848,68,392,9,11,187,-8.443314
5220,-102,846,68,392,11,13,188,-6.254425
5220,-102,847,68,392,9,12,188,-8.419189
5220,-102,847,68,392,12,14,188,-5.267426
5220,-102,843,68,392,10,13,187,-7.938637
5220,-102,847,68,392,10,15,188,-8.328690
5220,-102,841,68,392,10,11,187,-7.733482
5220,-102,843,68,392,11,11,187,-6.281982
5220,-102,851,68,392,11,15,188,-6.761612
5220,-102,846,68,392,13,12,187,-4.288277
5220,-102,847,68,392,9,12,188,-8.402290
5220,-102,845,68,392,10,11,188,-7.682541
5220,-102,851,68,392,10,12,188,-7.215179
5220,-102,851,68,392,12,13,189,-5.238976
5220,-102,835,68,392,12,11,187,-5.212280
5220,-102,844,68,392,10,13,188,-7.614777
5220,-102,845,68,392,11,13,188,-6.236946
5220,-102,849,68,392,12,12,188,-5.645264
5220,-102,842,68,392,11,11,188,-6.648277
5220,-102,845,68,392,11,13,188,-5.915909
5220,-102,843,68,392,12,16,188,-5.182449
5220,-102,845,68,392,12,13,188,-5.538857
5220,-102,847,68,392,11,12,188,-6.339783
5220,-102,846,68,392,10,11,188,-7.746063
5220,-102,839,68,392,10,12,187,-7.321823
5220,-102,844,68,392,10,15,188,-8.390732
5220,-102,849,68,392,10,13,188,-7.322067
5220,-102,844,68,392,11,13,187,-6.907410
5220,-102,841,68,392,11,13,188,-6.076874
5220,-102,846,68,392,12,12,188,-5.532654
5220,-102,848,68,392,10,13,188,-8.396576
5220,-102,848,68,392,11,12,187,-7.335907
5220,-102,849,68,392,11,13,188,-6.480637
5220,-102,847,68,392,10,12,188,-7.115738
5220,-102,846,68,392,10,14,188,-7.295013
5220,-102,849,68,392,10,15,189,-6.935287
5220,-102,841,68,392,11,10,187,-6.579163
5220,-102,851,68,392,11,14,188,-7.335251
5220,-102,846,68,392,11,13,188,-6.558464
5220,-102,848,68,392,11,12,188,-6.469727
5220,-102,838,68,392,11,14,188,-6.591988
5220,-102,843,68,392,11,14,188,-6.329674
5220,-102,846,68,392,9,12,188,-8.124870
5220,-102,846,68,392,9,14,188,-8.969238
5220,-102,852,68,392,12,13,187,-6.324280
5220,-102,842,68,392,9,11,187,-8.630112
5220,-102,846,68,392,12,11,187,-5.714806
5220,-102,843,68,392,9,11,186,-8.274269
5220,-102,842,68,392,12,11,187,-5.582733
5220,-102,841,68,392,12,11,187,-5.160751
5220,-102,851,68,392,12,11,187,-5.251282
5220,-102,842,68,392,10,14,188,-7.412025
5220,-102,849,68,392,13,14,189,-4.397934
5220,-102,846,68,392,10,14,189,-7.453903
5220,-102,841,68,392,10,13,188,-7.736496
5220,-102,843,68,392,11,15,188,-6.613785
5220,-102,846,68,392,10,14,188,-7.340042
5220,-102,844,68,392,12,12,187,-5.026215
5220,-102,848,68,392,10,15,188,-7.534851
5220,-102,845,68,392,10,14,188,-7.436691
5220,-102,851,68,392,11,12,188,-6.757187
5220,-102,841,68,392,13,11,187,-4.360878
5220,-102,844,68,392,11,12,187,-6.133408
5220,-102,835,68,392,12,10,187,-5.744934
5220,-102,848,68,392,8,12,188,-9.557236
5220,-102,844,68,392,11,12,188,-6.349304
5220,-102,843,68,392,12,13,188,-6.052856
5220,-102,845,68,392,12,11,187,-5.321213
5220,-102,844,68,392,10,11,187,-7.897728
5220,-102,851,68,392,12,14,189,-5.649376
5220,-102,843,68,392,11,12,188,-6.995216
5220,-102,849,68,392,10,11,188,-7.957504
5220,-102,846,68,392,12,14,188,-5.602798
5220,-102,844,68,392,9,13,188,-8.578011
5220,-102,849,68,392,11,12,187,-6.372917
5220,-102,844,68,392,12,13,188,-5.228317
5220,-102,847,68,392,11,13,188,-6.778351
5220,-102,850,68,392,11,11,187,-6.599777
5220,-102,847,68,392,11,14,189,-6.705872
5220,-102,844,68,392,11,12,187,-6.371010
5220,-102,846,68,392,10,12,188,-7.330521
5220,-102,841,68,392,13,13,188,-4.641212
5220,-102,843,68,392,11,14,188,-6.651093
5220,-102,850,68,392,12,13,188,-5.498886
5220,-102,844,68,392,11,12,187,-6.353958
5220,-102,843,68,392,11,13,188,-6.560287
5220,-102,845,68,392,11,11,187,-6.385223
5220,-102,848,68,392,12,14,188,-5.448410
5220,-102,841,68,392,9,13,188,-8.374130
5220,-102,845,68,392,11,14,188,-6.140045
5220,-102,844,68,392,12,11,187,-5.367134
5220,-102,846,68,392,9,13,187,-8.942665
5220,-102,844,68,392,11,12,187,-6.490494
5220,-102,841,68,392,10,14,187,-7.645981
5220,-102,841,68,392,11,14,187,-6.365334
5220,-102,844,68,392,13,12,188,-4.757629
5220,-102,846,68,392,11,12,188,-6.499130
5220,-102,845,68,392,11,14,188,-6.379028
5220,-102,851,68,392,10,11,189,-7.362656
5220,-102,843,68,392,11,14,188,-7.027740
5220,-102,848,68,392,10,13,187,-8.293381
5220,-102,848,68,392,10,14,188,-7.113113
5220,-102,850,68,392,10,12,187,-7.571213
5220,-102,848,68,392,11,12,187,-6.701370
5220,-102,841,68,392,11,13,189,-6.574799
5220,-102,846,68,392,11,12,188,-6.364250
5220,-102,846,68,392,11,13,187,-6.439819
5220,-102,849,68,392,11,13,187,-6.300522
5220,-102,852,68,392,11,12,188,-6.441750
5220,-102,849,68,392,10,10,187,-7.909775
5220,-102,845,68,392,11,13,188,-6.199844
5220,-102,847,68,392,10,14,188,-7.488457
5220,-102,847,68,392,10,13,188,-7.256889
5220,-102,843,68,392,11,13,189,-6.701004
5220,-102,847,68,392,11,12,187,-6.533813
5220,-102,847,68,392,11,13,188,-6.312820
5220,-102,845,68,392,10,11,187,-7.312271
5220,-102,851,68,392,10,14,189,-6.971268
5220,-102,850,68,392,11,16,189,-6.229904
5220,-102,851,68,392,12,15,188,-6.382538
5220,-102,848,68,392,11,13,188,-7.028564
5220,-102,846,68,392,9,14,188,-8.503586
5220,-102,849,68,392,9,14,188,-9.332611
5220,-102,843,68,392,12,12,188,-5.396698
5220,-102,849,68,392,11,13,189,-6.584106
5220,-102,849,68,392,10,12,188,-7.359680
5220,-102,847,68,392,9,14,188,-8.115921
5220,-102,847,68,392,10,11,187,-7.932816
5220,-102,839,68,392,10,11,187,-7.475380
5220,-102,840,68,392,8,12,187,-9.502579
5220,-102,847,68,392,10,13,188,-7.561340
5220,-102,851,68,392,10,15,188,-7.313919
5220,-102,850,68,392,10,13,189,-7.782623
5220,-102,849,68,392,10,13,188,-7.996567
5220,-102,849,68,392,12,15,188,-5.995392
5220,-102,848,68,392,11,13,187,-5.994888
5220,-102,844,68,392,10,12,187,-7.330170
5220,-102,849,68,392,11,13,188,-6.485146
5220,-102,846,68,392,11,13,188,-6.371567
5220,-102,847,68,392,11,14,188,-6.963028
5220,-102,851,68,392,9,12,188,-8.268051
5220,-102,844,68,392,10,12,187,-7.168625
5220,-102,844,68,392,12,13,188,-4.949585
5220,-102,847,68,392,10,12,188,-7.349014
5220,-102,851,68,392,11,13,188,-5.978989
5220,-102,848,68,392,11,12,188,-6.367950
5220,-102,845,68,392,11,12,187,-6.459396
5220,-102,850,68,392,11,12,188,-5.998405
5220,-102,844,68,392,9,12,188,-8.398987
5220,-102,842,68,392,11,16,188,-6.745667
5220,-102,842,68,392,11,13,187,-6.378212
5220,-102,846,68,392,10,13,188,-7.182884
5220,-102,848,68,392,11,15,188,-6.393692
5220,-102,851,68,392,10,15,189,-7.435059
5220,-102,852,68,392,11,14,189,-6.389420
5220,-102,851,68,392,10,13,188,-7.335175
5220,-102,848,68,392,12,13,188,-5.277313
5220,-102,848,68,392,11,10,187,-6.498077
5220,-102,843,68,392,11,11,187,-6.555573
5220,-102,847,68,392,11,12,188,-6.428757
5220,-102,844,68,392,10,13,188,-7.230606
5220,-102,848,68,392,11,9,187,-6.311768
5220,-102,848,68,392,11,11,187,-6.352631
5220,-102,844,68,392,11,12,187,-6.040222
5220,-102,845,68,392,12,14,189,-5.331573
5220,-102,845,68,392,9,13,188,-8.511993
5220,-102,845,68,392,9,13,188,-7.989334
5220,-102,846,68,392,11,13,188,-6.384689
5220,-102,842,68,392,11,12,188,-6.542252
5220,-102,841,68,392,11,14,189,-6.221260
5220,-102,848,68,392,10,11,187,-7.172821
5220,-102,844,68,392,11,11,188,-6.403473
5220,-102,851,68,392,12,12,188,-5.486588
5220,-102,846,68,392,11,12,188,-6.295403
5220,-102,846,68,392,10,15,189,-8.034622
5220,-102,846,68,392,9,13,189,-8.381905
5220,-102,849,68,392,9,12,187,-8.296295
5220,-102,845,68,392,11,12,188,-6.344299
5220,-102,840,68,392,12,14,188,-5.130211
5220,-102,845,68,392,12,14,189,-5.307457
5220,-102,847,68,392,10,12,187,-7.753204
5220,-102,844,68,392,10,14,188,-7.347488
5220,-102,846,68,392,11,15,188,-6.227493
5220,-102,851,68,392,10,13,188,-7.287628
5220,-102,846,68,392,11,14,188,-6.082954
5220,-102,849,68,392,9,15,188,-8.379128
5220,-102,842,68,392,11,14,187,-6.241089
5220,-102,846,68,392,9,12,187,-8.526596
5220,-102,836,68,392,10,14,188,-7.330750
5220,-102,847,68,392,10,13,189,-7.118591
5220,-102,850,68,392,9,11,187,-8.559448
5220,-102,844,68,392,12,13,187,-5.282562
5220,-102,845,68,392,11,13,188,-6.443542
5220,-102,839,68,392,10,13,188,-7.429047
5220,-102,846,68,392,12,14,188,-5.184845
5220,-102,844,68,392,12,12,188,-5.661201
5220,-102,845,68,392,9,13,187,-8.213303
5220,-102,847,68,392,11,13,188,-6.510788
5220,-102,849,68,392,12,15,189,-5.598328
5220,-102,847,68,392,11,11,187,-6.595901
5220,-102,847,68,392,12,14,188,-5.746140
5220,-102,843,68,392,11,12,188,-6.271637
5220,-102,848,68,392,9,12,187,-8.321281
5220,-102,844,68,392,12,13,188,-5.739960
5220,-102,844,68,392,11,12,188,-6.349350
5220,-102,847,68,392,12,15,187,-4.911644
5220,-102,846,68,392,14,13,188,-3.403603
5220,-102,849,68,392,10,13,188,-7.249832
5220,-102,846,68,392,10,13,188,-7.645798
5220,-102,847,68,392,10,12,188,-7.675438
5220,-102,846,68,392,12,13,188,-5.736336
5220,-102,848,68,392,11,15,188,-7.000381
5220,-102,849,68,392,11,12,188,-6.502838
5220,-102,845,68,392,11,12,187,-6.595657
5220,-102,846,68,392,11,12,188,-6.310852
5220,-102,845,68,392,10,13,188,-7.808441
5220,-102,848,68,392,10,14,188,-7.408775
5220,-102,851,68,392,11,12,188,-6.281998
5220,-102,839,68,392,13,13,188,-4.364639
5220,-102,836,68,392,12,13,187,-5.726578
5220,-102,845,68,392,10,11,187,-7.477798
5220,-102,844,68,392,10,12,188,-7.321121
5220,-102,844,68,392,8,14,189,-9.309357
5220,-102,851,68,392,11,12,188,-6.725288
5220,-102,844,68,392,11,12,188,-6.123459
5220,-102,846,68,392,12,12,187,-5.218857
5220,-102,850,68,392,11,13,188,-6.061172
5220,-102,847,68,392,11,11,187,-6.065010
5220,-102,848,68,392,10,11,188,-7.175735
5220,-102,845,68,392,10,13,188,-7.971077
5220,-102,844,68,392,10,12,188,-7.555893
5220,-102,842,68,392,10,11,187,-7.321976
5220,-102,846,68,392,10,12,187,-7.286758
5220,-102,850,68,392,10,8,187,-8.353470
5220,-102,843,68,392,9,12,187,-8.450134
5220,-102,846,68,392,11,12,188,-6.406143
5220,-102,839,68,392,10,12,188,-7.562729
5220,-102,846,68,392,9,13,188,-8.067337
5220,-102,833,68,392,12,15,187,-5.910774
5220,-102,848,68,392,9,14,188,-8.140076
5220,-102,844,68,392,9,14,187,-8.368004
5220,-102,846,68,392,11,11,187,-6.980301
5220,-102,847,68,392,12,14,188,-5.622414
5220,-102,848,68,392,9,11,188,-8.782013
5220,-102,844,68,392,11,14,188,-6.373161
5220,-102,848,68,392,11,11,188,-6.383087
5220,-102,850,68,392,10,15,188,-7.353409
5220,-102,846,68,392,10,13,188,-7.229424
5220,-102,846,68,392,10,13,188,-7.543121
5220,-102,845,68,392,10,14,188,-7.353798
5220,-102,845,68,392,9,13,188,-8.182083
5220,-102,849,68,392,10,12,188,-7.121475
5220,-102,849,68,392,10,12,188,-7.594513
5220,-102,844,68,392,10,14,188,-7.656937
5220,-102,840,68,392,12,12,188,-5.378845
5220,-102,846,68,392,10,13,188,-7.321373
5220,-102,844,68,392,11,13,188,-7.399155
5220,-102,844,68,392,9,13,188,-8.402206
5220,-102,850,68,392,13,15,188,-4.304306
5220,-102,839,68,392,10,11,188,-7.196793
5220,-102,850,68,392,10,13,188,-7.498077
5220,-102,850,68,392,10,12,188,-7.191162
5220,-102,845,68,392,12,15,188,-6.328293
5220,-102,847,68,392,9,13,188,-8.205536
5220,-102,843,68,392,10,11,188,-7.110344
5220,-102,847,68,392,10,13,188,-7.506180
5220,-102,848,68,392,11,11,187,-6.043335
5220,-102,846,68,392,9,12,187,-8.595589
5220,-102,844,68,392,12,12,188,-5.803955
5220,-102,843,68,392,11,14,188,-6.369308
5220,-102,843,68,392,12,13,188,-5.094406
5220,-102,842,68,392,11,13,187,-6.257904
5220,-102,845,68,392,10,12,187,-7.111130
5220,-102,846,68,392,11,13,188,-6.394669
5220,-102,850,68,392,9,12,188,-8.650772
5220,-102,850,68,392,9,14,188,-8.510269
5220,-102,848,68,392,11,11,187,-6.344887
5220,-102,847,68,392,12,13,188,-5.218613
5220,-102,846,68,392,12,14,187,-5.266205
5220,-102,847,68,392,11,13,188,-6.476257
5220,-102,845,68,392,11,13,188,-6.398514
5220,-102,845,68,392,10,11,187,-7.952942
5220,-102,845,68,392,12,13,188,-5.111710
5220,-102,843,68,392,10,11,187,-7.421013
5220,-102,846,68,392,12,12,187,-5.315598
5220,-102,840,68,392,10,14,188,-7.261887
5220,-102,847,68,392,11,12,188,-6.142487
5220,-102,843,68,392,10,12,188,-7.620728
5220,-102,844,68,392,11,13,188,-6.333466
5220,-102,839,68,392,10,10,187,-7.325531
5220,-102,844,68,392,11,13,188,-6.248779
5220,-102,839,68,392,12,14,187,-5.622200
5220,-102,843,68,392,12,15,188,-5.672913
5220,-102,843,68,392,12,13,188,-5.305420
5220,-102,847,68,392,10,11,187,-7.949265
5220,-102,846,68,392,11,13,188,-6.230240
5220,-102,836,68,392,11,11,187,-6.100021
5220,-102,843,68,392,12,13,187,-5.716713
5220,-102,841,68,392,11,16,187,-6.111969
5220,-102,846,68,392,10,11,188,-7.650406
5220,-102,845,68,392,11,13,188,-6.559006
5220,-102,846,68,392,12,10,187,-6.264717
5220,-102,845,68,392,12,11,187,-5.323860
5220,-102,844,68,392,8,13,188,-9.763023
5220,-102,853,68,392,10,13,188,-7.518951
5220,-102,846,68,392,11,12,188,-6.375961
5220,-102,846,68,392,11,14,188,-6.518509
5220,-102,850,68,392,10,14,188,-7.665482
5220,-102,844,68,392,12,14,187,-6.288391
5220,-102,847,68,392,11,14,188,-7.362289
5220,-102,851,68,392,9,12,188,-8.284302
5220,-102,847,68,392,11,14,189,-6.158508
5220,-102,846,68,392,11,11,188,-6.417404
5220,-102,845,68,392,11,12,187,-6.336197
5220,-102,844,68,392,10,13,188,-7.287338
5220,-102,843,68,392,11,13,188,-7.044411
5220,-102,839,68,392,12,12,187,-5.350937
5220,-102,835,68,392,12,14,187,-5.137360
5220,-102,848,68,392,11,12,187,-6.393875
5220,-102,844,68,392,10,13,187,-8.311386
5220,-102,850,68,392,11,13,189,-6.456024
5220,-102,841,68,392,10,12,188,-8.014549
5220,-102,845,68,392,12,14,187,-5.343903
5220,-102,847,68,392,12,13,188,-5.497284
5220,-102,846,68,392,10,15,189,-7.368179
5220,-102,847,68,392,10,14,188,-8.001122
5220,-102,843,68,392,10,15,188,-7.229126
5220,-102,839,68,392,11,12,188,-6.336990
5220,-102,842,68,392,12,11,187,-4.896248
5220,-102,844,68,392,12,13,189,-5.479439
5220,-102,841,68,392,11,13,187,-6.702003
5220,-102,846,68,392,12,13,187,-5.273651
5220,-102,844,68,392,10,12,188,-8.354843
5220,-102,843,68,392,10,13,188,-7.646255
5220,-102,843,68,392,11,11,188,-6.445236
5220,-102,841,68,392,11,12,187,-6.266083
5220,-102,840,68,392,10,12,186,-7.486893
5220,-102,850,68,392,11,12,187,-6.103149
5220,-102,846,68,392,11,14,188,-5.925674
5220,-102,848,68,392,10,12,188,-7.233917
5220,-102,845,68,392,10,12,187,-7.402222
5220,-102,846,68,392,10,14,188,-7.306717
5220,-102,840,68,392,7,14,188,-10.481575
5220,-102,839,68,392,10,12,188,-8.362984
5220,-102,849,68,392,10,13,188,-7.056076
5220,-102,841,68,392,12,14,187,-5.603714
5220,-102,852,68,392,12,11,188,-5.942429
5220,-102,843,68,392,10,13,188,-7.374405
5220,-102,837,68,392,10,13,187,-7.598740
5220,-102,851,68,392,12,13,189,-6.389877
5220,-102,849,68,392,11,14,188,-7.365601
5220,-102,841,68,392,10,14,187,-7.467270
5220,-102,845,68,392,11,14,189,-6.350273
5220,-102,841,68,392,11,12,188,-6.430222
5220,-102,846,68,392,11,13,188,-7.330002
5220,-102,846,68,392,10,12,187,-7.969894
5220,-102,851,68,392,12,14,188,-5.771011
5220,-102,847,68,392,11,13,188,-6.601379
5220,-102,849,68,392,10,14,188,-7.643387
5220,-102,834,68,392,10,14,188,-7.250481
5220,-102,846,68,392,10,13,189,-7.399422
5220,-102,842,68,392,11,15,188,-6.097534
5220,-102,841,68,392,12,14,187,-5.890991
5220,-102,851,68,392,11,13,188,-6.086456
5220,-102,839,68,392,11,12,188,-6.647629
5220,-102,847,68,392,13,12,188,-4.401909
5220,-102,850,68,392,11,10,187,-6.592598
5220,-102,844,68,392,10,14,189,-7.316025
5220,-102,846,68,392,10,14,188,-7.404083
5220,-102,847,68,392,9,14,188,-8.180298
5220,-102,849,68,392,11,15,188,-6.638031
5220,-102,843,68,392,9,14,188,-9.355927
5220,-102,843,68,392,10,14,188,-7.549576
5220,-102,849,68,392,11,15,189,-6.385887
5220,-102,846,68,392,13,12,187,-4.066063
5220,-102,848,68,392,9,11,187,-9.320236
5220,-102,841,68,392,9,13,188,-8.344894
5220,-102,844,68,392,10,12,187,-7.107475
5220,-102,850,68,392,10,12,188,-7.338959
5220,-102,850,68,392,10,14,188,-7.289772
5220,-102,839,68,392,11,13,188,-6.355576
5220,-102,846,68,392,12,11,188,-5.138321
5220,-102,847,68,392,11,14,188,-6.980347
5220,-102,847,68,392,11,11,187,-6.595581
5220,-102,845,68,392,11,11,188,-7.382553
5220,-102,846,68,392,11,12,188,-6.747772
5220,-102,845,68,392,8,13,187,-10.270340
5220,-102,849,68,392,10,13,188,-7.177643
5220,-102,843,68,392,10,15,189,-7.743469
5220,-102,845,68,392,10,14,188,-7.769707
5220,-102,848,68,392,11,15,188,-6.369644
5220,-102,844,68,392,10,11,188,-8.324127
5220,-102,838,68,392,11,13,188,-6.054863
5220,-102,843,68,392,12,13,188,-5.342438
5220,-102,849,68,392,11,12,188,-6.520180
5220,-102,845,68,392,10,14,189,-7.342056
5220,-102,841,68,392,10,13,189,-7.780014
5220,-102,849,68,392,11,11,187,-6.104202
5220,-102,850,68,392,10,12,188,-7.317749
5220,-102,845,68,392,12,12,188,-5.496552
5220,-102,845,68,392,12,13,187,-5.126633
5220,-102,833,68,392,9,14,188,-9.388092
5220,-102,847,68,392,9,13,188,-8.996719
5220,-102,846,68,392,11,15,188,-6.610016
5220,-102,847,68,392,11,13,188,-6.390884
5220,-102,851,68,392,11,11,188,-6.581924
5220,-102,850,68,392,8,13,187,-9.473160
5220,-102,847,68,392,10,13,188,-7.229813
5220,-102,848,68,392,9,11,188,-8.171341
5220,-102,843,68,392,10,13,187,-7.869293
5220,-102,843,68,392,10,12,187,-8.290428
5220,-102,849,68,392,10,14,188,-7.631317
5220,-102,849,68,392,11,13,188,-5.953140
5220,-102,846,68,392,12,13,187,-5.908173
5220,-102,841,68,392,10,11,187,-8.311356
5220,-102,848,68,392,11,15,188,-6.333527
5220,-102,853,68,392,10,12,189,-7.792427
5220,-102,846,68,392,11,12,188,-6.127655
5220,-102,845,68,392,11,11,187,-6.111214
5220,-102,845,68,392,11,12,188,-5.950012
5220,-102,844,68,392,9,10,188,-8.769897
5220,-102,846,68,392,11,11,187,-6.467957
5220,-102,848,68,392,10,14,187,-8.300247
5220,-102,845,68,392,10,13,188,-7.113663
5220,-102,847,68,392,10,12,188,-7.253662
5220,-102,848,68,392,12,12,188,-5.106430
5220,-102,841,68,392,12,13,188,-6.311310
5220,-102,845,68,392,10,15,189,-7.687759
5220,-102,845,68,392,10,11,187,-7.368713
5220,-102,844,68,392,11,13,188,-6.341896
5220,-102,847,68,392,13,11,187,-4.363098
5220,-102,839,68,392,11,12,187,-6.318283
5220,-102,844,68,392,11,13,188,-6.392654
5220,-102,849,68,392,10,14,188,-7.617485
5220,-102,848,68,392,11,12,188,-6.414055
5220,-102,844,68,392,8,13,188,-9.505753
5220,-102,847,68,392,9,13,187,-8.317009
5220,-102,844,68,392,11,13,187,-6.388756
5220,-102,847,68,392,12,12,188,-5.262825
5220,-102,847,68,392,11,12,188,-6.216644
5220,-102,842,68,392,10,13,188,-7.779999
5220,-102,846,68,392,9,15,188,-8.144119
5220,-102,848,68,392,11,13,189,-6.465645
5220,-102,844,68,392,11,11,188,-6.392632
5220,-102,845,68,392,11,10,186,-5.991913
5220,-102,846,68,392,11,11,187,-6.338928
5220,-102,842,68,392,11,13,188,-6.780510
5220,-102,845,68,392,9,12,188,-8.376846
5220,-102,843,68,392,11,14,188,-6.375504
5220,-102,833,68,392,12,14,188,-5.049561
5220,-102,849,68,392,10,14,188,-7.432693
5220,-102,843,68,392,10,11,188,-7.681900
5220,-102,846,68,392,11,13,187,-6.494034
5220,-102,842,68,392,11,13,188,-6.383530
5220,-102,843,68,392,11,13,188,-6.171127
5220,-102,831,68,392,9,11,187,-8.264099
5220,-102,845,68,392,11,13,187,-6.186432
5220,-102,845,68,392,12,13,188,-6.383148
5220,-102,846,68,392,10,13,187,-7.291840
5220,-102,841,68,392,10,14,187,-7.936707
5220,-102,837,68,392,10,10,186,-7.907639
5220,-102,846,68,392,9,15,187,-8.958763
5220,-102,840,68,392,10,14,188,-7.056747
5220,-102,841,68,392,11,12,187,-7.373444
5220,-102,846,68,392,10,14,188,-7.117004
5220,-102,841,68,392,11,12,187,-6.460815
5220,-102,845,68,392,12,11,188,-5.447342
5220,-102,845,68,392,9,14,187,-8.065109
5220,-102,846,68,392,11,14,188,-6.649628
5220,-102,848,68,392,11,15,188,-6.428162
5220,-102,844,68,392,11,15,188,-7.364182
5220,-102,839,68,392,13,14,188,-4.461929
5220,-102,839,68,392,12,13,188,-5.981979
5220,-102,846,68,392,10,13,187,-7.975540
5220,-102,838,68,392,11,11,187,-6.664101
5220,-102,847,68,392,11,10,188,-6.236786
5220,-102,841,68,392,10,14,189,-7.234909
5220,-102,841,68,392,10,12,188,-7.032066
5220,-102,845,68,392,11,12,189,-6.540848
5220,-102,851,68,392,9,14,188,-8.187088
5220,-102,848,68,392,11,14,188,-6.333755
5220,-102,846,68,392,11,12,187,-6.296844
5220,-102,845,68,392,10,11,188,-7.145081
5220,-102,846,68,392,10,14,188,-7.526207
5220,-102,844,68,392,10,13,188,-7.984879
5220,-102,847,68,392,10,10,187,-7.165787
5220,-102,832,68,392,11,11,187,-6.101654
5220,-102,847,68,392,9,13,188,-8.329102
5220,-102,839,68,392,11,12,188,-6.598999
5220,-102,849,68,392,13,13,188,-4.225105
5220,-102,846,68,392,11,13,187,-6.602478
5220,-102,846,68,392,11,11,187,-6.934479
5220,-102,844,68,392,9,13,188,-8.340065
5220,-102,844,68,392,11,12,187,-6.314896
5220,-102,839,68,392,11,13,188,-6.999992
5220,-102,847,68,392,11,15,189,-7.059380
5220,-102,846,68,392,11,15,188,-6.284882
5220,-102,844,68,392,10,14,188,-7.429001
5220,-102,849,68,392,11,12,188,-6.494873
5220,-102,838,68,392,10,15,188,-7.427505
5220,-102,845,68,392,11,13,188,-6.323364
5220,-102,845,68,392,11,12,187,-6.254547
5220,-102,840,68,392,10,12,188,-7.464752
5220,-102,851,68,392,10,11,187,-7.329163
5220,-102,851,68,392,11,13,188,-6.310776
5220,-102,846,68,392,12,12,188,-5.505157
5220,-102,848,68,392,9,15,188,-8.515137
5220,-102,848,68,392,10,12,188,-7.279556
5220,-102,850,68,392,12,10,187,-5.239899
5220,-102,850,68,392,13,12,188,-4.297485
5220,-102,843,68,392,11,12,188,-6.345795
5220,-102,844,68,392,11,12,188,-6.240379
5220,-102,847,68,392,11,12,188,-6.634949
5220,-102,851,68,392,12,14,188,-5.400543
5220,-102,848,68,392,9,14,188,-8.367630
5220,-102,845,68,392,12,13,188,-5.263741
5220,-102,842,68,392,12,14,188,-5.501625
5220,-102,844,68,392,10,12,188,-7.110367
5220,-102,851,68,392,9,15,188,-8.524689
5220,-102,839,68,392,9,12,187,-8.408173
5220,-102,849,68,392,11,15,188,-6.734894
5220,-102,849,68,392,10,12,188,-7.165527
5220,-102,845,68,392,9,13,188,-8.375473
5220,-102,847,68,392,12,13,187,-5.478683
5220,-102,846,68,392,12,13,187,-5.328957
5220,-102,847,68,392,10,13,188,-7.636780
5220,-102,846,68,392,11,15,188,-6.309738
5220,-102,848,68,392,12,11,188,-6.024551
5220,-102,845,68,392,9,11,188,-8.138687
5220,-102,845,68,392,10,12,188,-6.997635
5220,-102,847,68,392,11,11,188,-6.262909
5220,-102,845,68,392,10,11,188,-7.447281
5220,-102,849,68,392,10,12,188,-7.322815
5220,-102,847,68,392,13,12,188,-4.729492
5220,-102,848,68,392,10,12,188,-7.367462
5220,-102,846,68,392,9,12,187,-8.041489
5220,-102,851,68,392,10,14,189,-7.776085
5220,-102,843,68,392,10,11,187,-7.303070
5220,-102,844,68,392,11,11,187,-6.143196
5220,-102,845,68,392,13,13,189,-4.600113
5220,-102,848,68,392,10,14,188,-7.216118
5220,-102,843,68,392,10,12,188,-7.279419
5220,-102,842,68,392,10,12,189,-7.205856
5220,-102,841,68,392,8,14,187,-9.311684
5220,-102,842,68,392,11,12,187,-6.156471
5220,-102,845,68,392,12,12,188,-5.780945
5220,-102,849,68,392,11,12,187,-6.926712
5220,-102,845,68,392,9,12,188,-8.568954
5220,-102,841,68,392,11,12,188,-6.272842
5220,-102,845,68,392,10,13,188,-7.743027
5220,-102,843,68,392,11,13,188,-6.376053
5220,-102,851,68,392,11,13,188,-6.483124
5220,-102,848,68,392,12,13,187,-5.291260
5220,-102,845,68,392,12,14,188,-5.281151
5220,-102,845,68,392,10,11,187,-7.596893
5220,-102,840,68,392,11,12,187,-6.238678
5220,-102,841,68,392,10,14,188,-7.026497
5220,-102,843,68,392,11,12,188,-6.399979
5220,-102,840,68,392,13,11,187,-4.330048
5220,-102,846,68,392,11,14,188,-5.958420
5220,-102,851,68,392,11,14,188,-6.051575
5220,-102,845,68,392,11,13,188,-6.295517
5220,-102,849,68,392,12,12,188,-6.056107
5220,-102,848,68,392,11,12,188,-6.433350
5220,-102,846,68,392,10,12,187,-7.202545
5220,-102,849,68,392,11,15,188,-6.264343
5220,-102,849,68,392,10,11,188,-7.316833
5220,-102,845,68,392,10,12,188,-7.775902
5220,-102,844,68,392,12,13,188,-5.412354
5220,-102,851,68,392,10,11,188,-7.482391
5220,-102,845,68,392,11,12,188,-6.350769
5220,-102,843,68,392,11,13,188,-7.367119
5220,-102,844,68,392,10,15,188,-7.581558
5220,-102,848,68,392,10,14,188,-8.405029
5220,-102,844,68,392,12,14,189,-5.213425
5220,-102,850,68,392,8,14,188,-9.529953
5220,-102,847,68,392,10,13,188,-7.971550
5220,-102,847,68,392,11,13,188,-6.209969
5220,-102,847,68,392,11,13,188,-6.041481
5220,-102,846,68,392,12,14,189,-5.463036
5220,-102,845,68,392,9,13,189,-8.141602
5220,-102,848,68,392,10,11,188,-7.182510
5220,-102,846,68,392,11,13,189,-6.390396
5220,-102,842,68,392,10,12,188,-7.305161
5220,-102,844,68,392,12,14,187,-5.180367
5220,-102,847,68,392,11,15,188,-6.414177
5220,-102,848,68,392,11,14,189,-6.453568
5220,-102,841,68,392,11,12,187,-6.936264
5220,-102,846,68,392,11,13,188,-6.327347
5220,-102,842,68,392,10,12,186,-7.315666
5220,-102,846,68,392,11,13,187,-6.679184
5220,-102,840,68,392,10,13,188,-7.354370
5220,-102,839,68,392,10,11,188,-7.324402
5220,-102,843,68,392,12,12,188,-5.588837
5220,-102,847,68,392,13,12,188,-4.164047
5220,-102,847,68,392,10,12,188,-7.605179
5220,-102,844,68,392,11,11,187,-6.327728
5220,-102,838,68,392,11,12,186,-6.328323
5220,-102,838,68,392,12,13,187,-5.505936
5220,-102,846,68,392,10,12,187,-7.641602
5220,-102,845,68,392,9,15,188,-8.552582
5220,-102,841,68,392,13,14,188,-4.793228
5220,-102,835,68,392,11,14,188,-6.520294
5220,-102,848,68,392,11,12,188,-6.262489
5220,-102,843,68,392,12,14,189,-6.060410
5220,-102,847,68,392,10,11,187,-7.657959
5220,-102,844,68,392,11,13,189,-6.235497
5220,-102,846,68,392,10,14,189,-7.146606
5220,-102,844,68,392,12,12,187,-5.709961
5220,-102,841,68,392,11,11,187,-6.231018
5220,-102,846,68,392,10,12,187,-7.723206
5220,-102,847,68,392,10,14,189,-8.425919
5220,-102,840,68,392,10,14,187,-7.745972
5220,-102,843,68,392,13,12,188,-4.273560
5220,-102,845,68,392,12,13,188,-5.762848
5220,-102,848,68,392,11,12,188,-6.422821
5220,-102,843,68,392,11,12,187,-6.445877
5220,-102,840,68,392,10,13,188,-7.490616
5220,-102,847,68,392,11,12,188,-6.302292
5220,-102,852,68,392,10,13,188,-7.549530
5220,-102,836,68,392,10,13,188,-7.985786
5220,-102,846,68,392,10,12,188,-7.653656
5220,-102,847,68,392,10,14,188,-7.237320
5220,-102,850,68,392,10,11,189,-7.677643
5220,-102,847,68,392,12,11,188,-5.373749
5220,-102,845,68,392,10,14,188,-7.185211
5220,-102,844,68,392,10,14,188,-7.993881
5220,-102,839,68,392,10,11,187,-7.351929
5220,-102,843,68,392,10,12,187,-7.872963
5220,-102,851,68,392,10,11,187,-7.369629
5220,-102,847,68,392,12,12,188,-5.395950
5220,-102,846,68,392,11,12,188,-6.060753
5220,-102,841,68,392,11,14,188,-6.438591
5220,-102,840,68,392,11,11,187,-6.271332
5220,-102,845,68,392,10,13,188,-7.217773
5220,-102,841,68,392,9,13,188,-8.446510
5220,-102,845,68,392,11,14,188,-6.304672
5220,-102,845,68,392,9,13,188,-8.431808
5220,-102,841,68,392,11,10,187,-6.563889
5220,-102,839,68,392,12,14,188,-5.440712
5220,-102,842,68,392,12,14,188,-5.661278
5220,-102,844,68,392,10,13,188,-7.339157
5220,-102,849,68,392,10,11,187,-7.133141
5220,-102,845,68,392,10,15,188,-7.521545
5220,-102,846,68,392,12,14,188,-5.654633
5220,-102,844,68,392,13,12,188,-4.672470
5220,-102,835,68,392,10,14,187,-7.348160
5220,-102,843,68,392,12,11,188,-5.199104
5220,-102,848,68,392,11,12,188,-6.978691
5220,-102,848,68,392,11,13,188,-6.305313
5220,-102,844,68,392,11,13,188,-6.239449
5220,-102,845,68,392,10,14,188,-7.735771
5220,-102,844,68,392,11,12,188,-6.962944
5220,-102,846,68,392,9,12,187,-8.689835
5220,-102,848,68,392,9,11,187,-8.473793
5220,-102,843,68,392,12,15,188,-5.563118
5220,-102,847,68,392,11,14,188,-6.126984
5220,-102,847,68,392,10,12,187,-8.283051
5220,-102,843,68,392,10,12,188,-7.329056
5220,-102,844,68,392,10,14,188,-7.341888
5220,-102,845,68,392,10,12,188,-7.635056
5220,-102,844,68,392,9,12,188,-8.351578
5220,-102,846,68,392,10,11,188,-7.234039
5220,-102,841,68,392,11,12,188,-6.405991
5220,-102,837,68,392,9,12,188,-8.391922
5220,-102,845,68,392,12,12,187,-5.363281
5220,-102,845,68,392,10,11,188,-8.005440
5220,-102,845,68,392,10,15,189,-7.785072
5220,-102,844,68,392,11,13,188,-6.364578
5220,-102,845,68,392,10,12,188,-7.582596
5220,-102,842,68,392,9,11,187,-8.748589
5220,-102,841,68,392,11,13,188,-6.592133
5220,-102,847,68,392,11,13,187,-6.049652
5220,-102,844,68,392,11,12,188,-6.216644
5220,-102,846,68,392,10,12,188,-7.099274
5220,-102,839,68,392,8,14,188,-9.106194
5220,-102,845,68,392,11,12,187,-6.406921
5220,-102,847,68,392,10,12,187,-7.300072
5220,-102,841,68,392,9,12,188,-8.945686
5240,-102,844,68,392,11,11,188,-6.112778
5240,-102,845,68,392,11,11,188,-6.323616
5240,-102,848,68,392,11,12,189,-6.787842
5240,-102,843,68,392,11,14,188,-6.353165
5240,-102,841,68,392,11,12,188,-7.020744
5240,-102,839,68,392,12,12,188,-5.249062
5240,-102,847,68,392,11,13,188,-6.541855
5240,-102,845,68,392,13,11,188,-4.059616
5240,-102,846,68,392,11,13,189,-7.392929
5240,-102,846,68,392,11,12,188,-6.292633
5240,-102,844,68,392,11,13,188,-6.114075
5240,-102,842,68,392,9,13,188,-8.091766
5240,-102,849,68,392,10,14,188,-7.245941
5240,-102,850,68,392,12,13,188,-5.226486
5240,-102,848,68,392,11,12,188,-6.380898
5240,-102,847,68,392,11,13,188,-6.640472
5240,-102,844,68,392,11,12,189,-6.351166
5240,-102,849,68,392,13,14,189,-4.568451
5240,-102,847,68,392,10,12,188,-7.509857
5240,-102,847,68,392,12,12,189,-5.445831
5240,-102,847,68,392,8,13,188,-9.485641
5240,-102,839,68,392,10,11,187,-7.470261
5240,-102,844,68,392,11,12,189,-5.939255
5240,-102,841,68,392,11,12,188,-6.220863
5240,-102,845,68,392,12,15,189,-5.105789
5240,-102,844,68,392,12,13,188,-4.851334
5240,-102,849,68,392,8,14,189,-9.693085
5240,-102,847,68,392,12,10,189,-5.550522
5240,-102,843,68,392,11,13,189,-6.669350
5240,-102,844,68,392,11,13,187,-6.158356
5240,-102,848,68,392,10,12,189,-7.440338
5240,-102,844,68,392,11,13,189,-6.333206
5240,-102,844,68,392,10,13,188,-7.338562
5240,-102,845,68,392,13,11,187,-4.725998
5240,-102,849,68,392,11,11,188,-6.422539
5240,-102,848,68,392,12,13,188,-5.506500
5240,-102,837,68,392,12,11,187,-6.343628
5240,-102,849,68,392,12,10,188,-5.090897
5240,-102,849,68,392,11,13,189,-6.578537
5240,-102,848,68,392,11,13,189,-6.666168
5240,-102,843,68,392,12,12,188,-5.415321
5240,-102,843,68,392,11,12,188,-6.642059
5240,-102,843,68,392,13,12,188,-4.152328
5240,-102,841,68,392,11,11,189,-6.338593
5240,-102,839,68,392,10,14,188,-7.676956
5240,-102,836,68,392,11,12,188,-6.134918
5240,-102,846,68,392,13,11,188,-5.024712
5240,-102,843,68,392,12,13,189,-6.064301
5240,-102,846,68,392,13,12,188,-5.418488
5240,-102,843,68,392,14,13,189,-3.328766
5240,-102,846,68,392,10,12,188,-7.334564
5240,-102,845,68,392,11,13,188,-5.958511
5240,-102,850,68,392,11,13,187,-6.474121
5240,-102,843,68,392,15,13,187,-2.045166
5240,-102,844,68,392,12,13,189,-5.548050
5240,-102,849,68,392,9,12,188,-8.599594
5240,-102,841,68,392,11,15,187,-6.376595
5240,-102,844,68,392,12,12,188,-5.292847
5240,-102,844,68,392,13,12,187,-4.682526
5240,-102,846,68,392,11,13,189,-6.684158
5240,-102,842,68,392,12,10,187,-5.188492
5240,-102,851,68,392,9,13,188,-9.010635
5240,-102,846,68,392,12,11,188,-5.340073
5240,-102,835,68,392,12,10,187,-5.497086
5240,-102,846,68,392,11,13,188,-6.360474
5240,-102,843,68,392,13,13,188,-4.253204
5240,-102,838,68,392,11,11,189,-6.498764
5240,-102,848,68,392,13,12,188,-4.270546
5240,-102,847,68,392,11,13,188,-6.349564
5240,-102,845,68,392,12,11,187,-5.595337
5240,-102,850,68,392,12,13,189,-5.226562
5240,-102,843,68,392,10,11,188,-7.428207
5240,-102,849,68,392,11,12,188,-6.385895
5240,-102,844,68,392,14,14,188,-3.175491
5240,-102,845,68,392,10,13,188,-7.525833
5240,-102,841,68,392,10,13,188,-7.195877
5240,-102,847,68,392,11,12,189,-6.599106
5240,-102,845,68,392,12,13,188,-5.364197
5240,-102,844,68,392,12,11,188,-5.649460
5240,-102,841,68,392,10,13,188,-7.361359
5240,-102,843,68,392,12,13,188,-6.345230
5240,-102,844,68,392,14,12,188,-3.782631
5240,-102,842,68,392,12,13,189,-5.732506
5240,-102,847,68,392,12,11,188,-5.324097
5240,-102,848,68,392,12,13,187,-5.336136
5240,-102,842,68,392,11,12,187,-6.704269
5240,-102,847,68,392,13,13,189,-4.105003
5240,-102,840,68,392,11,13,189,-5.982193
5240,-102,845,68,392,11,13,188,-6.377670
5240,-102,845,68,392,10,12,189,-7.572266
5240,-102,846,68,392,11,12,188,-7.444748
5240,-102,848,68,392,10,13,189,-7.701828
5240,-102,843,68,392,12,14,189,-5.460999
5240,-102,846,68,392,13,12,188,-4.491707
5240,-102,847,68,392,12,12,188,-5.047928
5240,-102,847,68,392,10,14,189,-7.726761
5240,-102,843,68,392,11,11,187,-6.960159
5240,-102,840,68,392,12,11,188,-5.245880
5240,-102,841,68,392,10,13,189,-7.578049
5240,-102,843,68,392,11,13,189,-6.694870
5240,-102,843,68,392,11,13,188,-6.387756
5240,-102,845,68,392,11,13,189,-7.075424
5240,-102,841,68,392,10,11,188,-7.765778
5240,-102,843,68,392,10,12,188,-7.358322
5240,-102,844,68,392,13,9,188,-4.448242
5240,-102,848,68,392,10,14,189,-7.240448
5240,-102,848,68,392,11,12,188,-6.524986
5240,-102,841,68,392,12,12,188,-5.206726
5240,-102,844,68,392,12,13,188,-5.497787
5240,-102,849,68,392,12,12,188,-5.188446
5240,-102,840,68,392,11,12,188,-6.242653
5240,-102,846,68,392,11,12,188,-6.120193
5240,-102,846,68,392,11,12,188,-6.217125
5240,-102,844,68,392,13,12,189,-4.167496
5240,-102,846,68,392,12,11,188,-5.358994
5240,-102,845,68,392,12,12,187,-5.498108
5240,-102,843,68,392,12,11,187,-5.353607
5240,-102,843,68,392,11,14,187,-6.502487
5240,-102,847,68,392,12,12,189,-5.269974
5240,-102,841,68,392,11,13,189,-6.608276
5240,-102,848,68,392,11,10,188,-6.665726
5240,-102,846,68,392,11,12,188,-6.333878
5240,-102,845,68,392,11,12,189,-6.202179
5240,-102,836,68,392,11,12,189,-6.492889
5240,-102,849,68,392,12,14,189,-5.415955
5240,-102,851,68,392,10,13,188,-7.370781
5240,-102,844,68,392,11,13,189,-6.706421
5240,-102,847,68,392,10,14,189,-7.194366
5240,-102,852,68,392,12,15,189,-5.670929
5240,-102,849,68,392,12,12,187,-5.908661
5240,-102,847,68,392,11,14,190,-6.255875
5240,-102,850,68,392,12,13,188,-5.766716
5240,-102,847,68,392,12,13,188,-5.411194
5240,-102,844,68,392,11,10,187,-6.593491
5240,-102,846,68,392,11,13,189,-6.600746
5240,-102,840,68,392,12,14,190,-5.296341
5240,-102,844,68,392,12,11,188,-5.425896
5240,-102,843,68,392,11,12,188,-6.450699
5240,-102,849,68,392,10,12,189,-8.070679
5240,-102,847,68,392,12,11,187,-5.453735
5240,-102,846,68,392,12,13,189,-5.450363
5240,-102,847,68,392,10,11,189,-8.019104
5240,-102,846,68,392,10,12,188,-7.649300
5240,-102,847,68,392,11,13,188,-6.078873
5240,-102,842,68,392,13,11,187,-4.469849
5240,-102,841,68,392,12,12,187,-5.978470
5240,-102,853,68,392,12,15,189,-5.534660
5240,-102,846,68,392,11,12,189,-6.176910
5240,-102,844,68,392,12,12,188,-5.105896
5240,-102,841,68,392,12,13,188,-5.368797
5240,-102,843,68,392,10,14,189,-7.421555
5240,-102,837,68,392,11,12,188,-6.130844
5240,-102,843,68,392,11,12,188,-6.720512
5240,-102,839,68,392,12,11,188,-5.761047
5240,-102,842,68,392,11,11,188,-6.776321
5240,-102,832,68,392,12,13,188,-5.428307
5240,-102,844,68,392,13,12,188,-4.063736
5240,-102,844,68,392,11,13,188,-6.077927
5240,-102,843,68,392,11,11,187,-6.278229
5240,-102,846,68,392,10,12,188,-7.576141
5240,-102,843,68,392,10,12,188,-7.267441
5240,-102,841,68,392,12,12,188,-5.538300
5240,-102,834,68,392,10,13,188,-7.414146
5240,-102,846,68,392,10,12,189,-7.039444
5240,-102,842,68,392,12,14,188,-5.642838
5240,-102,835,68,392,9,14,188,-8.391525
5240,-102,838,68,392,12,11,188,-5.814026
5240,-102,841,68,392,11,15,187,-6.635529
5240,-102,847,68,392,12,12,188,-5.535645
5240,-102,841,68,392,12,12,188,-5.536423
5240,-102,841,68,392,11,14,190,-6.255722
5240,-102,841,68,392,11,14,190,-6.786484
5240,-102,837,68,392,10,13,188,-7.307281
5240,-102,841,68,392,11,11,187,-6.639984
5240,-102,841,68,392,10,13,188,-7.249153
5240,-102,841,68,392,12,13,189,-5.736488
5240,-102,845,68,392,12,11,187,-5.298584
5240,-102,844,68,392,11,11,189,-6.093346
5240,-102,846,68,392,11,11,187,-6.576004
5240,-102,837,68,392,11,13,189,-6.600891
5240,-102,834,68,392,11,12,188,-6.564240
5240,-102,839,68,392,11,13,188,-6.314835
5240,-102,843,68,392,10,12,189,-7.177582
5240,-102,839,68,392,12,13,188,-5.183823
5240,-102,838,68,392,12,12,188,-5.645798
5240,-102,844,68,392,13,10,188,-4.212646
5240,-102,839,68,392,12,12,187,-5.728798
5240,-102,845,68,392,10,15,189,-7.183617
5240,-102,839,68,392,13,13,188,-4.334984
5240,-102,833,68,392,11,11,188,-6.527527
5240,-102,847,68,392,10,14,189,-7.366302
5240,-102,848,68,392,12,13,189,-5.129173
5240,-102,844,68,392,12,11,187,-5.276901
5240,-102,849,68,392,10,10,187,-7.321625
5240,-102,844,68,392,11,11,189,-6.437202
5240,-102,838,68,392,12,12,188,-5.598602
5240,-102,841,68,392,11,13,188,-6.785217
5240,-102,844,68,392,11,13,189,-6.403320
5240,-102,843,68,392,11,11,189,-6.591644
5240,-102,843,68,392,10,13,189,-7.010345
5240,-102,839,68,392,13,14,187,-4.972565
5240,-102,839,68,392,11,12,188,-6.634689
5240,-102,844,68,392,9,13,188,-8.064911
5240,-102,843,68,392,13,13,188,-4.782242
5240,-102,841,68,392,12,13,189,-6.084274
5240,-102,840,68,392,11,12,188,-6.400620
5240,-102,841,68,392,11,12,188,-6.388756
5240,-102,844,68,392,11,12,187,-6.677559
5240,-102,845,68,392,12,11,188,-5.180634
5240,-102,849,68,392,11,11,188,-6.376526
5240,-102,843,68,392,11,12,189,-6.330673
5240,-102,839,68,392,10,13,189,-8.433426
5240,-102,839,68,392,11,12,188,-6.386688
5240,-102,840,68,392,10,13,188,-7.283989
5240,-102,843,68,392,10,13,188,-8.061783
5240,-102,844,68,392,12,12,188,-5.340149
5240,-102,845,68,392,13,14,189,-4.711075
5240,-102,831,68,392,11,12,187,-6.558701
5240,-102,844,68,392,10,13,189,-6.970932
5240,-102,848,68,392,10,13,189,-7.600304
5240,-102,843,68,392,12,11,188,-5.399071
5240,-102,837,68,392,9,12,188,-9.386024
5240,-102,838,68,392,12,13,187,-6.332031
5240,-102,842,68,392,12,11,187,-5.407288
5240,-102,841,68,392,10,12,187,-7.299637
5240,-102,843,68,392,11,11,188,-6.779404
5240,-102,839,68,392,9,13,189,-8.317215
5240,-102,845,68,392,11,12,188,-6.458084
5240,-102,846,68,392,11,13,188,-6.328583
5240,-102,841,68,392,13,13,188,-4.661133
5240,-102,848,68,392,13,11,189,-4.439758
5240,-102,846,68,392,11,13,187,-6.581192
5240,-102,846,68,392,12,14,189,-5.396744
5240,-102,839,68,392,11,14,189,-6.829727
5240,-102,848,68,392,10,13,189,-7.355194
5240,-102,842,68,392,12,13,187,-5.483940
5240,-102,845,68,392,11,13,189,-6.134018
5240,-102,847,68,392,12,12,188,-6.343781
5240,-102,846,68,392,10,12,189,-7.747711
5240,-102,845,68,392,12,12,189,-5.400543
5240,-102,847,68,392,11,12,189,-6.084259
5240,-102,847,68,392,12,12,189,-5.346527
5240,-102,841,68,392,11,11,188,-6.415245
5240,-102,848,68,392,10,13,189,-7.660408
5240,-102,848,68,392,11,12,188,-6.400940
5240,-102,843,68,392,12,11,188,-4.947517
5240,-102,843,68,392,11,14,188,-6.508698
5240,-102,851,68,392,11,13,188,-6.076828
5240,-102,840,68,392,12,13,188,-5.353195
5240,-102,844,68,392,11,13,189,-6.082977
5240,-102,845,68,392,12,12,189,-5.325012
5240,-102,838,68,392,10,13,189,-7.428131
5240,-102,847,68,392,11,11,188,-6.275620
5240,-102,840,68,392,11,14,188,-7.416367
5240,-102,848,68,392,13,11,188,-4.330139
5240,-102,845,68,392,11,11,188,-6.408020
5240,-102,839,68,392,13,11,188,-4.269730
5240,-102,846,68,392,10,12,188,-7.274239
5240,-102,843,68,392,10,12,188,-7.237648
5240,-102,848,68,392,11,12,188,-6.506622
5240,-102,847,68,392,12,15,188,-5.093185
5240,-102,845,68,392,11,13,188,-6.356514
5240,-102,841,68,392,10,12,188,-7.992393
5240,-102,843,68,392,11,13,188,-7.396347
5240,-102,853,68,392,12,12,188,-5.510696
5240,-102,850,68,392,11,14,189,-6.302780
5240,-102,848,68,392,12,12,188,-5.394775
5240,-102,849,68,392,12,12,188,-5.596695
5240,-102,843,68,392,11,14,188,-6.097992
5240,-102,841,68,392,10,12,188,-7.119965
5240,-102,844,68,392,12,12,187,-5.624931
5240,-102,848,68,392,11,12,186,-6.581711
5240,-102,842,68,392,12,11,187,-5.336754
5240,-102,848,68,392,12,11,189,-5.370117
5240,-102,843,68,392,12,13,187,-5.161232
5240,-102,846,68,392,11,12,187,-6.573883
5240,-102,844,68,392,11,12,188,-6.544289
5240,-102,843,68,392,11,13,188,-6.437943
5240,-102,847,68,392,11,13,188,-6.385010
5240,-102,850,68,392,12,11,188,-5.129402
5240,-102,850,68,392,12,13,188,-5.999191
5240,-102,839,68,392,12,13,189,-6.444138
5240,-102,849,68,392,11,10,189,-6.686119
5240,-102,845,68,392,12,13,188,-5.023834
5240,-102,848,68,392,12,12,188,-5.418686
5240,-102,846,68,392,11,10,188,-6.360382
5240,-102,843,68,392,10,12,189,-8.072586
5240,-102,844,68,392,12,12,188,-5.092056
5240,-102,847,68,392,13,10,188,-4.641663
5240,-102,845,68,392,12,11,188,-5.710938
5240,-102,847,68,392,11,12,188,-6.227310
5240,-102,843,68,392,11,10,186,-7.222214
5240,-102,845,68,392,10,13,188,-7.796165
5240,-102,847,68,392,12,11,190,-5.890915
5240,-102,847,68,392,10,12,188,-7.765808
5240,-102,850,68,392,12,12,187,-4.981018
5240,-102,843,68,392,11,11,188,-7.332764
5240,-102,840,68,392,11,13,188,-6.518066
5240,-102,841,68,392,11,12,187,-7.319893
5240,-102,848,68,392,10,13,188,-7.062119
5240,-102,847,68,392,11,12,188,-6.674118
5240,-102,845,68,392,11,10,187,-6.198471
5240,-102,841,68,392,11,12,188,-6.085396
5240,-102,846,68,392,12,13,188,-5.553726
5240,-102,843,68,392,12,12,188,-5.313057
5240,-102,843,68,392,11,12,188,-6.723633
5240,-102,849,68,392,11,15,189,-6.111565
5240,-102,845,68,392,12,11,188,-5.112946
5240,-102,840,68,392,12,11,188,-5.050812
5240,-102,839,68,392,10,12,188,-7.025620
5240,-102,839,68,392,11,13,189,-7.087143
5240,-102,843,68,392,10,17,188,-7.691666
5240,-102,843,68,392,12,12,188,-5.336830
5240,-102,846,68,392,10,14,189,-7.316895
5240,-102,846,68,392,13,13,188,-4.179268
5240,-102,846,68,392,10,12,188,-7.287682
5240,-102,840,68,392,12,13,187,-5.129517
5240,-102,837,68,392,9,11,188,-9.025055
5240,-102,838,68,392,10,11,187,-7.340302
5240,-102,843,68,392,12,12,187,-5.617981
5240,-102,839,68,392,13,13,188,-4.648865
5240,-102,845,68,392,11,12,188,-6.107437
5240,-102,849,68,392,10,11,188,-7.236435
5240,-102,843,68,392,10,10,187,-7.122711
5240,-102,839,68,392,11,14,187,-6.266548
5240,-102,839,68,392,10,15,189,-7.341621
5240,-102,838,68,392,12,13,189,-5.229584
5240,-102,845,68,392,11,11,187,-6.347321
5240,-102,844,68,392,9,12,188,-8.487930
5240,-102,836,68,392,11,11,189,-6.508095
5240,-102,844,68,392,11,13,188,-7.010422
5240,-102,842,68,392,13,13,187,-4.610855
5240,-102,841,68,392,11,11,188,-6.429253
5240,-102,845,68,392,12,14,189,-5.271217
5240,-102,845,68,392,12,12,189,-5.588333
5240,-102,851,68,392,11,11,188,-6.353798
5240,-102,840,68,392,9,13,188,-8.786964
5240,-102,843,68,392,12,12,189,-5.268867
5240,-102,843,68,392,11,13,188,-6.175140
5240,-102,841,68,392,12,15,188,-5.682480
5240,-102,850,68,392,11,13,189,-7.069252
5240,-102,847,68,392,10,15,188,-7.090469
5240,-102,846,68,392,12,14,188,-5.547333
5240,-102,844,68,392,14,12,188,-3.519882
5240,-102,845,68,392,11,12,189,-6.124405
5240,-102,847,68,392,9,12,187,-8.073166
5240,-102,843,68,392,11,13,188,-6.264145
5240,-102,845,68,392,12,13,189,-5.587105
5240,-102,841,68,392,13,12,188,-4.750732
5240,-102,848,68,392,10,11,189,-7.173882
5240,-102,843,68,392,11,12,188,-6.270630
5240,-102,841,68,392,13,9,187,-4.703812
5240,-102,839,68,392,12,12,188,-5.430031
5240,-102,837,68,392,12,11,188,-5.563194
5240,-102,844,68,392,11,12,188,-6.549019
5240,-102,846,68,392,11,11,188,-6.325150
5240,-102,844,68,392,11,12,188,-6.278908
5240,-102,848,68,392,10,14,188,-7.098206
5240,-102,848,68,392,11,13,189,-6.561005
5240,-102,846,68,392,12,13,188,-5.505936
5240,-102,836,68,392,11,14,188,-6.490540
5240,-102,841,68,392,10,13,188,-7.155342
5240,-102,849,68,392,11,13,189,-6.582420
5240,-102,847,68,392,13,13,189,-4.153412
5240,-102,846,68,392,11,12,187,-6.709885
5240,-102,839,68,392,10,12,189,-7.040573
5240,-102,838,68,392,12,12,188,-5.256332
5240,-102,846,68,392,14,13,188,-3.667824
5240,-102,850,68,392,11,13,188,-6.117569
5240,-102,841,68,392,11,12,189,-6.103317
5240,-102,845,68,392,11,12,189,-6.223999
5240,-102,851,68,392,12,13,188,-5.636230
5240,-102,844,68,392,10,10,188,-7.338371
5240,-102,845,68,392,10,11,188,-7.105560
5240,-102,844,68,392,11,9,188,-6.079803
5240,-102,845,68,392,13,12,188,-4.175140
5240,-102,843,68,392,11,12,188,-6.969398
5240,-102,843,68,392,11,14,188,-6.804199
5240,-102,847,68,392,12,14,189,-5.439438
5240,-102,844,68,392,12,13,188,-5.297661
5240,-102,843,68,392,8,11,188,-9.097969
5240,-102,841,68,392,10,14,190,-7.386505
5240,-102,839,68,392,10,12,187,-7.579834
5240,-102,847,68,392,13,12,187,-4.309677
5240,-102,846,68,392,10,14,189,-7.691605
5240,-102,849,68,392,11,11,188,-6.300613
5240,-102,849,68,392,13,14,188,-4.308228
5240,-102,848,68,392,12,11,187,-5.584206
5240,-102,847,68,392,9,12,188,-9.013519
5240,-102,845,68,392,10,12,188,-7.580009
5240,-102,844,68,392,11,11,187,-6.127823
5240,-102,841,68,392,13,13,188,-4.657700
5240,-102,844,68,392,11,13,188,-6.205460
5240,-102,842,68,392,11,11,188,-6.380051
5240,-102,842,68,392,10,13,188,-7.163246
5240,-102,847,68,392,11,13,188,-6.513733
5240,-102,844,68,392,11,13,188,-6.376541
5240,-102,847,68,392,11,12,189,-6.450851
5240,-102,844,68,392,13,14,188,-4.266922
5240,-102,845,68,392,13,12,188,-4.374565
5240,-102,843,68,392,11,13,188,-6.234131
5240,-102,846,68,392,12,13,189,-5.113464
5240,-102,845,68,392,11,11,187,-6.477737
5240,-102,834,68,392,10,12,187,-7.757217
5240,-102,847,68,392,12,13,189,-6.392136
5240,-102,846,68,392,11,12,188,-6.291321
5240,-102,839,68,392,12,11,188,-5.798599
5240,-102,843,68,392,12,11,187,-5.578850
5240,-102,847,68,392,9,14,189,-8.528915
5240,-102,845,68,392,11,13,187,-6.954178
5240,-102,839,68,392,12,11,188,-5.441330
5240,-102,839,68,392,12,12,188,-5.440231
5240,-102,844,68,392,12,12,187,-5.563187
5240,-102,841,68,392,11,12,188,-6.326363
5240,-102,842,68,392,12,12,188,-5.974953
5240,-102,842,68,392,12,12,188,-5.360641
5240,-102,844,68,392,9,14,189,-8.084671
5240,-102,845,68,392,11,14,189,-6.431732
5240,-102,841,68,392,12,13,187,-5.715317
5240,-102,836,68,392,11,11,188,-6.544861
5240,-102,839,68,392,10,12,186,-7.279953
5240,-102,841,68,392,10,11,189,-7.461578
5240,-102,841,68,392,12,14,188,-5.138885
5240,-102,841,68,392,12,10,188,-5.180260
5240,-102,841,68,392,9,13,189,-8.108383
5240,-102,844,68,392,12,11,188,-4.934372
5240,-102,843,68,392,10,14,189,-7.411880
5240,-102,839,68,392,11,11,188,-6.136642
5240,-102,843,68,392,13,12,189,-4.217102
5240,-102,837,68,392,10,11,188,-7.298630
5240,-102,838,68,392,10,11,188,-8.016747
5240,-102,841,68,392,13,11,188,-4.360596
5240,-102,839,68,392,10,12,188,-7.358658
5240,-102,841,68,392,10,11,188,-7.357010
5240,-102,841,68,392,11,14,188,-6.418175
5240,-102,837,68,392,13,12,188,-4.276398
5240,-102,840,68,392,10,13,188,-7.738121
5240,-102,829,68,392,11,11,187,-6.378830
5240,-102,836,68,392,11,11,187,-6.080101
5240,-102,834,68,392,13,12,188,-4.758072
5240,-102,838,68,392,11,13,188,-6.594070
5240,-102,841,68,392,11,12,188,-6.320389
5240,-102,836,68,392,10,13,188,-7.235947
5240,-102,839,68,392,11,12,188,-6.346764
5240,-102,845,68,392,10,11,188,-6.983063
5240,-102,846,68,392,12,12,189,-6.022354
5240,-102,851,68,392,12,11,188,-5.761353
5240,-102,841,68,392,12,12,188,-6.065971
5240,-102,837,68,392,10,11,187,-7.466583
5240,-102,838,68,392,12,14,188,-5.335632
5240,-102,840,68,392,11,14,189,-7.396286
5240,-102,840,68,392,13,12,188,-4.373611
5240,-102,838,68,392,11,12,187,-6.329300
5240,-102,842,68,392,10,12,188,-7.107224
5240,-102,847,68,392,12,12,188,-5.627762
5240,-102,845,68,392,12,13,189,-5.400238
5240,-102,841,68,392,10,12,188,-7.517868
5240,-102,844,68,392,10,11,188,-7.319969
5240,-102,844,68,392,11,14,189,-6.401962
5240,-102,838,68,392,12,13,189,-6.401672
5240,-102,839,68,392,10,12,189,-7.596764
5240,-102,837,68,392,11,14,188,-6.368126
5240,-102,847,68,392,11,12,188,-6.662811
5240,-102,845,68,392,10,10,187,-7.298965
5240,-102,841,68,392,13,14,189,-4.874580
5240,-102,844,68,392,10,11,188,-7.135796
5240,-102,841,68,392,12,14,188,-5.372238
5240,-102,837,68,392,13,13,188,-4.240997
5240,-102,845,68,392,11,13,188,-6.681007
5240,-102,846,68,392,10,13,188,-7.312164
5240,-102,843,68,392,11,12,187,-6.692825
5240,-102,844,68,392,12,11,188,-5.493729
5240,-102,844,68,392,11,14,189,-6.240776
5240,-102,841,68,392,11,11,187,-6.560158
5240,-102,850,68,392,12,12,189,-5.362854
5240,-102,843,68,392,10,11,188,-7.359398
5240,-102,843,68,392,11,12,187,-5.953270
5240,-102,839,68,392,12,10,188,-5.068863
5240,-102,841,68,392,12,11,187,-5.286667
5240,-102,849,68,392,13,12,188,-4.757652
5240,-102,844,68,392,10,13,190,-8.098114
5240,-102,840,68,392,13,13,188,-4.202568
5240,-102,848,68,392,12,12,188,-5.303246
5240,-102,845,68,392,11,12,189,-6.234573
5240,-102,843,68,392,12,12,188,-5.256325
5240,-102,839,68,392,10,15,188,-7.110001
5240,-102,847,68,392,12,12,188,-5.488419
5240,-102,850,68,392,13,12,188,-4.663315
5240,-102,847,68,392,10,11,188,-7.728790
5240,-102,841,68,392,12,15,189,-5.369690
5240,-102,844,68,392,11,12,188,-6.783348
5240,-102,845,68,392,12,10,188,-5.633179
5240,-102,849,68,392,10,12,189,-7.421463
5240,-102,849,68,392,12,12,189,-5.460030
5240,-102,841,68,392,12,12,187,-5.966293
5240,-102,841,68,392,12,10,188,-5.271538
5240,-102,849,68,392,13,13,189,-4.855423
5240,-102,839,68,392,12,12,188,-5.427994
5240,-102,845,68,392,11,13,188,-6.408455
5240,-102,848,68,392,13,14,189,-4.577957
5240,-102,847,68,392,11,12,189,-6.000046
5240,-102,848,68,392,11,14,188,-6.526077
5240,-102,840,68,392,12,14,188,-5.639343
5240,-102,844,68,392,12,11,187,-5.957214
5240,-102,844,68,392,10,12,188,-7.427582
5240,-102,847,68,392,12,10,189,-6.407944
5240,-102,846,68,392,11,12,188,-6.424576
5240,-102,846,68,392,12,11,188,-5.552750
5240,-102,844,68,392,10,11,189,-7.728455
5240,-102,847,68,392,11,13,190,-5.976730
5240,-102,843,68,392,12,10,186,-6.218307
5240,-102,844,68,392,10,13,188,-7.355469
5240,-102,843,68,392,11,12,189,-6.481110
5240,-102,843,68,392,12,13,188,-5.967415
5240,-102,847,68,392,11,14,188,-6.538986
5240,-102,844,68,392,11,12,188,-6.703583
5240,-102,840,68,392,12,11,188,-5.146919
5240,-102,851,68,392,11,13,188,-6.164078
5240,-102,847,68,392,10,12,188,-7.972946
5240,-102,848,68,392,11,12,189,-6.467667
5240,-102,846,68,392,9,14,189,-8.154190
5240,-102,846,68,392,10,13,188,-7.106689
5240,-102,845,68,392,11,12,188,-6.632050
5240,-102,842,68,392,12,12,188,-6.371185
5240,-102,845,68,392,10,11,189,-7.251663
5240,-102,848,68,392,10,13,189,-7.388153
5240,-102,847,68,392,12,11,188,-5.234901
5240,-102,845,68,392,12,12,188,-5.173866
5240,-102,843,68,392,12,12,188,-5.369980
5240,-102,843,68,392,11,13,189,-6.616440
5240,-102,843,68,392,12,11,187,-5.284760
5240,-102,843,68,392,11,13,188,-6.412575
5240,-102,842,68,392,12,11,189,-5.328354
5240,-102,844,68,392,10,12,189,-8.074173
5240,-102,839,68,392,12,13,188,-5.222481
5240,-102,837,68,392,13,12,188,-4.636162
5240,-102,841,68,392,9,12,188,-8.610207
5240,-102,840,68,392,10,13,189,-7.835617
5240,-102,839,68,392,12,12,188,-4.972015
5240,-102,843,68,392,11,13,188,-6.649490
5240,-102,844,68,392,12,12,189,-5.188705
5240,-102,843,68,392,11,12,188,-6.175583
5240,-102,839,68,392,11,12,187,-6.970383
5240,-102,833,68,392,11,11,187,-6.374512
5240,-102,834,68,392,12,12,188,-5.652710
5240,-102,838,68,392,11,12,188,-6.364441
5240,-102,841,68,392,13,13,188,-4.548370
5240,-102,838,68,392,13,13,188,-4.190346
5240,-102,843,68,392,12,13,189,-5.560272
5240,-102,843,68,392,10,12,188,-7.248688
5240,-102,845,68,392,11,11,188,-7.035568
5240,-102,844,68,392,14,11,187,-3.333199
5240,-102,839,68,392,11,13,189,-6.713943
5240,-102,839,68,392,10,12,188,-7.677902
5240,-102,843,68,392,12,14,188,-5.673798
5240,-102,841,68,392,12,12,188,-5.295776
5240,-102,845,68,392,11,11,189,-7.051712
5240,-102,846,68,392,11,14,189,-6.302536
5240,-102,841,68,392,11,12,188,-6.968185
5240,-102,841,68,392,13,12,188,-4.096329
5240,-102,841,68,392,11,11,189,-6.408844
5240,-102,843,68,392,11,14,188,-6.769318
5240,-102,847,68,392,11,11,188,-6.435799
5240,-102,843,68,392,12,13,188,-5.570602
5240,-102,843,68,392,11,12,190,-6.400459
5240,-102,847,68,392,12,12,187,-5.171158
5240,-102,842,68,392,11,12,188,-6.404953
5240,-102,848,68,392,11,12,187,-6.204422
5240,-102,840,68,392,10,13,189,-8.386673
5240,-102,845,68,392,9,13,189,-9.435944
5240,-102,844,68,392,13,11,188,-4.204361
5240,-102,843,68,392,11,11,188,-7.344765
5240,-102,844,68,392,12,12,188,-5.542160
5240,-102,848,68,392,10,11,189,-7.169724
5240,-102,845,68,392,11,13,189,-6.717514
5240,-102,837,68,392,12,13,187,-5.934242
5240,-102,848,68,392,11,11,189,-6.390869
5240,-102,850,68,392,11,14,189,-6.604507
5240,-102,849,68,392,11,11,188,-6.385986
5240,-102,844,68,392,12,12,188,-5.546906
5240,-102,848,68,392,10,12,188,-7.626343
5240,-102,843,68,392,11,11,187,-6.908463
5240,-102,847,68,392,11,14,188,-6.283066
5240,-102,843,68,392,11,10,187,-6.261444
5240,-102,843,68,392,12,11,188,-5.726227
5240,-102,847,68,392,11,10,188,-6.045189
5240,-102,843,68,392,11,12,188,-7.399338
5240,-102,843,68,392,12,13,188,-5.208725
5240,-102,847,68,392,11,12,189,-6.434196
5240,-102,847,68,392,12,12,188,-5.469971
5240,-102,845,68,392,9,12,188,-8.540741
5240,-102,840,68,392,13,12,188,-4.150085
5240,-102,838,68,392,13,14,189,-4.486031
5240,-102,843,68,392,10,14,189,-7.800797
5240,-102,844,68,392,10,12,188,-7.769646
5240,-102,846,68,392,11,15,188,-7.382599
5240,-102,845,68,392,12,13,188,-5.662796
5240,-102,851,68,392,11,11,188,-6.500168
5240,-102,848,68,392,9,14,188,-8.799225
5240,-102,845,68,392,12,12,187,-5.276352
5240,-102,845,68,392,10,12,189,-7.420517
5240,-102,845,68,392,12,11,188,-5.256256
5240,-102,848,68,392,13,11,188,-4.171638
5240,-102,846,68,392,11,12,188,-6.270493
5240,-102,846,68,392,11,10,188,-6.640282
5240,-102,847,68,392,11,11,188,-7.013374
5240,-102,844,68,392,12,12,188,-5.368332
5240,-102,842,68,392,11,12,188,-6.212700
5240,-102,847,68,392,11,10,188,-6.579453
5240,-102,845,68,392,11,12,188,-6.776360
5240,-102,850,68,392,10,14,188,-7.317078
5240,-102,849,68,392,12,12,188,-5.969330
5240,-102,844,68,392,11,13,189,-6.049927
5240,-102,846,68,392,11,12,188,-6.519943
5240,-102,850,68,392,13,12,189,-4.588196
5240,-102,839,68,392,9,12,187,-8.288994
5240,-102,849,68,392,10,13,189,-8.031418
5240,-102,845,68,392,13,12,188,-4.388664
5240,-102,846,68,392,11,12,187,-6.348373
5240,-102,846,68,392,11,11,188,-6.085571
5240,-102,843,68,392,12,10,188,-5.682343
5240,-102,839,68,392,10,10,186,-7.524109
5240,-102,848,68,392,11,13,187,-6.936111
5240,-102,845,68,392,13,12,187,-4.470528
5240,-102,850,68,392,11,13,189,-6.583847
5240,-102,853,68,392,12,15,189,-5.394974
5240,-102,841,68,392,12,13,188,-5.411224
5240,-102,846,68,392,12,13,188,-5.375320
5240,-102,846,68,392,10,14,189,-7.279755
5240,-102,847,68,392,10,12,189,-7.434296
5240,-102,843,68,392,10,12,189,-7.299141
5240,-102,845,68,392,13,13,188,-4.614250
5240,-102,851,68,392,11,12,189,-5.988449
5240,-102,839,68,392,11,13,189,-6.685806
5240,-102,841,68,392,12,12,187,-5.149963
5240,-102,851,68,392,12,10,188,-5.251282
5240,-102,846,68,392,11,12,188,-6.415367
5240,-102,846,68,392,11,10,188,-6.787621
5240,-102,844,68,392,10,11,187,-7.626480
5240,-102,843,68,392,11,13,187,-6.386505
5240,-102,852,68,392,10,11,189,-7.561920
5240,-102,844,68,392,11,11,187,-6.366196
5240,-102,843,68,392,11,12,188,-6.279472
5240,-102,851,68,392,12,13,188,-5.416000
5240,-102,850,68,392,10,12,189,-7.571411
5240,-102,848,68,392,11,14,190,-6.269104
5240,-102,842,68,392,13,11,187,-4.922493
5240,-102,847,68,392,11,12,188,-6.277954
5240,-102,845,68,392,10,12,188,-7.436096
5240,-102,836,68,392,12,12,188,-5.506195
5240,-102,843,68,392,9,12,188,-8.331100
5240,-102,847,68,392,12,13,188,-5.609528
5240,-102,841,68,392,12,11,188,-5.129936
5240,-102,839,68,392,10,11,187,-7.397896
5240,-102,846,68,392,10,12,187,-7.916260
5240,-102,839,68,392,11,10,188,-6.420746
5240,-102,840,68,392,11,14,189,-6.616760
5240,-102,841,68,392,11,13,187,-5.893181
5240,-102,845,68,392,11,12,188,-6.378334
5240,-102,845,68,392,10,14,188,-7.210068
5240,-102,841,68,392,10,13,189,-7.487198
5240,-102,847,68,392,10,12,189,-7.232071
5240,-102,836,68,392,12,12,187,-5.996277
5240,-102,838,68,392,12,13,188,-4.901604
5240,-102,834,68,392,12,12,188,-6.315948
5240,-102,839,68,392,10,12,188,-7.348526
5240,-102,843,68,392,12,12,187,-5.361671
5240,-102,844,68,392,12,10,188,-5.617218
5240,-102,843,68,392,11,13,188,-6.653046
5240,-102,843,68,392,11,14,188,-6.444252
5240,-102,845,68,392,12,11,188,-5.421097
5240,-102,844,68,392,11,14,188,-6.527054
5240,-102,840,68,392,10,12,188,-7.217751
5240,-102,847,68,392,10,12,188,-7.337814
5240,-102,845,68,392,11,13,187,-6.318512
5240,-102,842,68,392,12,11,188,-5.174469
5240,-102,844,68,392,11,13,188,-6.987137
5240,-102,840,68,392,11,13,188,-6.255432
5240,-102,837,68,392,11,12,187,-6.950226
5240,-102,843,68,392,11,12,188,-6.262283
5240,-102,836,68,392,9,12,188,-8.401047
5240,-102,841,68,392,12,13,188,-6.400833
5240,-102,844,68,392,14,11,187,-3.275375
5240,-102,840,68,392,13,10,188,-4.324234
5240,-102,847,68,392,10,12,189,-7.141434
5240,-102,841,68,392,13,12,188,-5.344498
5240,-102,840,68,392,12,14,187,-5.622086
5240,-102,841,68,392,10,14,189,-7.193451
5240,-102,844,68,392,9,12,189,-8.337402
5260,-102,848,68,392,14,11,190,-3.087929
5260,-102,845,68,392,13,13,190,-4.142212
5260,-102,847,68,392,13,15,189,-4.365204
5260,-102,849,68,392,13,13,189,-4.418556
5260,-102,843,68,392,10,12,190,-7.265823
5260,-102,851,68,392,11,13,189,-6.191528
5260,-102,843,68,392,14,15,189,-3.309883
5260,-102,843,68,392,13,12,189,-4.487900
5260,-102,844,68,392,12,13,190,-5.596550
5260,-102,849,68,392,12,12,190,-6.108307
5260,-102,847,68,392,12,14,190,-5.260391
5260,-102,845,68,392,12,13,188,-5.793495
5260,-102,844,68,392,13,11,189,-4.345505
5260,-102,846,68,392,13,14,190,-4.283829
5260,-102,844,68,392,13,12,189,-4.437637
5260,-102,851,68,392,12,15,190,-5.510132
5260,-102,848,68,392,11,13,190,-7.531876
5260,-102,844,68,392,12,13,189,-5.719238
5260,-102,845,68,392,14,16,189,-3.560440
5260,-102,844,68,392,13,13,190,-4.586449
5260,-102,840,68,392,13,14,190,-5.119041
5260,-102,840,68,392,13,12,188,-4.428581
5260,-102,846,68,392,15,11,190,-2.175812
5260,-102,847,68,392,12,11,188,-5.743683
5260,-102,848,68,392,13,14,191,-4.515396
5260,-102,847,68,392,12,13,190,-5.501190
5260,-102,847,68,392,14,13,189,-3.777405
5260,-102,848,68,392,13,12,190,-4.433563
5260,-102,850,68,392,12,13,190,-5.535019
5260,-102,847,68,392,13,13,190,-4.765366
5260,-102,842,68,392,14,11,189,-3.608780
5260,-102,847,68,392,15,13,190,-2.102158
5260,-102,848,68,392,13,13,190,-4.468735
5260,-102,844,68,392,14,13,190,-2.994804
5260,-102,850,68,392,11,12,188,-6.530548
5260,-102,850,68,392,14,11,189,-3.828568
5260,-102,841,68,392,11,11,190,-6.382324
5260,-102,841,68,392,12,11,189,-6.086632
5260,-102,848,68,392,13,13,190,-4.510254
5260,-102,851,68,392,12,11,190,-6.113960
5260,-102,846,68,392,13,14,189,-4.268173
5260,-102,844,68,392,11,15,190,-6.336899
5260,-102,846,68,392,11,13,191,-6.325249
5260,-102,844,68,392,12,12,189,-5.329590
5260,-102,849,68,392,12,16,190,-5.090431
5260,-102,843,68,392,12,13,190,-6.069466
5260,-102,843,68,392,12,14,190,-5.112778
5260,-102,845,68,392,13,14,190,-5.085014
5260,-102,844,68,392,11,13,191,-6.828964
5260,-102,846,68,392,12,12,188,-5.714722
5260,-102,844,68,392,12,11,189,-5.301392
5260,-102,841,68,392,14,12,189,-3.340889
5260,-102,848,68,392,12,11,189,-5.404251
5260,-102,842,68,392,13,15,190,-4.544205
5260,-102,845,68,392,13,13,190,-4.541954
5260,-102,845,68,392,13,13,189,-5.076248
5260,-102,850,68,392,15,13,190,-2.138245
5260,-102,846,68,392,12,12,189,-5.263550
5260,-102,846,68,392,14,15,189,-3.342300
5260,-102,847,68,392,12,14,191,-5.241783
5260,-102,848,68,392,11,14,190,-6.311142
5260,-102,846,68,392,13,12,190,-4.101105
5260,-102,847,68,392,14,12,190,-4.160049
5260,-102,847,68,392,13,15,191,-4.068268
5260,-102,849,68,392,12,12,189,-5.823708
5260,-102,845,68,392,11,11,190,-6.187668
5260,-102,839,68,392,13,12,188,-4.097412
5260,-102,845,68,392,12,12,190,-5.846260
5260,-102,840,68,392,13,12,190,-4.437981
5260,-102,844,68,392,13,13,189,-4.411728
5260,-102,843,68,392,12,12,189,-5.188599
5260,-102,836,68,392,12,10,190,-5.370705
5260,-102,850,68,392,12,14,190,-5.306656
5260,-102,844,68,392,13,14,189,-4.306702
5260,-102,841,68,392,13,12,190,-4.442856
5260,-102,843,68,392,13,13,189,-5.029892
5260,-102,847,68,392,12,13,190,-5.207489
5260,-102,843,68,392,12,13,190,-5.478844
5260,-102,839,68,392,13,16,189,-4.454132
5260,-102,848,68,392,12,16,190,-5.212997
5260,-102,845,68,392,14,12,191,-3.396317
5260,-102,848,68,392,13,13,188,-4.533859
5260,-102,840,68,392,13,12,189,-4.858307
5260,-102,847,68,392,11,14,190,-6.525375
5260,-102,844,68,392,11,13,190,-6.540833
5260,-102,846,68,392,12,14,190,-5.061836
5260,-102,841,68,392,13,10,189,-4.605698
5260,-102,847,68,392,11,13,188,-6.974625
5260,-102,843,68,392,14,13,191,-3.392319
5260,-102,840,68,392,12,13,189,-5.315681
5260,-102,841,68,392,13,13,189,-4.118500
5260,-102,839,68,392,13,13,190,-4.675415
5260,-102,847,68,392,13,13,190,-4.297302
5260,-102,841,68,392,14,13,189,-3.721207
5260,-102,851,68,392,13,11,190,-5.460251
5260,-102,847,68,392,13,14,190,-4.224442
5260,-102,848,68,392,13,13,189,-4.479462
5260,-102,843,68,392,13,12,190,-4.507965
5260,-102,847,68,392,13,15,190,-4.309570
5260,-102,847,68,392,11,11,189,-7.465042
5260,-102,843,68,392,14,12,190,-3.875626
5260,-102,839,68,392,14,14,188,-3.208832
5260,-102,846,68,392,13,13,189,-4.073029
5260,-102,845,68,392,13,12,190,-4.404114
5260,-102,841,68,392,11,13,189,-5.875916
5260,-102,844,68,392,14,11,189,-3.122253
5260,-102,846,68,392,14,12,190,-3.866295
5260,-102,846,68,392,13,13,190,-5.495636
5260,-102,844,68,392,12,13,190,-5.748947
5260,-102,849,68,392,14,13,190,-3.671448
5260,-102,841,68,392,12,13,188,-5.071411
5260,-102,841,68,392,13,12,189,-4.859344
5260,-102,839,68,392,13,12,190,-4.530891
5260,-102,839,68,392,14,12,188,-3.094467
5260,-102,843,68,392,13,12,190,-4.426453
5260,-102,848,68,392,13,14,190,-4.515411
5260,-102,850,68,392,12,11,189,-5.770752
5260,-102,849,68,392,12,12,189,-5.299500
5260,-102,848,68,392,13,15,190,-4.507462
5260,-102,849,68,392,13,11,189,-4.277992
5260,-102,854,68,392,12,14,190,-5.261551
5260,-102,839,68,392,14,13,188,-3.372879
5260,-102,842,68,392,12,14,188,-5.548737
5260,-102,846,68,392,11,13,190,-6.511147
5260,-102,844,68,392,13,13,189,-4.135910
5260,-102,845,68,392,13,13,189,-4.284698
5260,-102,851,68,392,16,15,191,-1.302879
5260,-102,853,68,392,13,14,190,-5.099594
5260,-102,849,68,392,13,12,190,-4.665726
5260,-102,837,68,392,14,13,190,-3.271896
5260,-102,849,68,392,13,12,190,-4.225189
5260,-102,851,68,392,12,15,190,-5.024384
5260,-102,841,68,392,14,12,190,-3.488022
5260,-102,843,68,392,13,11,189,-4.809830
5260,-102,848,68,392,13,14,190,-4.267517
5260,-102,855,68,392,11,12,191,-6.134804
5260,-102,845,68,392,14,11,189,-3.233322
5260,-102,851,68,392,13,11,189,-4.216614
5260,-102,848,68,392,14,12,191,-3.681641
5260,-102,850,68,392,12,13,190,-5.455795
5260,-102,848,68,392,13,15,191,-4.774933
5260,-102,837,68,392,13,13,190,-4.474442
5260,-102,842,68,392,12,12,189,-5.597565
5260,-102,845,68,392,12,16,190,-5.289917
5260,-102,843,68,392,13,10,189,-4.191109
5260,-102,839,68,392,12,14,190,-5.575783
5260,-102,845,68,392,11,14,190,-6.727386
5260,-102,840,68,392,13,13,190,-5.519455
5260,-102,849,68,392,11,12,189,-6.325783
5260,-102,849,68,392,14,12,189,-3.811729
5260,-102,844,68,392,11,15,190,-6.381424
5260,-102,845,68,392,13,10,189,-4.472809
5260,-102,843,68,392,12,13,189,-5.451897
5260,-102,845,68,392,12,12,190,-5.396408
5260,-102,847,68,392,12,11,189,-5.743088
5260,-102,844,68,392,12,13,190,-5.555664
5260,-102,837,68,392,11,11,189,-6.186920
5260,-102,844,68,392,12,12,188,-5.751205
5260,-102,853,68,392,13,13,190,-4.156662
5260,-102,850,68,392,11,13,191,-6.188240
5260,-102,843,68,392,14,12,189,-3.549881
5260,-102,843,68,392,13,14,189,-4.479164
5260,-102,845,68,392,13,14,190,-4.515762
5260,-102,843,68,392,13,13,188,-4.613571
5260,-102,840,68,392,13,12,189,-4.398117
5260,-102,847,68,392,13,13,189,-4.191818
5260,-102,843,68,392,13,14,189,-4.360931
5260,-102,847,68,392,13,13,190,-4.333298
5260,-102,846,68,392,12,15,189,-5.258507
5260,-102,844,68,392,14,12,188,-2.869705
5260,-102,848,68,392,12,13,191,-5.415596
5260,-102,844,68,392,10,14,190,-7.376595
5260,-102,845,68,392,13,12,188,-5.020874
5260,-102,839,68,392,12,11,190,-5.191429
5260,-102,847,68,392,11,13,190,-6.334778
5260,-102,843,68,392,12,14,190,-6.446396
5260,-102,849,68,392,14,13,191,-3.428665
5260,-102,848,68,392,13,14,189,-4.527023
5260,-102,841,68,392,13,13,189,-4.192459
5260,-102,851,68,392,13,12,190,-4.545074
5260,-102,843,68,392,14,13,188,-3.493866
5260,-102,845,68,392,15,14,190,-2.187485
5260,-102,841,68,392,14,12,191,-3.415825
5260,-102,841,68,392,12,13,190,-5.258698
5260,-102,840,68,392,14,13,189,-3.609009
5260,-102,846,68,392,14,12,190,-3.397728
5260,-102,844,68,392,11,13,190,-6.165779
5260,-102,843,68,392,12,11,189,-5.290710
5260,-102,837,68,392,13,14,190,-5.088867
5260,-102,847,68,392,11,11,188,-6.308197
5260,-102,837,68,392,14,12,190,-3.627228
5260,-102,846,68,392,12,12,190,-5.294014
5260,-102,843,68,392,13,13,189,-4.730179
5260,-102,844,68,392,14,14,190,-3.557716
5260,-102,851,68,392,13,14,191,-4.126198
5260,-102,845,68,392,13,10,188,-4.273659
5260,-102,841,68,392,13,12,190,-4.362091
5260,-102,844,68,392,14,14,190,-3.515785
5260,-102,848,68,392,12,13,190,-5.425789
5260,-102,849,68,392,12,12,190,-5.120773
5260,-102,847,68,392,12,14,190,-5.396164
5260,-102,851,68,392,13,13,189,-4.457291
5260,-102,853,68,392,14,13,190,-3.609062
5260,-102,841,68,392,12,14,190,-6.494247
5260,-102,843,68,392,11,13,189,-6.426010
5260,-102,841,68,392,14,12,189,-3.620407
5260,-102,838,68,392,12,11,189,-5.169708
5260,-102,842,68,392,12,12,189,-5.014633
5260,-102,851,68,392,14,11,190,-3.174095
5260,-102,848,68,392,14,12,190,-3.528259
5260,-102,846,68,392,11,13,190,-6.172272
5260,-102,844,68,392,13,12,190,-4.196938
5260,-102,836,68,392,13,13,189,-5.056931
5260,-102,836,68,392,12,13,189,-5.482216
5260,-102,845,68,392,13,13,190,-5.514603
5260,-102,849,68,392,12,15,190,-5.354027
5260,-102,844,68,392,13,10,188,-4.324677
5260,-102,844,68,392,16,10,188,-1.115860
5260,-102,839,68,392,12,14,190,-5.651474
5260,-102,844,68,392,13,12,190,-4.522087
5260,-102,844,68,392,13,13,191,-5.190163
5260,-102,849,68,392,12,11,188,-5.613754
5260,-102,846,68,392,12,16,190,-5.397171
5260,-102,841,68,392,12,13,190,-5.511688
5260,-102,843,68,392,13,12,188,-4.257027
5260,-102,847,68,392,15,11,189,-2.591797
5260,-102,838,68,392,12,13,190,-5.869774
5260,-102,842,68,392,12,15,190,-5.163773
5260,-102,843,68,392,13,15,191,-4.687988
5260,-102,841,68,392,14,15,189,-3.688995
5260,-102,838,68,392,14,12,189,-3.414856
5260,-102,845,68,392,14,12,190,-3.031738
5260,-102,840,68,392,12,12,189,-5.382401
5260,-102,845,68,392,13,12,189,-4.313858
5260,-102,844,68,392,13,12,190,-4.288177
5260,-102,847,68,392,13,11,190,-4.160385
5260,-102,838,68,392,14,14,189,-3.485092
5260,-102,846,68,392,14,11,189,-3.025955
5260,-102,850,68,392,13,14,190,-4.450424
5260,-102,839,68,392,12,14,190,-5.292664
5260,-102,841,68,392,13,12,190,-4.481773
5260,-102,844,68,392,14,15,189,-3.732651
5260,-102,845,68,392,12,14,190,-5.662903
5260,-102,851,68,392,14,11,191,-3.842499
5260,-102,846,68,392,12,11,189,-5.572739
5260,-102,841,68,392,14,12,189,-3.196930
5260,-102,847,68,392,12,10,189,-5.352448
5260,-102,836,68,392,12,11,189,-5.311310
5260,-102,843,68,392,14,11,189,-3.229721
5260,-102,841,68,392,12,11,189,-5.516396
5260,-102,841,68,392,13,14,190,-4.003693
5260,-102,835,68,392,12,15,189,-5.598801
5260,-102,846,68,392,14,12,189,-3.264755
5260,-102,846,68,392,14,13,189,-3.492355
5260,-102,845,68,392,14,12,189,-3.359550
5260,-102,838,68,392,13,12,190,-4.173325
5260,-102,837,68,392,13,12,188,-4.992699
5260,-102,839,68,392,14,14,190,-3.642639
5260,-102,847,68,392,13,13,190,-4.481514
5260,-102,841,68,392,10,12,189,-7.382446
5260,-102,846,68,392,13,13,190,-4.368187
5260,-102,840,68,392,13,11,189,-4.304031
5260,-102,846,68,392,13,12,187,-4.432144
5260,-102,848,68,392,15,13,190,-2.820419
5260,-102,851,68,392,15,13,190,-2.445557
5260,-102,849,68,392,12,12,188,-5.298088
5260,-102,843,68,392,12,13,190,-5.090103
5260,-102,838,68,392,14,13,190,-3.629242
5260,-102,844,68,392,14,12,188,-3.131004
5260,-102,847,68,392,14,14,190,-3.366768
5260,-102,839,68,392,12,15,190,-5.522980
5260,-102,847,68,392,12,12,190,-5.282120
5260,-102,840,68,392,14,11,189,-3.453751
5260,-102,845,68,392,14,13,189,-3.195435
5260,-102,847,68,392,14,13,190,-3.324295
5260,-102,847,68,392,11,12,190,-6.244690
5260,-102,841,68,392,13,12,189,-4.688553
5260,-102,834,68,392,14,11,188,-3.637375
5260,-102,841,68,392,11,13,190,-6.510468
5260,-102,844,68,392,12,12,189,-5.283234
5260,-102,848,68,392,15,11,188,-2.296326
5260,-102,851,68,392,14,10,189,-4.076683
5260,-102,848,68,392,12,12,190,-5.542099
5260,-102,847,68,392,14,15,190,-3.451096
5260,-102,845,68,392,13,12,190,-4.095551
5260,-102,844,68,392,11,13,189,-6.599152
5260,-102,841,68,392,13,14,190,-4.070160
5260,-102,843,68,392,12,13,190,-5.783020
5260,-102,841,68,392,13,11,187,-4.698639
5260,-102,840,68,392,14,13,190,-3.608536
5260,-102,845,68,392,13,12,191,-4.274208
5260,-102,848,68,392,11,12,188,-7.023438
5260,-102,837,68,392,13,14,189,-4.378021
5260,-102,841,68,392,13,12,189,-4.385620
5260,-102,850,68,392,12,12,189,-5.083527
5260,-102,848,68,392,13,13,190,-5.106552
5260,-102,847,68,392,13,13,189,-4.120476
5260,-102,847,68,392,11,13,190,-6.425140
5260,-102,843,68,392,13,13,190,-4.490791
5260,-102,837,68,392,14,13,189,-3.478104
5260,-102,839,68,392,13,13,189,-4.356766
5260,-102,844,68,392,14,14,190,-3.474693
5260,-102,845,68,392,11,13,190,-6.473618
5260,-102,849,68,392,13,14,189,-4.313751
5260,-102,849,68,392,12,12,189,-5.123169
5260,-102,848,68,392,13,13,189,-4.673386
5260,-102,851,68,392,13,12,190,-4.172203
5260,-102,846,68,392,11,13,190,-6.761459
5260,-102,838,68,392,14,13,189,-3.488235
5260,-102,837,68,392,14,12,188,-3.463448
5260,-102,843,68,392,15,12,190,-2.320709
5260,-102,836,68,392,11,14,189,-6.651672
5260,-102,846,68,392,12,12,189,-5.438133
5260,-102,844,68,392,13,11,190,-4.282654
5260,-102,839,68,392,12,12,190,-5.067719
5260,-102,845,68,392,13,14,190,-4.147812
5260,-102,846,68,392,13,12,190,-4.226433
5260,-102,841,68,392,13,13,189,-4.131477
5260,-102,845,68,392,13,13,190,-4.431595
5260,-102,841,68,392,13,12,190,-4.215256
5260,-102,839,68,392,11,12,188,-6.517685
5260,-102,844,68,392,14,15,191,-3.482941
5260,-102,849,68,392,12,13,190,-5.566139
5260,-102,841,68,392,14,13,189,-3.706757
5260,-102,843,68,392,13,11,188,-4.763168
5260,-102,845,68,392,14,13,191,-3.851288
5260,-102,844,68,392,12,12,189,-5.171463
5260,-102,839,68,392,13,14,190,-4.173859
5260,-102,851,68,392,13,13,190,-4.499466
5260,-102,851,68,392,12,12,190,-5.248276
5260,-102,841,68,392,12,13,190,-5.219658
5260,-102,845,68,392,13,14,190,-4.669998
5260,-102,847,68,392,14,13,189,-3.593056
5260,-102,849,68,392,13,14,190,-4.097107
5260,-102,839,68,392,13,13,190,-4.417267
5260,-102,848,68,392,13,14,190,-4.095505
5260,-102,838,68,392,14,12,189,-3.175354
5260,-102,845,68,392,12,14,190,-5.500763
5260,-102,845,68,392,13,12,189,-4.579857
5260,-102,844,68,392,13,10,189,-4.854202
5260,-102,835,68,392,15,14,189,-2.777740
5260,-102,844,68,392,13,13,190,-4.474724
5260,-102,843,68,392,14,14,190,-3.661919
5260,-102,835,68,392,14,12,190,-3.210052
5260,-102,839,68,392,13,13,188,-4.452789
5260,-102,846,68,392,13,12,190,-5.493637
5260,-102,851,68,392,11,12,190,-6.279404
5260,-102,850,68,392,13,12,189,-4.615524
5260,-102,845,68,392,16,13,189,-1.300720
5260,-102,843,68,392,12,14,189,-5.730896
5260,-102,847,68,392,15,12,189,-2.578934
5260,-102,844,68,392,15,14,190,-2.200432
5260,-102,845,68,392,12,14,190,-5.374535
5260,-102,843,68,392,14,13,188,-3.316696
5260,-102,837,68,392,14,11,190,-3.352554
5260,-102,839,68,392,12,12,189,-5.442642
5260,-102,838,68,392,13,15,189,-4.116737
5260,-102,844,68,392,12,11,188,-5.628738
5260,-102,839,68,392,12,13,188,-5.440468
5260,-102,843,68,392,15,12,190,-1.986076
5260,-102,846,68,392,13,11,190,-4.361267
5260,-102,842,68,392,12,12,190,-5.494232
5260,-102,849,68,392,12,14,190,-5.289597
5260,-102,843,68,392,13,15,190,-4.349319
5260,-102,851,68,392,14,14,189,-3.810303
5260,-102,845,68,392,11,12,190,-6.880661
5260,-102,845,68,392,13,13,189,-4.721191
5260,-102,842,68,392,12,13,188,-5.546768
5260,-102,845,68,392,12,14,190,-5.193176
5260,-102,845,68,392,12,13,190,-5.373596
5260,-102,842,68,392,12,13,188,-5.326096
5260,-102,843,68,392,13,14,189,-4.857254
5260,-102,843,68,392,13,14,190,-4.358261
5260,-102,841,68,392,12,10,188,-6.004120
5260,-102,848,68,392,14,12,190,-3.236275
5260,-102,848,68,392,12,12,190,-5.100235
5260,-102,843,68,392,13,13,189,-4.261154
5260,-102,842,68,392,14,11,190,-3.531631
5260,-102,843,68,392,12,15,189,-5.370621
5260,-102,850,68,392,13,12,188,-4.607285
5260,-102,841,68,392,14,13,190,-3.410202
5260,-102,846,68,392,10,12,190,-7.408524
5260,-102,841,68,392,12,13,190,-5.433823
5260,-102,843,68,392,13,12,190,-4.082954
5260,-102,839,68,392,13,15,189,-4.075302
5260,-102,848,68,392,13,13,190,-4.037506
5260,-102,847,68,392,14,11,190,-3.897873
5260,-102,836,68,392,12,12,189,-5.222389
5260,-102,841,68,392,14,15,190,-3.403824
5260,-102,841,68,392,14,15,191,-3.546234
5260,-102,847,68,392,13,14,190,-4.170563
5260,-102,841,68,392,11,12,190,-6.249054
5260,-102,841,68,392,13,11,190,-4.247528
5260,-102,839,68,392,12,14,190,-5.515350
5260,-102,840,68,392,12,12,189,-5.543335
5260,-102,849,68,392,14,10,189,-3.138794
5260,-102,853,68,392,12,15,190,-5.250732
5260,-102,844,68,392,13,13,190,-4.554550
5260,-102,842,68,392,12,14,190,-5.538353
5260,-102,841,68,392,12,10,189,-5.286461
5260,-102,841,68,392,12,13,189,-5.433075
5260,-102,846,68,392,12,11,190,-5.511475
5260,-102,845,68,392,11,12,189,-6.786537
5260,-102,840,68,392,13,13,189,-4.212738
5260,-102,845,68,392,14,11,190,-3.252228
5260,-102,851,68,392,13,13,190,-5.445450
5260,-102,844,68,392,12,13,190,-5.235512
5260,-102,846,68,392,13,13,190,-4.524857
5260,-102,850,68,392,11,13,189,-6.638603
5260,-102,848,68,392,14,13,190,-3.065277
5260,-102,851,68,392,13,11,190,-4.351746
5260,-102,838,68,392,13,14,189,-4.272385
5260,-102,845,68,392,12,14,190,-5.369781
5260,-102,842,68,392,12,14,190,-5.130844
5260,-102,848,68,392,13,12,189,-4.162476
5260,-102,849,68,392,14,14,189,-3.166473
5260,-102,840,68,392,13,16,190,-4.656960
5260,-102,849,68,392,11,14,190,-6.528023
5260,-102,853,68,392,12,12,190,-5.113663
5260,-102,846,68,392,13,11,189,-4.452866
5260,-102,847,68,392,13,14,190,-4.499290
5260,-102,851,68,392,14,12,191,-3.322739
5260,-102,843,68,392,11,13,190,-6.100197
5260,-102,851,68,392,14,12,190,-3.618446
5260,-102,845,68,392,14,13,190,-3.240234
5260,-102,848,68,392,11,14,190,-6.429047
5260,-102,845,68,392,14,12,189,-3.110497
5260,-102,845,68,392,13,12,190,-4.198776
5260,-102,844,68,392,13,13,189,-4.117973
5260,-102,844,68,392,14,11,189,-3.120628
5260,-102,841,68,392,14,11,189,-3.236145
5260,-102,846,68,392,13,13,190,-4.074432
5260,-102,839,68,392,12,12,190,-5.161041
5260,-102,841,68,392,14,11,190,-3.646805
5260,-102,843,68,392,12,12,189,-6.433350
5260,-102,844,68,392,13,14,190,-4.391754
5260,-102,842,68,392,12,12,190,-5.530563
5260,-102,848,68,392,14,14,190,-3.196930
5260,-102,841,68,392,13,13,190,-4.079903
5260,-102,835,68,392,13,12,189,-4.377701
5260,-102,840,68,392,13,11,188,-5.372368
5260,-102,844,68,392,13,14,190,-4.130478
5260,-102,849,68,392,13,13,191,-4.334885
5260,-102,849,68,392,12,13,189,-5.401855
5260,-102,845,68,392,14,15,190,-3.901955
5260,-102,845,68,392,12,13,190,-5.925186
5260,-102,846,68,392,13,11,189,-4.331146
5260,-102,847,68,392,15,13,189,-2.175484
5260,-102,851,68,392,13,13,190,-4.351967
5260,-102,839,68,392,13,13,189,-4.385101
5260,-102,849,68,392,14,12,190,-3.279327
5260,-102,849,68,392,14,12,189,-3.220779
5260,-102,846,68,392,11,15,189,-6.430290
5260,-102,845,68,392,13,11,190,-4.304176
5260,-102,847,68,392,13,14,190,-4.758804
5260,-102,847,68,392,14,12,188,-3.554077
5260,-102,841,68,392,14,12,190,-3.354660
5260,-102,836,68,392,13,14,190,-4.250031
5260,-102,846,68,392,12,13,189,-6.037483
5260,-102,852,68,392,12,12,190,-5.526154
5260,-102,840,68,392,13,13,189,-4.113205
5260,-102,851,68,392,13,13,190,-4.230362
5260,-102,843,68,392,12,12,190,-5.350082
5260,-102,843,68,392,10,12,189,-7.482162
5260,-102,848,68,392,13,14,190,-4.646011
5260,-102,843,68,392,12,12,190,-5.562454
5260,-102,847,68,392,13,15,190,-4.868240
5260,-102,838,68,392,14,13,189,-3.154701
5260,-102,845,68,392,13,12,189,-4.387093
5260,-102,839,68,392,12,12,189,-5.145432
5260,-102,838,68,392,13,12,190,-4.366417
5260,-102,838,68,392,13,13,189,-4.228668
5260,-102,843,68,392,11,13,189,-6.794708
5260,-102,840,68,392,13,12,189,-4.446045
5260,-102,845,68,392,13,14,191,-4.293335
5260,-102,847,68,392,12,15,189,-5.103691
5260,-102,848,68,392,15,12,190,-2.161621
5260,-102,838,68,392,14,15,190,-3.522255
5260,-102,845,68,392,13,12,189,-4.464127
5260,-102,844,68,392,13,13,190,-4.096985
5260,-102,843,68,392,13,13,190,-4.343605
5260,-102,843,68,392,12,13,189,-5.178421
5260,-102,840,68,392,13,12,189,-4.113762
5260,-102,847,68,392,13,12,189,-4.615372
5260,-102,842,68,392,12,12,189,-5.589462
5260,-102,845,68,392,13,11,190,-4.398926
5260,-102,846,68,392,12,12,190,-5.315125
5260,-102,846,68,392,13,13,189,-5.037659
5260,-102,841,68,392,12,11,190,-5.486816
5260,-102,842,68,392,12,13,189,-5.498306
5260,-102,845,68,392,13,13,189,-4.580017
5260,-102,849,68,392,16,12,191,-1.196320
5260,-102,841,68,392,12,13,189,-5.403214
5260,-102,842,68,392,12,13,190,-5.872894
5260,-102,842,68,392,14,13,191,-3.591454
5260,-102,841,68,392,12,10,188,-5.236572
5260,-102,844,68,392,11,13,190,-7.481949
5260,-102,844,68,392,13,13,190,-4.892006
5260,-102,839,68,392,13,11,189,-4.508507
5260,-102,848,68,392,13,15,190,-4.426132
5260,-102,848,68,392,13,12,189,-4.878059
5260,-102,844,68,392,12,13,190,-5.193474
5260,-102,844,68,392,13,14,190,-5.468475
5260,-102,846,68,392,15,13,190,-2.213905
5260,-102,846,68,392,11,12,190,-6.829453
5260,-102,846,68,392,12,14,190,-6.509857
5260,-102,849,68,392,16,12,189,-2.045898
5260,-102,845,68,392,12,14,189,-5.213448
5260,-102,846,68,392,12,14,190,-5.509598
5260,-102,844,68,392,14,13,190,-3.907539
5260,-102,847,68,392,14,14,189,-3.616104
5260,-102,852,68,392,12,13,190,-4.919937
5260,-102,845,68,392,13,12,190,-3.992935
5260,-102,848,68,392,10,14,190,-7.601929
5260,-102,841,68,392,12,13,189,-5.335861
5260,-102,840,68,392,14,14,189,-3.713028
5260,-102,841,68,392,12,14,189,-5.168350
5260,-102,836,68,392,13,12,190,-4.286438
5260,-102,841,68,392,14,13,190,-3.190941
5260,-102,840,68,392,14,13,189,-3.340698
5260,-102,841,68,392,15,13,190,-2.785698
5260,-102,848,68,392,11,13,190,-5.938347
5260,-102,848,68,392,12,13,189,-5.807434
5260,-102,845,68,392,14,10,189,-4.040901
5260,-102,838,68,392,11,14,190,-6.778381
5260,-102,848,68,392,14,10,189,-3.257507
5260,-102,846,68,392,12,15,190,-5.510452
5260,-102,843,68,392,13,13,190,-4.343193
5260,-102,851,68,392,13,13,190,-4.841400
5260,-102,840,68,392,14,11,190,-3.879745
5260,-102,841,68,392,13,12,189,-4.469513
5260,-102,847,68,392,14,12,190,-3.288559
5260,-102,846,68,392,11,12,190,-7.130615
5260,-102,845,68,392,11,12,190,-6.109337
5260,-102,848,68,392,14,13,190,-3.170517
5260,-102,851,68,392,13,12,190,-4.208008
5260,-102,844,68,392,12,12,190,-5.238289
5260,-102,841,68,392,14,13,190,-3.182274
5260,-102,844,68,392,13,14,191,-4.932007
5260,-102,845,68,392,14,11,188,-3.677383
5260,-102,843,68,392,12,13,190,-5.794724
5260,-102,846,68,392,14,14,190,-3.581612
5260,-102,844,68,392,12,13,188,-6.363365
5260,-102,845,68,392,13,15,190,-4.368942
5260,-102,847,68,392,11,11,190,-6.888031
5260,-102,843,68,392,12,12,189,-5.539459
5260,-102,844,68,392,14,12,190,-3.381912
5260,-102,843,68,392,14,14,190,-3.187790
5260,-102,844,68,392,13,11,190,-4.869614
5260,-102,847,68,392,14,12,189,-3.145691
5260,-102,851,68,392,13,14,191,-4.227119
5260,-102,844,68,392,13,13,189,-5.083755
5260,-102,850,68,392,13,13,190,-4.740692
5260,-102,849,68,392,12,13,190,-5.384727
5260,-102,850,68,392,14,12,188,-3.650497
5260,-102,836,68,392,13,11,189,-4.736023
5260,-102,846,68,392,11,13,189,-6.131805
5260,-102,845,68,392,13,14,190,-4.055130
5260,-102,843,68,392,14,13,190,-3.079697
5260,-102,845,68,392,12,13,189,-5.157196
5260,-102,842,68,392,13,12,189,-4.557205
5260,-102,844,68,392,12,12,190,-5.470932
5260,-102,843,68,392,13,12,189,-4.013382
5260,-102,843,68,392,12,11,189,-5.427475
5260,-102,841,68,392,14,13,191,-3.092346
5260,-102,847,68,392,13,13,189,-4.810593
5260,-102,837,68,392,14,14,190,-3.288681
5260,-102,851,68,392,14,11,190,-3.354538
5260,-102,845,68,392,11,12,189,-5.915749
5260,-102,850,68,392,12,13,190,-5.836700
5260,-102,840,68,392,14,12,189,-3.025925
5260,-102,845,68,392,10,15,189,-7.616959
5260,-102,840,68,392,14,13,189,-3.741447
5260,-102,850,68,392,11,13,190,-6.184639
5260,-102,840,68,392,14,13,189,-3.232170
5260,-102,851,68,392,12,15,190,-5.320839
5260,-102,845,68,392,12,13,190,-6.498428
5260,-102,846,68,392,11,14,190,-6.858109
5260,-102,849,68,392,14,13,190,-3.758904
5260,-102,846,68,392,13,13,190,-4.341774
5260,-102,849,68,392,12,12,189,-5.608658
5260,-102,848,68,392,13,13,190,-4.593063
5260,-102,850,68,392,15,14,190,-2.493332
5260,-102,849,68,392,13,13,189,-4.409477
5260,-102,847,68,392,12,11,190,-5.200798
5260,-102,847,68,392,12,14,190,-5.179916
5260,-102,845,68,392,12,14,189,-5.008118
5260,-102,838,68,392,12,14,190,-5.241615
5260,-102,838,68,392,12,12,190,-5.037033
5260,-102,850,68,392,12,11,189,-5.018906
5260,-102,851,68,392,13,13,190,-4.539459
5260,-102,850,68,392,12,14,190,-5.193733
5260,-102,844,68,392,13,13,189,-4.497574
5260,-102,847,68,392,12,12,189,-5.376724
5260,-102,844,68,392,14,14,190,-4.484650
5260,-102,845,68,392,12,12,189,-5.803688
5260,-102,852,68,392,13,12,191,-4.321960
5260,-102,842,68,392,12,13,189,-5.658035
5260,-102,845,68,392,14,13,189,-3.101151
5260,-102,841,68,392,13,11,190,-4.489944
5260,-102,848,68,392,13,14,190,-4.719193
5260,-102,836,68,392,13,13,190,-5.084030
5260,-102,845,68,392,15,11,189,-2.419968
5260,-102,853,68,392,12,11,190,-5.471222
5260,-102,845,68,392,12,14,190,-6.102768
5260,-102,850,68,392,12,12,190,-5.199722
5260,-102,851,68,392,12,11,188,-5.557068
5260,-102,845,68,392,12,13,189,-5.311951
5260,-102,846,68,392,14,11,189,-4.076912
5260,-102,847,68,392,13,13,189,-4.328735
5260,-102,846,68,392,15,15,190,-2.007256
5260,-102,846,68,392,14,12,190,-3.646774
5260,-102,853,68,392,11,12,189,-6.434830
5260,-102,851,68,392,14,14,190,-3.250687
5260,-102,854,68,392,13,14,190,-4.073967
5260,-102,845,68,392,11,12,189,-6.430389
5260,-102,849,68,392,13,15,190,-4.364571
5260,-102,844,68,392,12,13,190,-5.903732
5260,-102,844,68,392,12,11,188,-5.190933
5260,-102,846,68,392,11,13,190,-6.225723
5260,-102,846,68,392,12,14,190,-5.105637
5260,-102,845,68,392,12,14,188,-5.528137
5260,-102,841,68,392,14,12,188,-2.969147
5260,-102,838,68,392,12,14,190,-5.326431
5260,-102,851,68,392,13,13,189,-4.178864
5260,-102,846,68,392,15,13,189,-2.602112
5260,-102,845,68,392,11,15,190,-6.246643
5260,-102,845,68,392,13,10,188,-4.066216
5260,-102,847,68,392,14,13,190,-4.179062
5260,-102,834,68,392,13,15,189,-4.077950
5260,-102,848,68,392,15,14,189,-2.715393
5260,-102,853,68,392,12,12,190,-6.128883
5260,-102,850,68,392,13,14,190,-4.664391
5260,-102,845,68,392,12,14,189,-5.678375
5260,-102,846,68,392,14,11,190,-3.486504
5260,-102,844,68,392,10,11,187,-7.207962
5260,-102,850,68,392,13,14,190,-4.857643
5260,-102,848,68,392,13,9,189,-4.444809
5260,-102,850,68,392,11,14,190,-6.426208
5260,-102,844,68,392,12,12,190,-5.178802
5260,-102,835,68,392,14,12,190,-3.423660
5260,-102,851,68,392,12,13,190,-5.379791
5260,-102,848,68,392,15,14,190,-2.217987
5260,-102,848,68,392,13,12,190,-4.713234
5260,-102,841,68,392,12,11,189,-5.598839
5260,-102,842,68,392,12,12,189,-5.495728
5260,-102,841,68,392,13,13,190,-4.092430
5260,-102,843,68,392,14,15,190,-3.348999
5260,-102,836,68,392,13,14,189,-5.071899
5260,-102,837,68,392,11,13,190,-6.460670
5260,-102,849,68,392,14,14,188,-3.025833
5260,-102,840,68,392,15,14,190,-2.086044
5260,-102,843,68,392,13,13,190,-4.160950
5260,-102,845,68,392,12,12,190,-5.659073
5260,-102,849,68,392,14,12,189,-3.351151
5260,-102,847,68,392,12,14,190,-5.377350
5260,-102,843,68,392,13,14,190,-4.790375
5260,-102,844,68,392,11,14,191,-6.804153
5260,-102,845,68,392,13,12,189,-4.353790
5260,-102,848,68,392,12,13,189,-5.362534
5260,-102,843,68,392,13,13,189,-4.379021
5260,-102,848,68,392,13,12,189,-4.149765
5260,-102,849,68,392,15,14,189,-3.035858
5260,-102,844,68,392,14,13,190,-3.439766
5260,-102,850,68,392,12,14,190,-5.675476
5260,-102,848,68,392,13,14,190,-4.311218
5260,-102,844,68,392,15,11,188,-2.491196
5260,-102,849,68,392,13,13,189,-4.397568
5260,-102,838,68,392,13,13,190,-4.624329
5260,-102,845,68,392,13,12,190,-4.341919
5260,-102,837,68,392,13,12,188,-4.556091
5260,-102,846,68,392,13,14,190,-4.675339
5260,-102,839,68,392,13,13,190,-5.507423
5260,-102,845,68,392,13,13,190,-5.443726
5260,-102,846,68,392,12,13,190,-5.495079
5260,-102,846,68,392,12,13,190,-5.182617
5260,-102,848,68,392,13,12,190,-4.374611
5260,-102,844,68,392,14,14,189,-3.339615
5260,-102,849,68,392,11,13,190,-6.654572
5260,-102,846,68,392,13,14,189,-4.332886
5260,-102,843,68,392,13,12,190,-4.388939
5260,-102,841,68,392,13,13,189,-4.452927
5260,-102,849,68,392,12,13,189,-5.660423
5260,-102,838,68,392,13,12,190,-4.330276
5260,-102,848,68,392,12,12,191,-6.573883
5260,-102,838,68,392,11,12,188,-6.219482
5260,-102,839,68,392,14,13,189,-3.193207
5260,-102,850,68,392,14,13,189,-3.160820
5260,-102,844,68,392,12,14,190,-5.713943
5280,-102,845,68,392,17,13,192,0.181496
5280,-102,852,68,392,17,14,193,-0.414749
5280,-102,849,68,392,12,12,190,-5.042358
5280,-102,841,68,392,15,12,192,-2.023270
5280,-102,850,68,392,17,14,193,-1.286453
5280,-102,852,68,392,12,12,189,-5.732620
5280,-102,849,68,392,16,13,193,-1.397690
5280,-102,851,68,392,18,14,192,0.522034
5280,-102,844,68,392,14,11,189,-3.789154
5280,-102,849,68,392,15,15,193,-2.434708
5280,-102,848,68,392,15,14,193,-2.561020
5280,-102,846,68,392,12,10,189,-5.029526
5280,-102,847,68,392,17,14,193,-0.222137
5280,-102,844,68,392,14,15,193,-3.824585
5280,-102,835,68,392,12,13,189,-5.280128
5280,-102,852,68,392,17,15,192,-0.510895
5280,-102,848,68,392,13,13,192,-4.700218
5280,-102,839,68,392,13,11,189,-4.532364
5280,-102,849,68,392,17,14,192,-1.014343
5280,-102,846,68,392,12,16,192,-4.982765
5280,-102,841,68,392,14,11,189,-3.153641
5280,-102,853,68,392,16,14,193,-1.412018
5280,-102,848,68,392,13,11,191,-4.389816
5280,-102,845,68,392,14,10,190,-3.329727
5280,-102,848,68,392,15,13,193,-2.182800
5280,-102,842,68,392,12,10,190,-6.116867
5280,-102,846,68,392,15,10,190,-2.059738
5280,-102,850,68,392,15,13,192,-2.234665
5280,-102,843,68,392,13,10,189,-4.233002
5280,-102,849,68,392,16,9,191,-1.303345
5280,-102,848,68,392,16,15,193,-1.387207
5280,-102,843,68,392,12,11,190,-5.107010
5280,-102,844,68,392,17,11,191,0.276199
5280,-102,850,68,392,15,14,193,-3.621826
5280,-102,845,68,392,11,10,190,-6.246872
5280,-102,845,68,392,16,16,192,-1.447174
5280,-102,847,68,392,17,13,192,-0.514923
5280,-102,852,68,392,12,10,190,-5.280045
5280,-102,845,68,392,17,15,192,-0.246765
5280,-102,844,68,392,17,16,193,-0.584496
5280,-102,845,68,392,12,12,189,-5.362427
5280,-102,847,68,392,15,16,193,-2.240738
5280,-102,849,68,392,16,16,192,-2.160934
5280,-102,844,68,392,11,13,189,-6.833633
5280,-102,846,68,392,17,17,193,-0.819138
5280,-102,849,68,392,14,15,193,-3.819519
5280,-102,846,68,392,12,13,190,-5.760063
5280,-102,849,68,392,17,13,191,-1.581467
5280,-102,845,68,392,15,15,193,-2.258865
5280,-102,846,68,392,12,11,190,-6.503601
5280,-102,845,68,392,17,15,192,-0.209839
5280,-102,846,68,392,14,16,192,-3.214111
5280,-102,845,68,392,13,13,189,-4.436920
5280,-102,850,68,392,17,16,193,-0.850159
5280,-102,846,68,392,12,14,192,-4.903900
5280,-102,843,68,392,13,10,189,-4.200638
5280,-102,845,68,392,17,16,193,-0.798691
5280,-102,847,68,392,13,11,191,-4.234596
5280,-102,843,68,392,15,8,190,-2.759926
5280,-102,851,68,392,17,12,191,-0.269096
5280,-102,838,68,392,14,8,189,-3.193733
5280,-102,839,68,392,17,9,190,-0.387314
5280,-102,847,68,392,13,14,192,-4.424774
5280,-102,846,68,392,12,10,191,-5.128304
5280,-102,844,68,392,16,10,192,-0.978371
5280,-102,845,68,392,16,14,193,-1.620773
5280,-102,840,68,392,11,11,190,-6.419624
5280,-102,841,68,392,16,14,191,-1.039001
5280,-102,845,68,392,16,13,192,-2.189331
5280,-102,841,68,392,13,12,190,-5.107933
5280,-102,845,68,392,15,17,192,-1.892960
5280,-102,843,68,392,18,14,192,0.738571
5280,-102,849,68,392,14,14,189,-3.478088
5280,-102,845,68,392,16,15,192,-1.577362
5280,-102,842,68,392,16,15,192,-1.770721
5280,-102,843,68,392,12,11,190,-5.691681
5280,-102,848,68,392,14,16,193,-3.608818
5280,-102,847,68,392,16,16,193,-1.449554
5280,-102,837,68,392,14,12,190,-3.249100
5280,-102,848,68,392,17,15,192,-0.172318
5280,-102,849,68,392,13,16,193,-4.664413
5280,-102,846,68,392,13,13,190,-4.546249
5280,-102,848,68,392,17,15,193,-0.422852
5280,-102,848,68,392,13,17,193,-4.670578
5280,-102,846,68,392,13,13,190,-4.630020
5280,-102,851,68,392,17,14,193,-0.487808
5280,-102,848,68,392,11,15,193,-6.323029
5280,-102,846,68,392,13,10,189,-4.775848
5280,-102,853,68,392,15,16,192,-2.831589
5280,-102,849,68,392,14,11,192,-2.827805
5280,-102,851,68,392,12,11,190,-4.924240
5280,-102,847,68,392,15,14,192,-2.399147
5280,-102,845,68,392,14,10,191,-3.271683
5280,-102,844,68,392,15,7,189,-3.018425
5280,-102,851,68,392,16,14,191,-1.718979
5280,-102,838,68,392,12,9,190,-5.798508
5280,-102,849,68,392,17,11,191,-0.166428
5280,-102,847,68,392,15,13,193,-2.454102
5280,-102,834,68,392,13,9,190,-4.501083
5280,-102,845,68,392,17,13,192,-0.180794
5280,-102,845,68,392,17,15,193,-0.638000
5280,-102,845,68,392,13,8,189,-4.366165
5280,-102,847,68,392,16,15,192,-1.040176
5280,-102,851,68,392,16,14,193,-1.500839
5280,-102,839,68,392,11,11,189,-6.373993
5280,-102,847,68,392,15,16,192,-1.850723
5280,-102,851,68,392,18,16,193,0.411194
5280,-102,849,68,392,13,12,189,-5.461594
5280,-102,847,68,392,16,15,192,-1.415314
5280,-102,852,68,392,17,16,194,-1.694214
5280,-102,845,68,392,13,13,190,-4.540512
5280,-102,845,68,392,15,15,192,-2.264313
5280,-102,849,68,392,17,18,192,-0.334488
5280,-102,843,68,392,13,10,189,-4.509567
5280,-102,845,68,392,15,16,193,-2.452530
5280,-102,844,68,392,15,15,192,-2.648529
5280,-102,845,68,392,13,11,189,-5.474930
5280,-102,848,68,392,16,15,193,-1.543854
5280,-102,845,68,392,12,14,193,-5.824974
5280,-102,839,68,392,12,12,189,-5.400558
5280,-102,848,68,392,16,17,193,-1.617172
5280,-102,846,68,392,12,14,193,-4.857262
5280,-102,838,68,392,14,13,190,-3.539429
5280,-102,847,68,392,15,16,193,-2.375488
5280,-102,839,68,392,13,12,190,-3.978271
5280,-102,847,68,392,13,9,189,-4.055069
5280,-102,845,68,392,17,13,193,-0.456512
5280,-102,839,68,392,13,10,190,-4.158813
5280,-102,844,68,392,16,9,190,-1.707695
5280,-102,851,68,392,16,16,193,-1.362274
5280,-102,844,68,392,13,9,191,-4.748772
5280,-102,840,68,392,17,8,189,-0.129074
5280,-102,849,68,392,16,15,192,-1.674454
5280,-102,836,68,392,13,9,189,-5.465179
5280,-102,843,68,392,17,11,191,-0.119766
5280,-102,846,68,392,15,15,193,-2.888374
5280,-102,850,68,392,14,11,190,-3.137314
5280,-102,845,68,392,16,13,192,-1.071342
5280,-102,847,68,392,16,16,192,-2.219559
5280,-102,849,68,392,14,11,189,-3.283401
5280,-102,846,68,392,17,15,192,-0.072617
5280,-102,844,68,392,18,15,192,0.482254
5280,-102,842,68,392,11,11,189,-6.625580
5280,-102,846,68,392,16,12,193,-1.229065
5280,-102,843,68,392,18,16,192,0.502670
5280,-102,841,68,392,10,12,190,-7.219872
5280,-102,846,68,392,13,15,193,-4.270889
5280,-102,843,68,392,17,16,193,-0.698257
5280,-102,840,68,392,13,13,189,-4.707535
5280,-102,847,68,392,15,17,193,-2.252945
5280,-102,844,68,392,15,14,193,-2.891495
5280,-102,845,68,392,14,12,189,-3.507935
5280,-102,844,68,392,16,15,192,-1.850372
5280,-102,845,68,392,13,15,192,-4.622124
5280,-102,840,68,392,12,13,190,-5.787460
5280,-102,844,68,392,17,14,192,-0.280312
5280,-102,844,68,392,13,14,192,-3.881454
5280,-102,845,68,392,13,10,190,-4.620163
5280,-102,850,68,392,18,16,193,0.209679
5280,-102,843,68,392,13,14,192,-3.933044
5280,-102,839,68,392,15,11,190,-2.352913
5280,-102,846,68,392,16,15,193,-1.655197
5280,-102,844,68,392,12,12,191,-5.007454
5280,-102,839,68,392,14,11,190,-3.439957
5280,-102,851,68,392,17,17,193,-0.915359
5280,-102,849,68,392,13,11,191,-4.348190
5280,-102,839,68,392,15,10,190,-2.748337
5280,-102,849,68,392,13,14,192,-4.453148
5280,-102,837,68,392,13,10,190,-4.077003
5280,-102,849,68,392,15,11,190,-2.492195
5280,-102,849,68,392,15,15,192,-2.520729
5280,-102,839,68,392,12,11,189,-5.616470
5280,-102,844,67,393,20,12,191,2.993561
5280,-102,848,68,392,15,15,193,-2.363190
5280,-102,839,68,392,13,10,190,-4.371918
5280,-102,839,68,392,16,15,192,-1.338379
5280,-102,851,68,392,17,14,192,-1.598259
5280,-102,846,68,392,12,12,191,-5.096069
5280,-102,847,68,392,17,15,193,-0.232452
5280,-102,850,68,392,16,15,192,-1.461472
5280,-102,836,68,392,11,12,189,-6.621780
5280,-102,846,68,392,14,14,193,-3.391571
5280,-102,850,68,392,16,16,193,-1.571167
5280,-102,839,68,392,13,13,189,-4.772491
5280,-102,851,68,392,15,17,193,-2.385979
5280,-102,847,68,392,15,15,193,-2.646408
5280,-102,847,68,392,10,12,190,-7.778549
5280,-102,843,68,392,16,15,192,-1.525146
5280,-102,844,68,392,14,15,192,-3.401901
5280,-102,840,68,392,13,13,190,-4.359428
5280,-102,848,68,392,17,16,192,-0.440422
5280,-102,848,68,392,13,13,191,-4.011581
5280,-102,845,68,392,13,11,190,-4.029068
5280,-102,845,68,392,15,16,192,-2.604889
5280,-102,849,68,392,12,14,193,-4.966309
5280,-102,843,68,392,12,10,189,-5.258484
5280,-102,842,68,392,17,15,193,-0.335739
5280,-102,845,68,392,14,12,192,-3.047455
5280,-102,846,68,392,14,9,190,-3.293396
5280,-102,845,68,392,14,15,193,-3.245377
5280,-102,846,68,392,12,10,190,-5.459824
5280,-102,844,68,392,15,9,191,-2.889664
5280,-102,852,68,392,14,17,193,-3.415146
5280,-102,834,68,392,12,9,189,-5.473129
5280,-102,847,68,392,16,12,192,-1.437439
5280,-102,845,68,392,15,14,193,-3.049355
5280,-102,836,68,392,12,9,189,-5.160110
5280,-102,841,68,392,17,12,191,-0.330093
5280,-102,846,68,392,17,12,192,-0.971092
5280,-102,839,68,392,13,11,190,-4.108727
5280,-102,846,68,392,15,16,193,-1.880798
5280,-102,848,68,392,19,15,192,1.568604
5280,-102,835,68,392,15,12,190,-2.464371
5280,-102,848,68,392,13,15,193,-4.184616
5280,-102,845,68,392,16,16,192,-1.985710
5280,-102,841,68,392,12,13,190,-5.604637
5280,-102,844,68,392,16,15,192,-1.162094
5280,-102,845,68,392,16,13,192,-1.685242
5280,-102,844,68,392,11,10,189,-7.410339
5280,-102,845,68,392,16,16,193,-2.280930
5280,-102,843,68,392,15,15,191,-2.238327
5280,-102,839,68,392,12,12,190,-5.320160
5280,-102,846,68,392,19,15,193,1.202332
5280,-102,843,68,392,13,14,192,-4.025742
5280,-102,845,68,392,14,11,189,-3.344238
5280,-102,850,68,392,17,15,193,-0.635406
5280,-102,853,68,392,12,14,192,-4.923401
5280,-102,839,68,392,13,12,190,-4.164429
5280,-102,847,68,392,17,15,193,-0.073257
5280,-102,841,68,392,13,11,190,-3.877251
5280,-102,839,68,392,13,9,189,-4.343719
5280,-102,845,68,392,15,15,193,-2.523506
5280,-102,840,68,392,14,11,191,-3.503822
5280,-102,838,68,392,15,8,190,-2.082367
5280,-102,846,68,392,16,15,193,-1.700081
5280,-102,847,68,392,13,8,189,-4.584427
5280,-102,837,68,392,17,9,191,-0.133224
5280,-102,846,68,392,15,14,192,-2.500488
5280,-102,847,68,392,12,9,190,-5.094284
5280,-102,844,68,392,18,13,191,1.207756
5280,-102,851,68,392,17,13,192,-0.246849
5280,-102,844,68,392,11,9,189,-5.918526
5280,-102,846,68,392,17,14,192,0.019264
5280,-102,846,68,392,17,15,192,-0.854347
5280,-102,843,68,392,14,12,190,-4.103035
5280,-102,845,68,392,15,12,192,-3.168930
5280,-102,850,68,392,16,16,193,-1.306038
5280,-102,835,68,392,13,11,189,-5.088699
5280,-102,845,68,392,16,16,192,-1.787506
5280,-102,849,68,392,14,15,193,-3.901718
5280,-102,843,68,392,13,13,191,-4.421822
5280,-102,851,68,392,16,14,191,-2.183044
5280,-102,848,68,392,15,13,192,-2.467461
5280,-102,841,68,392,12,12,189,-5.555496
5280,-102,853,68,392,16,17,193,-1.486404
5280,-102,848,68,392,15,15,193,-2.367920
5280,-102,842,68,392,12,12,189,-5.442871
5280,-102,856,68,392,19,16,193,1.354340
5280,-102,842,68,392,11,15,192,-5.960846
5280,-102,841,68,392,14,10,189,-3.562073
5280,-102,851,68,392,18,16,193,0.219452
5280,-102,844,68,392,12,12,192,-5.079636
5280,-102,841,68,392,13,11,190,-4.478729
5280,-102,845,68,392,16,17,193,-1.347565
5280,-102,841,68,392,13,10,190,-4.213638
5280,-102,842,68,392,15,10,190,-2.471710
5280,-102,846,68,392,17,12,192,-0.141235
5280,-102,841,68,392,12,8,190,-5.497543
5280,-102,846,68,392,17,8,190,-0.293594
5280,-102,853,68,392,13,17,193,-4.326172
5280,-102,841,68,392,15,9,190,-2.005234
5280,-102,845,68,392,16,10,190,-1.593124
5280,-102,844,68,392,16,15,192,-1.589325
5280,-102,846,68,392,11,12,190,-6.339264
5280,-102,847,68,392,17,15,192,0.176636
5280,-102,851,68,392,15,16,193,-2.593956
5280,-102,844,68,392,13,12,190,-4.514694
5280,-102,846,68,392,16,17,193,-1.035133
5280,-102,843,68,392,17,15,193,-1.334923
5280,-102,847,68,392,13,11,188,-4.180786
5280,-102,846,68,392,15,13,192,-2.460754
5280,-102,846,68,392,17,14,192,-1.633499
5280,-102,839,68,392,13,12,189,-4.594086
5280,-102,845,68,392,13,16,192,-4.566147
5280,-102,845,68,392,18,16,193,0.412918
5280,-102,843,68,392,10,12,190,-7.220039
5280,-102,843,68,392,16,18,193,-1.500313
5280,-102,845,68,392,15,15,192,-2.888290
5280,-102,845,68,392,14,13,189,-3.741257
5280,-102,845,68,392,15,14,193,-2.582047
5280,-102,843,68,392,13,16,193,-4.463135
5280,-102,840,68,392,14,12,189,-3.133347
5280,-102,844,68,392,17,14,192,-0.861404
5280,-102,845,68,392,13,12,192,-3.899635
5280,-102,842,68,392,12,11,188,-5.448273
5280,-102,843,68,392,17,14,192,-0.602615
5280,-102,841,68,392,13,13,191,-4.038780
5280,-102,845,68,392,13,11,190,-5.499924
5280,-102,846,68,392,16,15,193,-1.530869
5280,-102,844,68,392,15,11,191,-2.032944
5280,-102,843,68,392,15,9,190,-3.471184
5280,-102,851,68,392,16,14,192,-1.495422
5280,-102,844,68,392,11,10,191,-6.495880
5280,-102,841,68,392,17,8,189,-0.180435
5280,-102,850,68,392,14,14,192,-3.531372
5280,-102,845,68,392,11,10,190,-6.157791
5280,-102,843,68,392,16,12,191,-1.384949
5280,-102,847,68,392,13,12,193,-4.797241
5280,-102,838,68,392,11,9,189,-6.711914
5280,-102,842,68,392,17,14,192,0.088318
5280,-102,845,68,392,16,17,193,-1.603004
5280,-102,841,68,392,13,12,190,-4.284393
5280,-102,846,68,392,16,14,192,-0.801003
5280,-102,849,68,392,15,15,194,-2.515396
5280,-102,840,68,392,12,12,190,-5.888321
5280,-102,846,68,392,16,15,192,-1.393631
5280,-102,853,68,392,17,15,193,-0.683304
5280,-102,840,68,392,12,14,190,-5.668533
5280,-102,843,68,392,17,14,192,-0.595047
5280,-102,845,68,392,17,14,193,-0.092331
5280,-102,841,68,392,13,11,188,-4.452194
5280,-102,850,68,392,17,13,193,-0.799377
5280,-102,845,68,392,14,17,193,-3.684296
5280,-102,842,68,392,14,11,188,-3.753220
5280,-102,854,68,392,16,14,192,-1.203781
5280,-102,847,68,392,13,17,193,-4.200203
5280,-102,845,68,392,12,9,189,-5.145752
5280,-102,852,68,392,17,16,193,-0.459106
5280,-102,847,68,392,13,13,192,-4.053467
5280,-102,843,68,392,13,12,189,-4.355911
5280,-102,855,68,392,17,15,193,-0.489769
5280,-102,843,68,392,15,13,192,-2.028679
5280,-102,846,68,392,15,10,190,-2.210159
5280,-102,847,68,392,15,17,193,-3.065002
5280,-102,843,68,392,14,12,191,-3.010994
5280,-102,846,68,392,16,8,190,-1.482681
5280,-102,849,68,392,16,13,192,-2.584755
5280,-102,843,68,392,12,10,191,-5.373444
5280,-102,843,68,392,17,10,190,-0.618690
5280,-102,850,68,392,14,16,192,-4.219833
5280,-102,842,68,392,14,10,191,-3.051926
5280,-102,847,68,392,18,10,191,0.829651
5280,-102,846,68,392,17,16,193,-0.397514
5280,-102,839,68,392,12,11,189,-5.344574
5280,-102,843,68,392,16,11,191,-0.998108
5280,-102,849,68,392,17,16,193,-0.545822
5280,-102,843,68,392,12,11,189,-5.848709
5280,-102,848,68,392,18,13,192,1.124214
5280,-102,843,68,392,17,15,192,-0.571960
5280,-102,844,68,392,13,11,190,-4.586151
5280,-102,844,68,392,16,15,192,-1.327820
5280,-102,849,68,392,17,16,193,-0.555008
5280,-102,845,68,392,12,14,190,-6.126076
5280,-102,846,68,392,15,17,193,-2.375626
5280,-102,847,68,392,15,14,193,-2.526978
5280,-102,839,68,392,13,11,189,-4.211151
5280,-102,846,68,392,16,17,193,-1.572975
5280,-102,846,68,392,15,17,193,-2.556686
5280,-102,844,68,392,13,11,189,-4.579819
5280,-102,845,68,392,16,14,192,-1.384308
5280,-102,841,68,392,12,15,193,-5.367447
5280,-102,839,68,392,13,10,189,-5.460297
5280,-102,849,68,392,16,14,192,-1.864960
5280,-102,847,68,392,14,13,192,-3.251114
5280,-102,849,68,392,14,11,190,-3.158012
5280,-102,851,68,392,17,15,192,-0.592651
5280,-102,846,68,392,11,14,192,-5.782349
5280,-102,840,68,392,13,12,189,-4.378120
5280,-102,845,68,392,18,13,193,-0.288391
5280,-102,842,68,392,13,11,191,-4.267540
5280,-102,843,68,392,15,7,189,-2.484680
5280,-102,852,68,392,16,13,192,-1.563385
5280,-102,843,68,392,13,10,190,-4.481781
5280,-102,845,68,392,16,10,192,-1.284454
5280,-102,847,68,392,15,15,193,-2.209473
5280,-102,841,68,392,12,9,189,-5.816986
5280,-102,843,68,392,18,12,192,0.608765
5280,-102,848,68,392,15,15,193,-2.563782
5280,-102,849,68,392,13,10,190,-4.315674
5280,-102,847,68,392,17,12,191,0.020950
5280,-102,846,68,392,17,14,192,-0.701523
5280,-102,851,68,392,12,12,190,-5.221085
5280,-102,846,68,392,16,17,193,-1.087265
5280,-102,848,68,392,17,14,191,-0.832077
5280,-102,848,68,392,11,11,190,-6.325851
5280,-102,850,68,392,14,17,193,-3.910667
5280,-102,853,68,392,15,14,193,-2.410675
5280,-102,840,68,392,13,13,189,-4.619858
5280,-102,847,68,392,15,15,193,-3.636169
5280,-102,847,68,392,17,17,193,-0.660934
5280,-102,851,68,392,12,14,190,-5.323303
5280,-102,853,68,392,16,16,193,-1.338821
5280,-102,844,68,392,13,15,193,-4.501991
5280,-102,840,68,392,12,11,189,-5.156219
5280,-102,852,68,392,15,15,193,-2.778168
5280,-102,844,68,392,11,15,192,-6.089790
5280,-102,846,68,392,13,12,191,-4.281418
5280,-102,851,68,392,16,13,192,-1.544617
5280,-102,847,68,392,11,17,193,-6.082939
5280,-102,840,68,392,14,11,189,-3.806961
5280,-102,846,68,392,16,16,192,-1.400299
5280,-102,844,68,392,13,11,191,-3.825203
5280,-102,839,68,392,13,10,189,-5.052727
5280,-102,845,68,392,17,12,192,-0.354286
5280,-102,847,68,392,13,9,191,-4.065414
5280,-102,841,68,392,15,9,190,-2.348343
5280,-102,848,68,392,15,14,193,-2.223114
5280,-102,850,68,392,14,11,190,-3.538101
5280,-102,850,68,392,16,10,191,-1.241196
5280,-102,846,68,392,14,16,193,-4.031357
5280,-102,844,68,392,11,9,190,-6.773148
5280,-102,849,68,392,17,9,190,-0.088806
5280,-102,847,68,392,16,14,192,-1.901932
5280,-102,853,68,392,12,12,191,-5.905075
5280,-102,851,68,392,15,13,192,-1.942062
5280,-102,854,68,392,15,14,193,-2.843277
5280,-102,845,68,392,14,12,190,-3.122787
5280,-102,848,68,392,16,17,193,-0.800751
5280,-102,855,68,392,16,13,192,-1.417877
5280,-102,840,68,392,15,13,190,-2.479507
5280,-102,844,68,392,17,15,192,-0.616211
5280,-102,846,68,392,16,17,193,-1.292969
5280,-102,846,68,392,12,12,189,-6.089989
5280,-102,847,68,392,16,14,192,-1.539551
5280,-102,847,68,392,15,15,192,-2.364105
5280,-102,837,68,392,13,11,189,-4.215012
5280,-102,842,68,392,15,13,192,-2.660248
5280,-102,850,68,392,15,16,192,-2.537399
5280,-102,844,68,392,13,12,190,-4.652390
5280,-102,849,68,392,16,15,193,-1.689331
5280,-102,843,68,392,14,15,193,-3.068039
5280,-102,844,68,392,14,13,190,-3.745605
5280,-102,844,68,392,17,17,193,-0.349472
5280,-102,851,68,392,13,14,193,-4.121452
5280,-102,848,68,392,13,10,189,-4.239807
5280,-102,844,68,392,16,13,192,-1.342102
5280,-102,843,68,392,13,12,192,-4.284683
5280,-102,847,68,392,12,10,190,-5.843178
5280,-102,847,68,392,16,15,193,-2.233948
5280,-102,846,68,392,12,10,191,-5.085548
5280,-102,844,68,392,13,10,190,-4.397934
5280,-102,851,68,392,16,15,192,-1.320885
5280,-102,842,68,392,10,8,190,-8.109291
5280,-102,847,68,392,15,10,190,-2.174576
5280,-102,849,68,392,13,14,192,-4.274529
5280,-102,848,68,392,13,9,189,-4.452621
5280,-102,845,68,392,14,11,191,-3.631783
5280,-102,846,68,392,15,17,193,-2.538925
5280,-102,841,68,392,13,11,189,-4.422180
5280,-102,843,68,392,15,13,193,-1.899849
5280,-102,847,68,392,16,15,193,-1.757889
5280,-102,843,68,392,14,11,189,-3.181305
5280,-102,846,68,392,18,14,192,0.817856
5280,-102,846,68,392,18,14,193,0.666779
5280,-102,844,68,392,12,13,190,-5.483887
5280,-102,848,68,392,13,16,192,-4.528465
5280,-102,852,68,392,16,13,193,-1.667992
5280,-102,847,68,392,12,13,190,-5.230392
5280,-102,848,68,392,14,13,193,-3.993156
5280,-102,846,68,392,14,12,192,-3.521072
5280,-102,837,68,392,12,12,190,-5.772552
5280,-102,844,68,392,16,16,193,-1.399094
5280,-102,851,68,392,15,18,193,-2.647690
5280,-102,845,68,392,13,11,189,-4.234238
5280,-102,844,68,392,17,16,191,-0.831726
5280,-102,850,68,392,13,15,192,-3.964890
5280,-102,844,68,392,14,13,191,-3.177536
5280,-102,845,68,392,17,13,192,-0.419617
5280,-102,844,68,392,12,14,192,-5.039307
5280,-102,840,68,392,13,12,190,-4.308014
5280,-102,848,68,392,17,15,193,-0.802277
5280,-102,843,68,392,12,12,192,-4.960052
5280,-102,848,68,392,13,11,190,-4.220993
5280,-102,848,68,392,16,14,193,-2.615814
5280,-102,846,68,392,12,9,191,-5.370667
5280,-102,848,68,392,16,10,189,-1.805237
5280,-102,850,68,392,15,14,192,-2.382553
5280,-102,849,68,392,13,8,190,-4.451103
5280,-102,845,68,392,15,11,191,-2.923744
5280,-102,849,68,392,15,15,192,-2.500168
5280,-102,841,68,392,12,11,190,-5.738937
5280,-102,846,68,392,17,15,192,0.242882
5280,-102,846,68,392,14,16,193,-3.801926
5280,-102,848,68,392,13,11,190,-4.460899
5280,-102,844,68,392,16,12,192,-0.897888
5280,-102,854,68,392,16,15,192,-1.986488
5280,-102,848,68,392,14,13,190,-3.280807
5280,-102,845,68,392,17,15,192,-0.048248
5280,-102,847,68,392,16,14,192,-1.324921
5280,-102,849,68,392,13,14,190,-5.084557
5280,-102,846,68,392,14,13,192,-4.591461
5280,-102,845,68,392,18,15,193,0.078125
5280,-102,841,68,392,11,14,190,-6.792511
5280,-102,846,68,392,15,14,192,-2.324371
5280,-102,843,68,392,14,15,193,-3.889755
5280,-102,843,68,392,12,11,189,-5.451736
5280,-102,848,68,392,16,13,192,-1.172050
5280,-102,846,68,392,13,13,193,-4.208267
5280,-102,839,68,392,13,11,189,-4.145828
5280,-102,843,68,392,17,15,192,-0.903267
5280,-102,846,68,392,13,13,191,-4.063950
5280,-102,841,68,392,15,12,190,-2.372101
5280,-102,847,68,392,16,14,193,-1.675323
5280,-102,844,68,392,13,12,192,-4.442101
5280,-102,844,68,392,11,12,190,-6.102837
5280,-102,844,68,392,16,15,192,-1.367142
5280,-102,843,68,392,13,15,192,-4.261902
5280,-102,845,68,392,12,12,190,-5.485260
5280,-102,845,68,392,17,14,192,-0.753510
5280,-102,847,68,392,13,16,192,-4.028572
5280,-102,840,68,392,12,9,189,-5.520447
5280,-102,846,68,392,14,14,192,-3.120056
5280,-102,849,68,392,13,14,192,-3.804489
5280,-102,843,68,392,14,10,189,-3.145187
5280,-102,845,68,392,17,14,193,-0.926445
5280,-102,844,68,392,13,11,191,-4.146454
5280,-102,841,68,392,16,10,190,-1.464584
5280,-102,849,68,392,16,14,191,-1.298203
5280,-102,846,68,392,13,11,190,-4.828308
5280,-102,840,68,392,14,9,190,-4.498047
5280,-102,851,68,392,16,15,192,-1.162163
5280,-102,842,68,392,13,11,190,-4.355553
5280,-102,844,68,392,18,11,191,0.859177
5280,-102,846,68,392,16,16,193,-1.516220
5280,-102,846,68,392,10,11,190,-7.357925
5280,-102,849,68,392,18,14,192,1.109680
5280,-102,847,68,392,17,14,192,-0.965378
5280,-102,839,68,392,12,13,190,-5.746368
5280,-102,847,68,392,16,13,192,-1.176979
5280,-102,852,68,392,17,15,192,-0.611115
5280,-102,833,68,392,12,11,189,-5.370590
5280,-102,846,68,392,15,16,193,-2.798767
5280,-102,852,68,392,16,15,193,-1.471291
5280,-102,843,68,392,12,12,189,-5.435501
5280,-102,845,68,392,16,15,193,-1.430115
5280,-102,845,68,392,15,15,192,-2.449478
5280,-102,848,68,392,14,13,190,-3.444321
5280,-102,846,68,392,16,14,192,-1.968483
5280,-102,847,68,392,15,15,192,-2.665207
5280,-102,848,68,392,12,11,189,-5.031509
5280,-102,857,68,392,19,15,193,1.575592
5280,-102,846,68,392,13,15,192,-4.452095
5280,-102,840,68,392,14,11,190,-3.344002
5280,-102,857,68,392,17,14,193,-1.272186
5280,-102,848,68,392,13,13,192,-3.914719
5280,-102,849,68,392,14,11,189,-3.511124
5280,-102,847,68,392,17,15,193,-0.452087
5280,-102,845,68,392,13,13,192,-3.874229
5280,-102,846,68,392,14,10,189,-3.610138
5280,-102,850,68,392,17,13,192,-0.160095
5280,-102,849,68,392,13,10,191,-4.401779
5280,-102,848,68,392,14,10,190,-3.356812
5280,-102,848,68,392,15,14,192,-2.123405
5280,-102,842,68,392,15,8,190,-2.065247
5280,-102,846,68,392,16,9,190,-1.307945
5280,-102,853,68,392,14,15,192,-3.187462
5280,-102,840,68,392,12,7,190,-5.572845
5280,-102,847,68,392,18,12,192,0.718849
5280,-102,847,68,392,15,13,193,-2.696846
5280,-102,842,68,392,14,12,190,-3.218369
5280,-102,845,68,392,16,13,192,-1.211586
5280,-102,844,68,392,17,13,192,-0.311371
5280,-102,838,68,392,13,12,190,-4.554863
5280,-102,848,68,392,15,13,192,-2.183434
5280,-102,848,68,392,17,15,193,-0.636169
5280,-102,846,68,392,14,12,189,-3.258606
5280,-102,847,68,392,15,15,193,-2.913559
5280,-102,841,68,392,16,15,192,-1.914124
5280,-102,844,68,392,12,13,189,-5.706009
5280,-102,848,68,392,16,16,192,-1.976540
5280,-102,845,68,392,15,15,193,-2.995132
5280,-102,848,68,392,13,12,190,-4.708603
5280,-102,843,68,392,17,13,191,-1.567886
5280,-102,842,68,392,14,14,191,-3.724701
5280,-102,846,68,392,13,12,190,-4.429260
5280,-102,846,68,392,16,16,192,-1.293152
5280,-102,850,68,392,12,19,193,-5.081802
5280,-102,846,68,392,13,11,189,-4.620834
5280,-102,847,68,392,17,14,193,-1.256958
5280,-102,852,68,392,14,15,193,-3.063927
5280,-102,849,68,392,14,10,190,-3.465378
5280,-102,843,68,392,17,16,193,-0.501396
5280,-102,843,68,392,11,10,191,-5.890717
5280,-102,839,68,392,13,11,190,-4.325058
5280,-102,850,68,392,15,15,193,-2.744904
5280,-102,844,68,392,13,11,191,-4.500946
5280,-102,847,68,392,15,8,189,-2.338715
5280,-102,851,68,392,15,14,193,-2.582115
5280,-102,839,68,392,11,9,190,-6.140030
5280,-102,842,68,392,16,10,190,-1.662415
5280,-102,848,68,392,16,15,192,-1.475983
5280,-102,844,68,392,12,9,190,-5.040710
5280,-102,847,68,392,16,13,193,-0.853348
5280,-102,843,68,392,17,15,192,-0.491913
5280,-102,846,68,392,12,9,189,-5.328659
5280,-102,844,68,392,16,12,192,-1.246887
5280,-102,853,68,392,16,15,193,-1.465744
5280,-102,847,68,392,13,11,189,-4.576431
5280,-102,846,68,392,15,19,193,-2.725479
5280,-102,850,68,392,15,16,193,-2.894653
5280,-102,844,68,392,13,13,190,-4.229309
5280,-102,845,68,392,16,17,192,-1.328003
5280,-102,849,68,392,17,17,193,-0.593597
5280,-102,846,68,392,12,11,190,-6.105095
5280,-102,850,68,392,16,14,192,-1.645935
5280,-102,846,68,392,13,15,192,-4.725029
5280,-102,845,68,392,13,12,189,-4.623154
5280,-102,852,68,392,16,15,193,-1.650696
5280,-102,846,68,392,11,15,192,-6.130547
5280,-102,844,68,392,12,11,189,-5.484314
5280,-102,853,68,392,15,19,194,-3.329010
5280,-102,848,68,392,12,15,193,-4.908318
5280,-102,843,68,392,12,11,190,-5.229401
5280,-102,843,68,392,16,13,192,-1.776932
5280,-102,850,68,392,12,9,190,-5.194672
5280,-102,838,68,392,15,10,189,-3.474625
5280,-102,850,68,392,15,15,192,-3.512680
5280,-102,844,68,392,11,11,190,-6.206085
5280,-102,844,68,392,16,8,190,-1.482971
5280,-102,851,68,392,15,16,193,-2.565125
5280,-102,841,68,392,13,8,190,-5.501129
5280,-102,844,68,392,17,12,191,0.186424
5280,-102,847,68,392,15,15,193,-2.960541
5280,-102,851,68,392,10,9,190,-7.270401
5280,-102,848,68,392,15,13,192,-1.923386
5280,-102,852,68,392,17,14,192,-0.063400
5280,-102,845,68,392,14,13,190,-4.093498
5280,-102,851,68,392,15,14,193,-1.915306
5280,-102,849,68,392,16,14,193,-1.784164
5280,-102,850,68,392,11,11,189,-6.318924
5280,-102,846,68,392,15,16,193,-2.089005
5280,-102,849,68,392,15,17,193,-2.483719
5280,-102,847,68,392,13,12,190,-4.567749
5280,-102,849,68,392,14,15,192,-3.737778
5280,-102,846,68,392,15,16,192,-2.420692
5280,-102,845,68,392,13,14,189,-4.797119
5280,-102,845,68,392,15,15,193,-3.030121
5280,-102,845,68,392,15,14,192,-2.470627
5280,-102,835,68,392,13,11,188,-4.299362
5280,-102,845,68,392,17,16,193,-1.053619
5280,-102,844,68,392,13,14,193,-4.296799
5280,-102,839,68,392,14,11,189,-3.399002
5280,-102,844,68,392,16,13,192,-1.598625
5280,-102,848,68,392,11,14,192,-6.034782
5280,-102,841,68,392,13,10,190,-4.644058
5280,-102,845,68,392,18,14,192,0.041107
5280,-102,844,68,392,14,11,191,-2.909149
5280,-102,845,68,392,14,11,191,-3.068489
5280,-102,846,68,392,16,14,192,-1.954102
5280,-102,840,68,392,13,12,191,-5.152664
5280,-102,844,68,392,16,10,190,-1.593063
5280,-102,849,68,392,14,14,193,-3.608719
5280,-102,846,68,392,10,10,190,-7.885254
5280,-102,849,68,392,15,11,192,-2.520355
5280,-102,849,68,392,16,15,192,-1.339661
5280,-102,848,68,392,13,9,190,-4.763260
5280,-102,840,68,392,16,13,190,-0.857056
5280,-102,843,68,392,16,13,193,-1.841003
5280,-102,846,68,392,14,10,189,-4.069366
5280,-102,842,68,392,15,14,192,-2.171417
5280,-102,845,68,392,15,14,191,-2.617264
5280,-102,846,68,392,12,11,189,-5.108459
5280,-102,851,68,392,18,15,193,1.104233
5280,-102,848,68,392,16,17,193,-1.940514
5280,-102,843,68,392,12,11,190,-5.392769
5280,-102,847,68,392,15,16,193,-2.474976
5280,-102,851,68,392,16,12,192,-1.468170
5280,-102,841,68,392,12,12,190,-6.084427
5280,-102,847,68,392,15,15,192,-2.196770
5280,-102,846,68,392,16,12,191,-1.968750
5280,-102,834,68,392,13,13,188,-4.319511
5280,-102,852,68,392,17,14,193,-0.493568
5280,-102,850,68,392,12,13,192,-5.541328
5280,-102,844,68,392,12,12,190,-5.377487
5280,-102,854,68,392,16,16,193,-1.939163
5280,-102,849,68,392,13,16,193,-3.853279
5280,-102,841,68,392,12,12,190,-5.529160
5280,-102,848,68,392,18,15,193,0.783508
5280,-102,843,68,392,15,14,192,-1.969711
5280,-102,844,68,392,11,12,190,-6.195007
5280,-102,847,68,392,16,13,192,-1.465462
5280,-102,846,68,392,13,13,191,-3.943474
5280,-102,840,68,392,14,8,189,-3.721649
5280,-102,848,68,392,15,17,193,-3.032440
5280,-102,839,68,392,14,11,191,-3.020119
5280,-102,842,68,392,15,10,190,-2.667435
5280,-102,850,68,392,16,11,192,-1.087891
5280,-102,842,68,392,12,10,190,-5.398163
5280,-102,855,68,392,16,9,191,-1.885124
5300,-102,844,68,392,15,14,192,-2.542191
5300,-102,845,68,392,12,9,189,-5.228050
5300,-102,849,68,392,12,11,190,-5.491287
5300,-102,853,68,392,14,15,192,-3.882362
5300,-102,843,68,392,16,11,190,-1.180283
5300,-102,836,68,392,12,9,188,-5.449875
5300,-102,848,68,392,17,13,191,-0.444855
5300,-102,846,68,392,14,11,190,-4.484940
5300,-102,841,68,392,13,10,190,-4.772957
5300,-102,853,68,392,18,14,191,0.475418
5300,-102,841,68,392,12,13,191,-5.266487
5300,-102,838,68,392,15,10,189,-2.479156
5300,-102,844,68,392,16,13,192,-1.574409
5300,-102,847,68,392,13,11,190,-4.781273
5300,-102,848,68,392,15,9,190,-2.226929
5300,-102,846,68,392,14,14,193,-3.509186
5300,-102,850,68,392,13,11,190,-4.334587
5300,-102,844,68,392,16,13,191,-1.533173
5300,-102,844,68,392,11,14,192,-6.897430
5300,-102,838,68,392,13,11,190,-4.491165
5300,-102,845,68,392,17,12,191,-0.754044
5300,-102,845,68,392,13,10,191,-4.510315
5300,-102,839,68,392,12,12,191,-5.661407
5300,-102,848,68,392,16,15,193,-1.691025
5300,-102,844,68,392,12,10,192,-5.550339
5300,-102,844,68,392,13,12,189,-5.437027
5300,-102,843,68,392,16,15,192,-1.185661
5300,-102,838,68,392,13,9,190,-4.310928
5300,-102,846,68,392,15,12,190,-2.381760
5300,-102,851,68,392,13,15,192,-4.609467
5300,-102,846,68,392,9,10,191,-8.319809
5300,-102,847,68,392,14,14,191,-3.336884
5300,-102,845,68,392,14,15,193,-3.356422
5300,-102,843,68,392,13,9,190,-4.189438
5300,-102,846,68,392,14,12,190,-3.683090
5300,-102,848,68,392,17,13,192,-0.646179
5300,-102,844,68,392,12,11,189,-5.401031
5300,-102,842,68,392,13,13,189,-5.048668
5300,-102,854,68,392,16,13,191,-1.128304
5300,-102,851,68,392,13,14,192,-4.762329
5300,-102,841,68,392,14,12,189,-3.424728
5300,-102,841,68,392,17,13,190,-0.415024
5300,-102,848,68,392,14,10,190,-3.558174
5300,-102,845,68,392,14,10,190,-3.639511
5300,-102,844,68,392,17,14,192,-0.565887
5300,-102,847,68,392,13,10,189,-5.101883
5300,-102,848,68,392,13,9,190,-4.166214
5300,-102,849,68,392,15,16,193,-2.278702
5300,-102,845,68,392,14,12,190,-3.770340
5300,-102,846,68,392,16,9,190,-1.257004
5300,-102,845,68,392,13,14,193,-4.528099
5300,-102,853,68,392,13,13,190,-5.500694
5300,-102,844,68,392,16,11,191,-1.558456
5300,-102,849,68,392,14,12,191,-3.811081
5300,-102,847,68,392,13,11,190,-4.235397
5300,-102,849,68,392,15,14,192,-2.438660
5300,-102,846,68,392,13,16,193,-4.488853
5300,-102,850,68,392,14,10,190,-2.910034
5300,-102,844,68,392,15,13,192,-2.517181
5300,-102,850,68,392,12,11,192,-5.292458
5300,-102,846,68,392,12,11,190,-5.303131
5300,-102,847,68,392,17,14,193,-0.358261
5300,-102,839,68,392,14,9,190,-3.393936
5300,-102,845,68,392,13,15,191,-4.477661
5300,-102,846,68,392,13,15,193,-4.439468
5300,-102,850,68,392,13,9,190,-4.223915
5300,-102,842,68,392,13,12,190,-4.252731
5300,-102,846,68,392,16,15,193,-1.597015
5300,-102,849,68,392,12,11,190,-5.289284
5300,-102,843,68,392,11,11,189,-6.721420
5300,-102,852,68,392,16,14,192,-1.212395
5300,-102,845,68,392,14,11,191,-3.465729
5300,-102,847,68,392,14,12,190,-3.819412
5300,-102,851,68,392,18,13,191,0.511002
5300,-102,848,68,392,13,13,192,-4.356934
5300,-102,846,68,392,13,12,190,-5.127739
5300,-102,845,68,392,18,14,192,-0.593613
5300,-102,847,68,392,13,10,190,-4.375046
5300,-102,851,68,392,14,12,191,-3.320679
5300,-102,847,68,392,16,14,193,-1.925125
5300,-102,851,68,392,15,13,190,-2.773438
5300,-102,852,68,392,12,10,190,-5.283485
5300,-102,846,68,392,15,12,192,-2.512466
5300,-102,837,68,392,13,10,190,-4.491150
5300,-102,845,68,392,17,8,190,-0.453995
5300,-102,845,68,392,11,15,193,-6.303619
5300,-102,853,68,392,14,12,190,-3.223442
5300,-102,843,68,392,18,10,190,-0.167313
5300,-102,851,68,392,14,15,192,-3.152924
5300,-102,843,68,392,13,13,190,-4.362946
5300,-102,846,68,392,17,13,191,-0.565666
5300,-102,850,68,392,12,14,193,-5.897598
5300,-102,845,68,392,12,12,190,-5.522568
5300,-102,844,68,392,16,14,192,-1.493286
5300,-102,841,68,392,11,11,192,-6.519272
5300,-102,845,68,392,12,14,191,-5.067032
5300,-102,844,68,392,17,14,193,-0.583481
5300,-102,852,68,392,12,10,190,-6.114754
5300,-102,853,68,392,13,12,190,-4.634445
5300,-102,846,68,392,15,12,192,-2.448639
5300,-102,843,68,392,12,9,190,-5.397964
5300,-102,840,68,392,14,12,190,-3.127327
5300,-102,843,68,392,16,15,192,-1.868668
5300,-102,843,68,392,14,11,190,-3.274246
5300,-102,844,68,392,14,11,189,-3.039810
5300,-102,855,68,392,16,15,192,-1.603775
5300,-102,849,68,392,13,12,191,-5.193909
5300,-102,842,68,392,12,12,190,-5.380890
5300,-102,846,68,392,16,15,192,-1.732849
5300,-102,847,68,392,14,13,191,-3.549561
5300,-102,848,68,392,13,12,190,-4.388947
5300,-102,847,68,392,16,14,191,-1.581421
5300,-102,842,68,392,13,11,190,-4.468414
5300,-102,844,68,392,14,10,190,-3.504593
5300,-102,851,68,392,15,17,192,-2.419266
5300,-102,847,68,392,12,14,191,-5.640823
5300,-102,844,68,392,16,7,189,-1.884727
5300,-102,847,68,392,14,15,192,-3.164764
5300,-102,849,68,392,14,12,190,-3.340210
5300,-102,851,68,392,15,11,191,-2.412354
5300,-102,846,68,392,15,13,192,-2.294731
5300,-102,839,68,392,15,13,190,-2.757080
5300,-102,845,68,392,15,14,192,-3.004189
5300,-102,844,68,392,13,14,192,-4.310295
5300,-102,843,68,392,13,13,190,-4.399185
5300,-102,848,68,392,17,13,192,-0.471596
5300,-102,850,68,392,12,9,191,-5.433731
5300,-102,851,68,392,11,12,191,-6.499985
5300,-102,848,68,392,15,14,192,-2.778732
5300,-102,845,68,392,14,9,191,-3.291168
5300,-102,851,68,392,13,13,191,-4.444275
5300,-102,848,68,392,13,15,193,-4.624756
5300,-102,852,68,392,13,10,190,-4.674637
5300,-102,847,68,392,14,11,190,-3.804932
5300,-102,852,68,392,16,16,193,-1.344604
5300,-102,847,68,392,13,11,190,-4.091064
5300,-102,846,68,392,14,13,190,-3.364143
5300,-102,849,68,392,18,15,192,0.079475
5300,-102,847,68,392,13,10,191,-4.822166
5300,-102,848,68,392,13,14,191,-4.392403
5300,-102,858,68,392,15,14,192,-2.832397
5300,-102,845,68,392,14,10,189,-3.780197
5300,-102,847,68,392,13,11,191,-4.479950
5300,-102,845,68,392,16,14,191,-1.599617
5300,-102,841,68,392,13,12,189,-4.308014
5300,-102,847,68,392,13,11,190,-4.271240
5300,-102,849,68,392,16,16,192,-1.460831
5300,-102,847,68,392,15,13,191,-2.604378
5300,-102,834,68,392,14,11,190,-3.305374
5300,-102,847,68,392,16,14,191,-1.538132
5300,-102,843,68,392,15,11,191,-2.601685
5300,-102,845,68,392,15,9,191,-2.269226
5300,-102,848,68,392,14,15,191,-3.207031
5300,-102,843,68,392,14,14,190,-3.170654
5300,-102,852,68,392,17,10,192,-0.657990
5300,-102,848,68,392,13,13,192,-4.888771
5300,-102,844,68,392,14,13,191,-3.526718
5300,-102,851,68,392,16,13,191,-1.674576
5300,-102,852,68,392,11,12,192,-7.245880
5300,-102,841,68,392,13,12,190,-4.439728
5300,-102,847,68,392,14,14,193,-3.038620
5300,-102,845,68,392,13,11,190,-4.500778
5300,-102,851,68,392,12,11,190,-5.161674
5300,-102,852,68,392,16,15,192,-2.173103
5300,-102,840,68,392,14,9,190,-3.287567
5300,-102,850,68,392,12,13,190,-5.192932
5300,-102,845,68,392,14,14,193,-3.698723
5300,-102,844,68,392,12,11,190,-5.475082
5300,-102,847,68,392,15,12,190,-2.263931
5300,-102,848,68,392,15,17,192,-2.553223
5300,-102,848,68,392,15,9,190,-2.251358
5300,-102,851,68,392,11,14,191,-6.233902
5300,-102,851,68,392,17,14,192,-0.643661
5300,-102,844,68,392,13,12,190,-4.236343
5300,-102,844,68,392,13,12,190,-5.123581
5300,-102,849,68,392,16,17,193,-1.572006
5300,-102,850,68,392,14,15,191,-3.772705
5300,-102,843,68,392,13,10,190,-4.871902
5300,-102,847,68,392,16,15,192,-1.509430
5300,-102,843,68,392,15,11,189,-2.529724
5300,-102,850,68,392,16,9,190,-1.363541
5300,-102,845,68,392,13,12,191,-4.430717
5300,-102,850,68,392,13,13,190,-4.213760
5300,-102,847,68,392,16,9,191,-1.571716
5300,-102,846,68,392,14,15,192,-3.536911
5300,-102,841,68,392,15,13,191,-2.193268
5300,-102,847,68,392,18,12,192,0.385757
5300,-102,848,68,392,12,14,193,-5.539001
5300,-102,844,68,392,13,13,191,-4.458160
5300,-102,848,68,392,16,12,192,-1.664398
5300,-102,841,68,392,13,12,191,-4.484779
5300,-102,851,68,392,13,14,191,-4.277618
5300,-102,849,68,392,16,16,193,-1.432526
5300,-102,852,68,392,14,11,191,-3.577744
5300,-102,844,68,392,15,12,190,-2.145706
5300,-102,847,68,392,13,15,193,-4.888809
5300,-102,848,68,392,15,9,190,-2.505783
5300,-102,846,68,392,14,12,189,-3.662674
5300,-102,845,68,392,14,14,192,-3.998161
5300,-102,846,68,392,14,9,189,-3.480865
5300,-102,852,68,392,12,11,190,-5.901543
5300,-102,847,68,392,15,16,193,-2.938614
5300,-102,843,68,392,14,10,189,-3.355743
5300,-102,848,68,392,12,14,191,-5.372787
5300,-102,847,68,392,15,14,192,-2.540085
5300,-102,841,68,392,15,12,190,-3.511604
5300,-102,848,68,392,11,12,190,-6.748245
5300,-102,855,68,392,15,14,193,-2.606155
5300,-102,850,68,392,12,12,190,-5.685547
5300,-102,839,68,392,13,9,189,-4.317123
5300,-102,846,68,392,16,16,193,-1.647385
5300,-102,844,68,392,14,13,191,-3.432159
5300,-102,845,68,392,15,10,190,-2.327209
5300,-102,847,68,392,16,13,191,-1.490196
5300,-102,848,68,392,13,11,190,-4.373657
5300,-102,851,68,392,14,10,191,-3.236046
5300,-102,847,68,392,16,14,193,-1.534622
5300,-102,839,68,392,15,12,189,-2.461639
5300,-102,840,68,392,17,9,190,-0.092705
5300,-102,847,68,392,13,14,192,-4.624084
5300,-102,847,68,392,13,14,191,-4.513672
5300,-102,851,68,392,17,12,191,-0.400055
5300,-102,851,68,392,13,15,192,-4.484039
5300,-102,845,68,392,13,12,190,-4.807892
5300,-102,846,68,392,17,16,192,-0.366943
5300,-102,847,68,392,13,10,190,-4.399368
5300,-102,846,68,392,15,11,191,-2.594048
5300,-102,848,68,392,17,14,192,-0.704361
5300,-102,845,68,392,15,9,191,-2.695808
5300,-102,843,68,392,15,13,191,-2.231339
5300,-102,848,68,392,13,15,193,-4.133278
5300,-102,845,68,392,15,9,190,-2.362442
5300,-102,851,68,392,12,13,191,-5.302689
5300,-102,851,68,392,16,16,192,-1.768524
5300,-102,846,68,392,15,10,190,-2.310501
5300,-102,840,68,392,13,11,190,-4.769135
5300,-102,848,68,392,16,15,191,-2.182678
5300,-102,849,68,392,13,10,190,-4.352570
5300,-102,841,68,392,13,12,190,-4.647438
5300,-102,851,68,392,17,16,192,-0.579773
5300,-102,843,68,392,12,10,190,-5.629967
5300,-102,838,68,392,14,11,189,-3.162659
5300,-102,846,68,392,16,13,192,-1.644608
5300,-102,847,68,392,14,13,191,-3.481110
5300,-102,851,68,392,15,9,190,-2.040878
5300,-102,847,68,392,15,15,193,-2.516701
5300,-102,844,68,392,15,12,189,-2.072433
5300,-102,848,68,392,14,9,190,-3.610962
5300,-102,851,68,392,14,15,192,-3.839600
5300,-102,846,68,392,14,11,190,-3.875298
5300,-102,849,68,392,18,11,191,0.501793
5300,-102,845,68,392,14,11,192,-3.637482
5300,-102,849,68,392,12,14,191,-5.081505
5300,-102,843,68,392,16,12,191,-0.987617
5300,-102,849,68,392,14,14,192,-3.640755
5300,-102,842,68,392,14,12,190,-4.523911
5300,-102,846,68,392,15,13,192,-2.608444
5300,-102,846,68,392,13,9,191,-4.570091
5300,-102,851,68,392,12,13,190,-5.783089
5300,-102,848,68,392,14,14,193,-3.536102
5300,-102,853,68,392,12,11,191,-5.297684
5300,-102,847,68,392,14,12,190,-3.435852
5300,-102,852,68,392,14,13,192,-3.433823
5300,-102,845,68,392,12,10,191,-5.297195
5300,-102,851,68,392,14,15,191,-3.572952
5300,-102,847,68,392,15,14,192,-2.266037
5300,-102,850,68,392,15,10,190,-2.692627
5300,-102,845,68,392,13,11,191,-4.821075
5300,-102,852,68,392,17,15,192,-0.348557
5300,-102,844,68,392,14,11,189,-3.359741
5300,-102,847,68,392,16,13,190,-1.321609
5300,-102,850,68,392,17,15,192,-0.655212
5300,-102,847,68,392,12,11,190,-5.494400
5300,-102,838,68,392,13,12,190,-4.225067
5300,-102,855,68,392,16,14,192,-1.527863
5300,-102,851,68,392,14,14,191,-3.039185
5300,-102,846,68,392,12,10,190,-5.786774
5300,-102,846,68,392,16,14,191,-1.374214
5300,-102,851,68,392,14,12,190,-3.248032
5300,-102,848,68,392,14,9,190,-3.584091
5300,-102,844,68,392,16,15,192,-1.630867
5300,-102,850,68,392,15,12,189,-2.830414
5300,-102,849,68,392,16,9,191,-1.562332
5300,-102,846,68,392,15,15,192,-2.502449
5300,-102,839,68,392,12,12,190,-5.400055
5300,-102,844,68,392,16,9,191,-1.401688
5300,-102,847,68,392,14,14,192,-3.130798
5300,-102,846,68,392,13,11,190,-4.092865
5300,-102,845,68,392,18,13,192,0.370552
5300,-102,852,68,392,12,13,192,-5.504044
5300,-102,844,68,392,13,12,190,-4.283386
5300,-102,846,68,392,16,16,193,-1.912979
5300,-102,849,68,392,12,8,191,-5.546982
5300,-102,847,68,392,14,12,190,-3.251999
5300,-102,846,68,392,15,13,192,-2.709351
5300,-102,841,68,392,11,9,190,-6.846710
5300,-102,851,68,392,14,12,190,-3.301544
5300,-102,846,68,392,16,15,192,-1.592377
5300,-102,851,68,392,15,9,190,-2.458801
5300,-102,850,68,392,12,14,191,-5.588104
5300,-102,842,68,392,15,16,192,-2.747696
5300,-102,847,68,392,14,11,190,-3.222984
5300,-102,841,68,392,14,12,190,-3.058601
5300,-102,851,68,392,16,14,190,-1.607193
5300,-102,852,68,392,12,12,190,-5.486649
5300,-102,846,68,392,15,10,190,-2.322479
5300,-102,846,68,392,18,14,192,0.150131
5300,-102,841,68,392,14,11,190,-3.302704
5300,-102,847,68,392,13,11,191,-4.459366
5300,-102,850,68,392,17,14,192,-1.012444
5300,-102,850,68,392,13,13,191,-4.807495
5300,-102,853,68,392,14,9,190,-3.188301
5300,-102,848,68,392,15,14,192,-2.376099
5300,-102,845,68,392,14,12,190,-3.441879
5300,-102,847,68,392,16,8,190,-1.368752
5300,-102,847,68,392,16,14,192,-2.592422
5300,-102,847,68,392,14,13,190,-3.758667
5300,-102,842,68,392,17,12,191,-0.431091
5300,-102,849,68,392,14,15,193,-3.306580
5300,-102,850,68,392,13,13,190,-4.130066
5300,-102,851,68,392,19,12,191,0.436653
5300,-102,843,68,392,16,13,192,-1.216408
5300,-102,851,68,392,15,12,190,-2.193085
5300,-102,851,68,392,15,13,192,-2.610901
5300,-102,844,68,392,12,11,192,-5.871819
5300,-102,845,68,392,15,12,190,-2.159546
5300,-102,846,68,392,16,13,193,-1.358719
5300,-102,840,68,392,14,10,191,-3.587212
5300,-102,846,68,392,11,12,191,-7.546906
5300,-102,848,68,392,15,13,191,-2.815811
5300,-102,841,68,392,13,10,190,-4.446472
5300,-102,851,68,392,12,12,190,-5.281311
5300,-102,850,68,392,16,16,192,-1.750610
5300,-102,847,68,392,14,9,190,-3.544930
5300,-102,839,68,392,14,12,190,-3.406212
5300,-102,845,68,392,16,13,192,-1.631638
5300,-102,848,68,392,13,12,190,-4.360001
5300,-102,840,68,392,15,12,190,-2.233307
5300,-102,849,68,392,16,13,191,-1.424469
5300,-102,849,68,392,13,12,190,-4.533287
5300,-102,850,68,392,11,12,191,-6.243484
5300,-102,856,68,392,18,13,193,0.632278
5300,-102,843,68,392,15,13,189,-2.485260
5300,-102,846,68,392,12,11,191,-5.360062
5300,-102,844,68,392,16,16,192,-2.252533
5300,-102,850,68,392,15,13,191,-2.430252
5300,-102,850,68,392,16,8,190,-1.618004
5300,-102,847,68,392,15,14,193,-2.293640
5300,-102,847,68,392,12,14,190,-5.260010
5300,-102,841,68,392,17,9,191,-0.312729
5300,-102,847,68,392,13,13,192,-4.482040
5300,-102,844,68,392,13,13,190,-4.923615
5300,-102,843,68,392,16,11,191,-1.538071
5300,-102,845,68,392,13,14,193,-4.497101
5300,-102,843,68,392,14,12,191,-3.094887
5300,-102,844,68,392,15,13,192,-2.647614
5300,-102,840,68,392,10,14,192,-7.901505
5300,-102,846,68,392,11,12,191,-6.221542
5300,-102,847,68,392,17,13,192,-0.879059
5300,-102,845,68,392,12,11,191,-5.899223
5300,-102,839,68,392,14,12,190,-3.906357
5300,-102,845,68,392,15,12,192,-2.309326
5300,-102,849,68,392,12,10,190,-5.283562
5300,-102,844,68,392,15,12,191,-2.077507
5300,-102,843,68,392,15,15,192,-2.543091
5300,-102,840,68,392,16,10,190,-1.933937
5300,-102,848,68,392,15,11,190,-2.344147
5300,-102,845,68,392,15,15,192,-2.562042
5300,-102,841,68,392,12,12,190,-5.264923
5300,-102,851,68,392,12,13,190,-5.026932
5300,-102,858,68,392,17,15,193,-1.226173
5300,-102,842,68,392,14,11,190,-3.476654
5300,-102,842,68,392,11,13,191,-6.324203
5300,-102,846,68,392,17,14,192,-0.778267
5300,-102,839,68,392,12,11,189,-5.437843
5300,-102,843,68,392,14,10,189,-3.439651
5300,-102,849,68,392,16,15,192,-1.639923
5300,-102,843,68,392,14,12,189,-3.717148
5300,-102,838,68,392,13,11,190,-4.663040
5300,-102,844,68,392,15,13,192,-3.247894
5300,-102,846,68,392,13,13,191,-4.339119
5300,-102,846,68,392,15,9,190,-2.661530
5300,-102,846,68,392,14,13,192,-3.629333
5300,-102,839,68,392,12,12,190,-6.166733
5300,-102,851,68,392,14,10,191,-3.467140
5300,-102,851,68,392,13,13,193,-4.643417
5300,-102,850,68,392,14,13,191,-3.624664
5300,-102,844,68,392,16,11,191,-1.644638
5300,-102,843,68,392,13,15,192,-4.519592
5300,-102,847,68,392,13,11,190,-4.475266
5300,-102,844,68,392,16,13,191,-1.301346
5300,-102,845,68,392,11,12,191,-6.487839
5300,-102,849,68,392,13,12,191,-4.932106
5300,-102,843,68,392,17,14,192,-0.743500
5300,-102,851,68,392,14,10,191,-3.752258
5300,-102,848,68,392,14,15,191,-3.470512
5300,-102,844,68,392,14,16,193,-4.274498
5300,-102,839,68,392,13,9,191,-4.267731
5300,-102,848,68,392,13,11,189,-4.160736
5300,-102,851,68,392,16,15,192,-2.580360
5300,-102,846,68,392,13,13,191,-4.856865
5300,-102,853,68,392,11,12,191,-6.732895
5300,-102,848,68,392,16,15,192,-1.772812
5300,-102,846,68,392,14,10,190,-3.600616
5300,-102,851,68,392,13,13,191,-4.132454
5300,-102,851,68,392,14,16,193,-3.640656
5300,-102,849,68,392,14,12,190,-3.494644
5300,-102,843,68,392,13,12,190,-4.070557
5300,-102,849,68,392,16,15,193,-1.335236
5300,-102,851,68,392,13,12,190,-4.534477
5300,-102,839,68,392,15,10,189,-2.144287
5300,-102,845,68,392,16,14,192,-1.872955
5300,-102,846,68,392,13,11,190,-4.372314
5300,-102,843,68,392,13,8,189,-5.113724
5300,-102,845,68,392,15,14,192,-2.507065
5300,-102,846,68,392,16,12,189,-1.443428
5300,-102,847,68,392,18,11,192,0.237503
5300,-102,850,68,392,13,15,193,-4.774887
5300,-102,841,68,392,15,11,190,-2.004044
5300,-102,850,68,392,14,14,192,-3.307755
5300,-102,843,68,392,13,12,192,-4.633820
5300,-102,848,68,392,12,13,190,-5.563187
5300,-102,847,68,392,14,16,193,-3.830002
5300,-102,850,68,392,13,11,191,-4.588226
5300,-102,852,68,392,12,12,191,-6.510742
5300,-102,845,68,392,16,13,191,-1.926163
5300,-102,852,68,392,13,8,190,-5.117241
5300,-102,846,68,392,10,12,190,-8.099243
5300,-102,846,68,392,16,15,193,-1.694626
5300,-102,842,68,392,13,8,190,-4.655212
5300,-102,835,68,392,14,12,190,-3.140182
5300,-102,846,68,392,15,14,192,-3.256454
5300,-102,848,68,392,14,11,190,-3.650452
5300,-102,847,68,392,12,12,191,-5.347900
5300,-102,843,68,392,15,13,191,-2.331589
5300,-102,852,68,392,12,10,191,-5.251144
5300,-102,846,68,392,11,9,189,-6.690033
5300,-102,856,68,392,15,13,192,-2.219788
5300,-102,849,68,392,13,13,191,-4.430786
5300,-102,845,68,392,13,12,190,-4.596375
5300,-102,844,68,392,17,14,191,-0.538803
5300,-102,841,68,392,14,13,191,-3.318024
5300,-102,844,68,392,12,11,190,-5.313889
5300,-102,851,68,392,15,15,192,-2.997375
5300,-102,849,68,392,13,10,190,-5.113800
5300,-102,850,68,392,14,9,190,-3.380638
5300,-102,843,68,392,15,14,192,-2.274033
5300,-102,844,68,392,14,11,189,-3.327660
5300,-102,839,68,392,17,9,190,-0.680725
5300,-102,846,68,392,15,12,192,-2.025253
5300,-102,843,68,392,13,14,190,-4.900467
5300,-102,845,68,392,15,9,190,-2.565598
5300,-102,848,68,392,12,16,193,-5.668915
5300,-102,842,68,392,13,14,191,-5.221947
5300,-102,854,68,392,15,13,193,-2.766930
5300,-102,841,68,392,14,11,190,-3.497711
5300,-102,836,68,392,13,11,189,-3.953873
5300,-102,842,68,392,17,14,192,-0.218918
5300,-102,848,68,392,12,11,192,-5.319122
5300,-102,850,68,392,12,11,190,-5.367729
5300,-102,851,68,392,15,11,192,-2.828018
5300,-102,850,68,392,10,9,190,-7.199570
5300,-102,841,68,392,13,12,191,-4.443588
5300,-102,843,68,392,15,15,193,-2.567535
5300,-102,849,68,392,13,9,190,-4.489319
5300,-102,851,68,392,13,13,190,-4.554337
5300,-102,846,68,392,16,15,193,-1.680878
5300,-102,847,68,392,16,11,190,-1.564346
5300,-102,853,68,392,13,13,191,-4.392075
5300,-102,850,68,392,16,13,191,-1.503601
5300,-102,846,68,392,13,12,191,-4.095734
5300,-102,841,68,392,13,12,190,-4.612625
5300,-102,854,68,392,16,15,193,-1.802277
5300,-102,849,68,392,12,12,191,-5.753525
5300,-102,846,68,392,14,10,190,-4.125763
5300,-102,850,68,392,16,15,192,-1.332283
5300,-102,850,68,392,14,14,191,-3.173141
5300,-102,844,68,392,14,9,190,-3.534485
5300,-102,847,68,392,16,16,192,-1.859100
5300,-102,847,68,392,15,14,190,-2.397751
5300,-102,848,68,392,16,11,190,-1.202370
5300,-102,844,68,392,14,16,192,-4.233093
5300,-102,851,68,392,14,11,190,-3.645493
5300,-102,843,68,392,16,11,191,-2.585556
5300,-102,843,68,392,14,16,193,-4.693260
5300,-102,848,68,392,14,13,191,-3.461609
5300,-102,847,68,392,16,10,191,-1.251587
5300,-102,844,68,392,14,14,193,-4.283630
5300,-102,845,68,392,11,12,190,-6.630310
5300,-102,850,68,392,17,12,192,-0.447083
5300,-102,851,68,392,12,12,192,-5.620094
5300,-102,846,68,392,12,13,190,-5.337990
5300,-102,846,68,392,16,11,191,-1.876541
5300,-102,847,68,392,14,9,191,-3.542023
5300,-102,845,68,392,14,12,190,-3.341751
5300,-102,845,68,392,13,11,192,-4.370270
5300,-102,839,68,392,15,10,190,-2.473686
5300,-102,847,68,392,12,11,190,-5.295959
5300,-102,846,68,392,15,14,192,-2.854706
5300,-102,848,68,392,15,10,190,-2.759987
5300,-102,839,68,392,14,11,190,-3.064117
5300,-102,847,68,392,14,15,191,-3.439957
5300,-102,842,68,392,13,11,190,-4.539803
5300,-102,855,68,392,13,11,190,-4.264107
5300,-102,853,68,392,17,14,192,-0.554733
5300,-102,837,68,392,12,11,190,-5.781418
5300,-102,853,68,392,13,11,190,-4.377670
5300,-102,851,68,392,17,15,192,-0.431854
5300,-102,838,68,392,14,12,189,-3.832184
5300,-102,840,68,392,14,11,189,-3.500801
5300,-102,850,68,392,17,15,193,-1.250618
5300,-102,849,68,392,13,13,191,-5.146889
5300,-102,853,68,392,15,9,190,-2.177002
5300,-102,845,68,392,15,15,193,-2.672729
5300,-102,840,68,392,13,12,191,-4.073196
5300,-102,844,68,392,17,7,189,-0.642097
5300,-102,848,68,392,13,14,192,-4.380966
5300,-102,846,68,392,13,13,190,-4.260696
5300,-102,844,68,392,16,11,190,-1.578568
5300,-102,848,68,392,14,15,193,-3.443848
5300,-102,844,68,392,14,12,190,-3.520729
5300,-102,848,68,392,16,13,192,-1.630066
5300,-102,850,68,392,12,13,192,-5.232178
5300,-102,851,68,392,10,12,190,-6.826859
5300,-102,848,68,392,17,13,192,-0.463264
5300,-102,850,68,392,12,11,191,-5.751144
5300,-102,847,68,392,14,12,190,-3.441559
5300,-102,842,68,392,16,14,192,-1.411606
5300,-102,848,68,392,14,10,191,-3.144089
5300,-102,843,68,392,12,11,191,-5.420212
5300,-102,850,68,392,14,14,193,-3.323776
5300,-102,846,68,392,10,9,190,-7.295647
5300,-102,842,68,392,13,13,190,-4.310608
5300,-102,851,68,392,16,17,193,-1.517380
5300,-102,851,68,392,12,11,191,-5.218605
5300,-102,838,68,392,15,13,190,-2.433151
5300,-102,841,68,392,17,14,191,-0.289337
5300,-102,845,68,392,12,10,190,-5.321976
5300,-102,845,68,392,14,12,191,-3.336411
5300,-102,856,68,392,16,14,192,-1.480507
5300,-102,845,68,392,13,12,190,-4.457138
5300,-102,851,68,392,12,12,190,-5.556572
5300,-102,845,68,392,17,16,192,-0.375565
5300,-102,842,68,392,16,13,190,-1.784912
5300,-102,843,68,392,14,13,190,-3.555183
5300,-102,845,68,392,16,16,192,-1.575584
5300,-102,852,68,392,11,12,190,-6.267189
5300,-102,851,68,392,16,7,190,-1.275566
5300,-102,845,68,392,15,14,192,-2.245087
5300,-102,843,68,392,13,11,189,-4.033318
5300,-102,845,68,392,18,9,190,0.452118
5300,-102,847,68,392,14,15,192,-3.465591
5300,-102,844,68,392,14,14,190,-3.284912
5300,-102,844,68,392,16,12,191,-1.868362
5300,-102,847,68,392,12,12,192,-6.574921
5300,-102,849,68,392,14,12,191,-3.247086
5300,-102,842,68,392,17,13,192,-0.881195
5300,-102,846,68,392,14,12,192,-3.147751
5300,-102,843,68,392,13,12,190,-4.216934
5300,-102,843,68,392,16,16,192,-1.535843
5300,-102,845,68,392,12,9,190,-5.234230
5300,-102,846,68,392,14,13,191,-3.544830
5300,-102,851,68,392,13,15,193,-4.485535
5300,-102,851,68,392,13,11,190,-4.297653
5300,-102,846,68,392,15,13,190,-2.311783
5300,-102,843,68,392,13,14,192,-5.216225
5300,-102,843,68,392,14,10,190,-3.323860
5300,-102,848,68,392,14,13,190,-4.091934
5300,-102,857,68,392,17,13,193,-0.609406
5300,-102,841,68,392,15,10,190,-2.542999
5300,-102,846,68,392,11,12,190,-6.555954
5300,-102,850,68,392,17,17,192,-0.611031
5300,-102,847,68,392,12,10,190,-5.380600
5300,-102,849,68,392,13,11,190,-4.173767
5300,-102,853,68,392,14,15,192,-3.982788
5300,-102,837,68,392,14,12,190,-3.218979
5300,-102,846,68,392,15,10,190,-2.476212
5300,-102,852,68,392,16,19,193,-1.915611
5300,-102,841,68,392,14,13,190,-3.287758
5300,-102,844,68,392,15,9,189,-2.093964
5300,-102,847,68,392,13,15,193,-4.131409
5300,-102,851,68,392,13,13,191,-4.357376
5300,-102,843,68,392,16,9,191,-1.526871
5300,-102,845,68,392,14,16,193,-3.338120
5300,-102,843,68,392,14,14,191,-3.442192
5300,-102,844,68,392,16,12,191,-1.436615
5300,-102,849,68,392,13,14,193,-4.451981
5300,-102,852,68,392,14,12,191,-3.583275
5300,-102,848,68,392,14,13,192,-3.389359
5300,-102,848,68,392,13,12,191,-5.564209
5300,-102,852,68,392,11,13,190,-6.211166
5300,-102,845,68,392,16,13,192,-1.275063
5300,-102,845,68,392,13,11,191,-4.502403
5300,-102,844,68,392,12,13,190,-5.356506
5300,-102,847,68,392,13,14,193,-4.469490
5300,-102,844,68,392,13,10,191,-4.607300
5300,-102,847,68,392,11,12,190,-6.395065
5300,-102,848,68,392,16,15,192,-1.732864
5300,-102,839,68,392,12,12,191,-5.806511
5300,-102,842,68,392,15,12,191,-2.102280
5300,-102,853,68,392,16,15,192,-1.995392
5300,-102,844,68,392,14,11,190,-3.463028
5300,-102,839,68,392,12,13,190,-5.401413
5300,-102,848,68,392,16,13,191,-1.530922
5300,-102,840,68,392,14,12,190,-4.123032
5300,-102,843,68,392,13,11,190,-4.429626
5300,-102,852,68,392,14,13,192,-3.365723
5300,-102,842,68,392,11,12,190,-6.562607
5300,-102,845,68,392,13,12,190,-4.195648
5300,-102,844,68,392,15,13,191,-2.581863
5300,-102,843,68,392,13,14,191,-4.387070
5300,-102,841,68,392,14,10,190,-3.266243
5300,-102,851,68,392,16,14,192,-2.213470
5300,-102,849,68,392,13,13,191,-4.893700
5300,-102,839,68,392,16,9,190,-1.843445
5300,-102,844,68,392,13,14,192,-4.600098
5300,-102,845,68,392,15,11,191,-2.910545
5300,-102,843,68,392,16,11,191,-2.197937
5300,-102,845,68,392,13,15,192,-5.257057
5300,-102,842,68,392,15,11,190,-2.493683
5300,-102,848,68,392,15,13,191,-2.387543
5300,-102,843,68,392,11,12,191,-6.573807
5300,-102,841,68,392,11,14,190,-6.789284
5300,-102,848,68,392,15,14,193,-2.617416
5300,-102,841,68,392,13,12,191,-4.500710
5300,-102,844,68,392,13,14,190,-4.759369
5300,-102,847,68,392,16,15,193,-1.449310
5300,-102,850,68,392,14,9,191,-3.596916
5300,-102,846,68,392,14,15,191,-3.541512
5300,-102,851,68,392,14,16,193,-3.655251
5300,-102,847,68,392,13,10,190,-4.754333
5300,-102,846,68,392,15,12,190,-2.374237
5300,-102,843,68,392,15,13,192,-2.489380
5300,-102,851,68,392,13,12,190,-4.892120
5300,-102,839,68,392,13,11,189,-5.451271
5300,-102,856,68,392,16,13,193,-1.330185
5300,-102,849,68,392,12,12,190,-5.655533
5300,-102,851,68,392,11,12,190,-6.630424
5300,-102,849,68,392,17,17,192,-0.309586
5300,-102,851,68,392,14,13,191,-3.492981
5300,-102,841,68,392,13,12,190,-4.817589
5300,-102,855,68,392,12,14,192,-5.983078
5300,-102,842,68,392,13,14,191,-4.283112
5300,-102,842,68,392,15,9,190,-2.322334
5300,-102,847,68,392,16,14,191,-1.670700
5300,-102,838,68,392,13,11,189,-4.395981
5300,-102,847,68,392,15,9,190,-1.980431
5300,-102,843,68,392,15,13,191,-2.445778
5300,-102,844,68,392,16,12,190,-1.287186
5300,-102,846,68,392,15,7,190,-2.520561
5300,-102,845,68,392,12,16,193,-5.726669
5300,-102,845,68,392,15,11,190,-2.528328
5300,-102,844,68,392,16,9,191,-1.298904
5300,-102,845,68,392,14,13,192,-3.130661
5300,-102,846,68,392,11,12,191,-6.555153
5300,-102,850,68,392,16,12,192,-1.375519
5300,-102,847,68,392,12,12,192,-5.469902
5300,-102,850,68,392,13,12,190,-4.655945
5300,-102,846,68,392,15,14,192,-2.348358
5300,-102,845,68,392,14,10,190,-3.218155
5300,-102,849,68,392,15,12,190,-2.443817
5300,-102,851,68,392,15,14,192,-2.743500
5300,-102,850,68,392,12,11,191,-5.509155
5300,-102,850,68,392,13,13,191,-4.393456
5300,-102,846,68,392,14,15,193,-4.611092
5300,-102,848,68,392,14,9,191,-3.240891
5300,-102,841,68,392,12,13,191,-5.915680
5300,-102,844,68,392,16,14,191,-1.483528
5300,-102,844,68,392,13,9,190,-4.189301
5300,-102,847,68,392,15,13,191,-2.293457
5300,-102,855,68,392,19,14,192,1.352844
5300,-102,850,68,392,14,10,189,-3.467545
5300,-102,845,68,392,13,11,188,-4.571548
5300,-102,851,68,392,15,13,191,-2.517609
5300,-102,845,68,392,12,14,191,-5.685684
5300,-102,843,68,392,13,11,189,-4.227890
5300,-102,854,68,392,17,14,192,-0.563751
5300,-102,844,68,392,14,13,191,-3.778664
5300,-102,846,68,392,13,10,190,-4.418579
5300,-102,844,68,392,18,15,192,-0.217773
5300,-102,845,68,392,13,13,190,-4.443237
5300,-102,841,68,392,14,8,190,-3.262726
5300,-102,843,68,392,14,16,192,-3.343369
5300,-102,843,68,392,14,14,190,-3.405777
5300,-102,845,68,392,15,9,191,-2.478485
5300,-102,844,68,392,12,16,192,-5.685966
5300,-102,850,68,392,13,14,191,-5.145767
5300,-102,843,68,392,17,10,190,0.004051
5300,-102,848,68,392,13,12,192,-4.281403
5320,-102,842,68,392,15,12,191,-2.213364
5320,-102,847,68,392,13,12,191,-4.249313
5320,-102,851,68,392,14,11,190,-3.321030
5320,-102,844,68,392,12,15,192,-5.472549
5320,-102,842,68,392,13,12,190,-4.754700
5320,-102,847,68,392,12,11,190,-5.334839
5320,-102,850,68,392,14,13,191,-3.405663
5320,-102,849,68,392,14,12,191,-3.430634
5320,-102,844,68,392,13,13,191,-4.175293
5320,-102,840,68,392,15,14,191,-2.114380
5320,-102,846,68,392,14,14,191,-3.815857
5320,-102,844,68,392,14,15,190,-2.883781
5320,-102,847,68,392,14,14,191,-3.600388
5320,-102,844,68,392,13,13,190,-4.623154
5320,-102,846,68,392,13,14,190,-4.634064
5320,-102,849,68,392,15,14,191,-2.473091
5320,-102,841,68,392,12,13,190,-5.382950
5320,-102,838,68,392,14,14,191,-3.020943
5320,-102,847,68,392,14,12,190,-3.349884
5320,-102,846,68,392,14,12,190,-4.484726
5320,-102,842,68,392,14,11,190,-3.218643
5320,-102,841,68,392,15,12,191,-2.201462
5320,-102,844,68,392,13,13,191,-4.286667
5320,-102,840,68,392,12,14,191,-5.473724
5320,-102,846,68,392,15,13,191,-2.024826
5320,-102,847,68,392,13,11,191,-4.506577
5320,-102,841,68,392,15,11,190,-2.638809
5320,-102,843,68,392,15,13,191,-2.522125
5320,-102,844,68,392,14,13,190,-3.355362
5320,-102,838,68,392,15,14,191,-2.044144
5320,-102,848,68,392,14,11,191,-3.466835
5320,-102,850,68,392,12,13,190,-5.206345
5320,-102,850,68,392,14,12,190,-4.486298
5320,-102,844,68,392,15,13,191,-2.445091
5320,-102,843,68,392,13,13,191,-4.452255
5320,-102,848,68,392,14,11,191,-3.553955
5320,-102,844,68,392,14,13,191,-3.831497
5320,-102,844,68,392,14,13,189,-4.413887
5320,-102,847,68,392,14,11,191,-3.612045
5320,-102,846,68,392,14,12,190,-3.482056
5320,-102,841,68,392,14,10,189,-3.267845
5320,-102,840,68,392,16,14,191,-1.621063
5320,-102,840,68,392,12,11,190,-5.154602
5320,-102,836,68,392,13,13,190,-4.307404
5320,-102,848,68,392,15,13,191,-2.398155
5320,-102,848,68,392,16,12,190,-1.499573
5320,-102,848,68,392,13,11,191,-4.512634
5320,-102,846,68,392,14,12,191,-3.518845
5320,-102,850,68,392,12,12,191,-5.307968
5320,-102,846,68,392,16,12,190,-1.263733
5320,-102,840,68,392,13,13,191,-4.549133
5320,-102,850,68,392,11,13,192,-6.455490
5320,-102,843,68,392,13,13,191,-4.756363
5320,-102,844,68,392,13,12,191,-4.864799
5320,-102,844,68,392,16,10,189,-1.443352
5320,-102,838,68,392,16,13,191,-1.490051
5320,-102,843,68,392,16,11,190,-1.570488
5320,-102,844,68,392,16,12,191,-1.617783
5320,-102,851,68,392,12,15,192,-5.156372
5320,-102,849,68,392,16,14,191,-1.484596
5320,-102,849,68,392,15,14,190,-2.196365
5320,-102,843,68,392,15,10,190,-2.054108
5320,-102,847,68,392,13,14,191,-4.836197
5320,-102,851,68,392,12,13,191,-5.542252
5320,-102,855,68,392,15,12,191,-2.551712
5320,-102,856,68,392,15,14,191,-2.568222
5320,-102,847,68,392,13,13,191,-4.288361
5320,-102,849,68,392,12,13,191,-5.935425
5320,-102,841,68,392,12,13,191,-5.619232
5320,-102,853,68,392,13,13,190,-5.123718
5320,-102,846,68,392,15,14,191,-2.436836
5320,-102,843,68,392,12,11,190,-5.307922
5320,-102,843,68,392,12,13,191,-5.421936
5320,-102,839,68,392,13,14,191,-4.285614
5320,-102,841,68,392,15,14,191,-2.499146
5320,-102,841,68,392,14,13,190,-3.908897
5320,-102,846,68,392,12,11,191,-6.200226
5320,-102,849,68,392,14,12,190,-3.196564
5320,-102,843,68,392,14,11,189,-3.393753
5320,-102,846,68,392,15,13,191,-2.513565
5320,-102,845,68,392,14,13,190,-3.753403
5320,-102,844,68,392,12,11,189,-5.031631
5320,-102,839,68,392,14,13,190,-3.458313
5320,-102,846,68,392,14,13,191,-3.292961
5320,-102,844,68,392,14,14,190,-3.047050
5320,-102,845,68,392,14,12,190,-3.213654
5320,-102,841,68,392,14,13,190,-3.321892
5320,-102,841,68,392,14,13,191,-3.922211
5320,-102,849,68,392,13,12,191,-4.379562
5320,-102,839,68,392,14,12,189,-3.426514
5320,-102,839,68,392,13,12,190,-4.870224
5320,-102,839,68,392,13,14,191,-4.658447
5320,-102,842,68,392,13,10,191,-4.233978
5320,-102,847,68,392,14,11,190,-3.703339
5320,-102,843,68,392,12,12,191,-5.508408
5320,-102,847,68,392,11,12,191,-6.500435
5320,-102,845,68,392,15,10,190,-2.407883
5320,-102,849,68,392,13,13,191,-4.414757
5320,-102,849,68,392,14,13,190,-3.415314
5320,-102,850,68,392,13,13,191,-4.277489
5320,-102,850,68,392,15,11,190,-2.339813
5320,-102,844,68,392,14,12,190,-3.878296
5320,-102,849,68,392,13,12,191,-3.972420
5320,-102,842,68,392,14,13,190,-3.288010
5320,-102,841,68,392,13,12,191,-4.541443
5320,-102,844,68,392,13,15,191,-4.816193
5320,-102,843,68,392,14,14,191,-3.896332
5320,-102,850,68,392,12,13,191,-5.238434
5320,-102,847,68,392,15,11,191,-2.274002
5320,-102,847,68,392,13,13,191,-4.452553
5320,-102,842,68,392,14,12,190,-3.047981
5320,-102,841,68,392,13,14,191,-4.965912
5320,-102,844,68,392,12,11,191,-5.446175
5320,-102,841,68,392,15,14,190,-3.468155
5320,-102,847,68,392,13,12,191,-4.360138
5320,-102,846,68,392,14,12,190,-3.404793
5320,-102,844,68,392,14,14,191,-3.680412
5320,-102,844,68,392,14,13,191,-3.426231
5320,-102,846,68,392,13,14,192,-4.330795
5320,-102,844,68,392,13,13,191,-4.913406
5320,-102,851,68,392,14,12,191,-3.325424
5320,-102,844,68,392,16,12,191,-0.972107
5320,-102,849,68,392,13,14,191,-4.577538
5320,-102,841,68,392,15,11,191,-2.089172
5320,-102,844,68,392,14,14,192,-3.386597
5320,-102,850,68,392,13,12,191,-4.349014
5320,-102,852,68,392,14,12,191,-3.326744
5320,-102,839,68,392,13,13,190,-4.255592
5320,-102,852,68,392,15,11,190,-2.526871
5320,-102,847,68,392,13,13,191,-4.259277
5320,-102,840,68,392,13,13,190,-4.480270
5320,-102,840,68,392,13,11,190,-4.943115
5320,-102,846,68,392,15,11,190,-2.512016
5320,-102,842,68,392,13,11,190,-5.489655
5320,-102,847,68,392,15,14,191,-2.852493
5320,-102,845,68,392,14,13,192,-2.988159
5320,-102,851,68,392,14,13,190,-3.522606
5320,-102,841,68,392,13,14,190,-4.380539
5320,-102,845,68,392,13,14,191,-4.901482
5320,-102,847,68,392,14,14,191,-3.517113
5320,-102,844,68,392,13,11,190,-4.085983
5320,-102,846,68,392,13,15,191,-4.190323
5320,-102,841,68,392,13,15,191,-4.458496
5320,-102,848,68,392,15,14,192,-2.188446
5320,-102,847,68,392,13,14,191,-4.115494
5320,-102,843,68,392,13,12,190,-4.116913
5320,-102,847,68,392,15,12,191,-2.399788
5320,-102,847,68,392,15,12,191,-3.208710
5320,-102,843,68,392,14,13,190,-4.515030
5320,-102,847,68,392,15,12,191,-1.998558
5320,-102,845,68,392,13,12,191,-4.309830
5320,-102,845,68,392,14,13,191,-3.382202
5320,-102,837,68,392,13,14,190,-4.209274
5320,-102,839,68,392,13,11,190,-4.222656
5320,-102,851,68,392,13,13,191,-4.096954
5320,-102,849,68,392,16,12,191,-1.457611
5320,-102,838,68,392,10,12,190,-7.456474
5320,-102,845,68,392,14,11,190,-3.293564
5320,-102,841,68,392,15,13,191,-2.531967
5320,-102,843,68,392,14,12,191,-3.477226
5320,-102,845,68,392,13,13,191,-4.498596
5320,-102,845,68,392,15,15,191,-2.585815
5320,-102,846,68,392,14,12,189,-3.591705
5320,-102,852,68,392,15,12,191,-2.343338
5320,-102,848,68,392,14,13,191,-3.123871
5320,-102,848,68,392,15,13,190,-3.513153
5320,-102,841,68,392,14,11,190,-3.050232
5320,-102,841,68,392,14,15,192,-3.438721
5320,-102,841,68,392,13,13,190,-4.379387
5320,-102,851,68,392,14,13,191,-3.056313
5320,-102,839,68,392,15,16,191,-2.504852
5320,-102,840,68,392,12,12,189,-5.620041
5320,-102,846,68,392,13,13,191,-4.602020
5320,-102,848,68,392,15,12,190,-2.484268
5320,-102,844,68,392,17,15,191,-0.718109
5320,-102,839,68,392,15,12,191,-2.377419
5320,-102,845,68,392,13,12,191,-4.266998
5320,-102,844,68,392,12,13,190,-4.960892
5320,-102,843,68,392,16,13,191,-1.863808
5320,-102,839,68,392,15,13,191,-2.400452
5320,-102,848,68,392,13,12,191,-4.266541
5320,-102,838,68,392,14,13,190,-3.933044
5320,-102,844,68,392,12,10,190,-5.839981
5320,-102,843,68,392,14,14,191,-3.258324
5320,-102,843,68,392,15,13,191,-2.281952
5320,-102,844,68,392,12,11,190,-5.450394
5320,-102,845,68,392,14,12,191,-3.415131
5320,-102,839,68,392,14,11,191,-3.352226
5320,-102,847,68,392,13,13,191,-4.304764
5320,-102,849,68,392,11,12,190,-6.060074
5320,-102,845,68,392,15,14,191,-2.465981
5320,-102,841,68,392,13,15,191,-4.623558
5320,-102,847,68,392,14,11,191,-3.678299
5320,-102,845,68,392,15,14,191,-2.279877
5320,-102,845,68,392,14,12,190,-3.092255
5320,-102,841,68,392,15,11,190,-3.473251
5320,-102,843,68,392,14,13,191,-4.176231
5320,-102,841,68,392,14,12,190,-3.432274
5320,-102,849,68,392,15,12,190,-2.193039
5320,-102,845,68,392,15,14,192,-2.654823
5320,-102,839,68,392,13,16,191,-4.615234
5320,-102,845,68,392,15,13,191,-2.159714
5320,-102,847,68,392,14,13,191,-3.594910
5320,-102,844,68,392,12,13,190,-5.379341
5320,-102,848,68,392,15,11,191,-3.176956
5320,-102,842,68,392,12,13,191,-5.091820
5320,-102,839,68,392,14,12,190,-3.660965
5320,-102,851,68,392,13,14,191,-4.091255
5320,-102,839,68,392,15,12,190,-3.150955
5320,-102,844,68,392,14,12,190,-3.645782
5320,-102,847,68,392,13,12,191,-4.701591
5320,-102,838,68,392,16,11,190,-1.680374
5320,-102,849,68,392,14,12,190,-3.190445
5320,-102,844,68,392,14,14,191,-3.110443
5320,-102,837,68,392,17,11,190,-0.745255
5320,-102,844,68,392,12,13,191,-5.155235
5320,-102,843,68,392,14,12,191,-3.443741
5320,-102,850,68,392,15,12,191,-2.800079
5320,-102,846,68,392,14,11,190,-3.003326
5320,-102,841,68,392,14,13,191,-3.534431
5320,-102,844,68,392,15,12,191,-2.841019
5320,-102,841,68,392,15,13,191,-2.306557
5320,-102,844,68,392,15,12,191,-2.268471
5320,-102,838,68,392,14,13,190,-3.909836
5320,-102,848,68,392,16,13,191,-1.089478
5320,-102,844,68,392,13,12,191,-4.047195
5320,-102,839,68,392,14,11,190,-4.165596
5320,-102,841,68,392,13,13,191,-4.706581
5320,-102,840,68,392,14,13,190,-3.174881
5320,-102,841,68,392,15,10,190,-2.799545
5320,-102,838,68,392,14,13,191,-3.344650
5320,-102,841,68,392,12,14,191,-5.614731
5320,-102,842,68,392,14,12,190,-3.821365
5320,-102,841,68,392,16,14,191,-1.471771
5320,-102,848,68,392,14,14,191,-3.250534
5320,-102,842,68,392,13,14,191,-4.333969
5320,-102,843,68,392,15,11,190,-2.206100
5320,-102,845,68,392,14,12,190,-3.267159
5320,-102,844,68,392,15,14,189,-2.148727
5320,-102,849,68,392,14,14,191,-3.578110
5320,-102,845,68,392,16,11,190,-1.242813
5320,-102,852,68,392,15,14,191,-2.480698
5320,-102,841,68,392,17,14,192,-0.599380
5320,-102,837,68,392,13,10,189,-4.335129
5320,-102,844,68,392,15,14,190,-2.012619
5320,-102,842,68,392,12,10,191,-5.223335
5320,-102,840,68,392,13,11,190,-4.440842
5320,-102,845,68,392,13,12,191,-4.912849
5320,-102,847,68,392,13,14,191,-4.197754
5320,-102,852,68,392,14,14,190,-4.140869
5320,-102,844,68,392,13,10,190,-4.344109
5320,-102,844,68,392,14,14,191,-3.587257
5320,-102,846,68,392,13,12,190,-5.096176
5320,-102,841,68,392,12,13,190,-5.451187
5320,-102,841,68,392,14,14,192,-3.643059
5320,-102,840,68,392,16,13,190,-1.144104
5320,-102,840,68,392,16,12,190,-1.642288
5320,-102,843,68,392,15,11,190,-2.300117
5320,-102,841,68,392,14,13,190,-4.464691
5320,-102,844,68,392,13,14,190,-4.871078
5320,-102,843,68,392,16,12,190,-0.965332
5320,-102,839,68,392,13,12,190,-4.232796
5320,-102,844,68,392,14,12,190,-3.902161
5320,-102,844,68,392,14,12,190,-3.803650
5320,-102,848,68,392,13,13,191,-4.087090
5320,-102,849,68,392,13,12,190,-4.511597
5320,-102,837,68,392,15,15,191,-2.429832
5320,-102,845,68,392,14,13,191,-3.325378
5320,-102,847,68,392,14,11,191,-3.362244
5320,-102,841,68,392,12,12,190,-5.575134
5320,-102,845,68,392,15,13,189,-3.405762
5320,-102,844,68,392,14,13,190,-3.392632
5320,-102,850,68,392,15,11,190,-2.562515
5320,-102,837,68,392,14,12,190,-3.319031
5320,-102,842,68,392,16,12,190,-1.386848
5320,-102,843,68,392,11,14,191,-6.177521
5320,-102,840,68,392,12,12,189,-5.496559
5320,-102,851,68,392,14,14,191,-3.433411
5320,-102,841,68,392,15,11,190,-3.121597
5320,-102,845,68,392,14,12,190,-3.324722
5320,-102,841,68,392,12,11,190,-5.778069
5320,-102,843,68,392,11,13,190,-6.693832
5320,-102,845,68,392,14,12,190,-3.125259
5320,-102,839,68,392,14,12,191,-3.352585
5320,-102,846,68,392,13,13,190,-4.587692
5320,-102,841,68,392,12,12,190,-5.550720
5320,-102,850,68,392,16,13,192,-1.019485
5320,-102,850,68,392,15,12,190,-2.397293
5320,-102,845,68,392,14,12,190,-3.576080
5320,-102,846,68,392,12,11,191,-5.601784
5320,-102,848,68,392,13,13,190,-4.590378
5320,-102,847,68,392,13,14,192,-4.412766
5320,-102,847,68,392,13,11,190,-4.474106
5320,-102,851,68,392,13,14,191,-4.299469
5320,-102,847,68,392,13,11,190,-4.004150
5320,-102,852,68,392,16,12,190,-1.193771
5320,-102,853,68,392,13,13,192,-4.729523
5320,-102,848,68,392,12,14,191,-4.901566
5320,-102,849,68,392,14,12,191,-3.664993
5320,-102,843,68,392,14,12,190,-3.430099
5320,-102,838,68,392,14,13,191,-3.262390
5320,-102,849,68,392,15,13,192,-2.174599
5320,-102,850,68,392,12,14,190,-5.222733
5320,-102,853,68,392,15,13,191,-2.292725
5320,-102,848,68,392,15,13,191,-2.330185
5320,-102,841,68,392,13,11,189,-4.187637
5320,-102,853,68,392,15,12,191,-2.100174
5320,-102,845,68,392,15,13,190,-2.179062
5320,-102,839,68,392,12,14,191,-5.614189
5320,-102,848,68,392,12,14,191,-5.184387
5320,-102,851,68,392,15,13,191,-2.383804
5320,-102,840,68,392,15,13,190,-2.351913
5320,-102,839,68,392,14,13,191,-3.256676
5320,-102,846,68,392,14,13,191,-3.464813
5320,-102,839,68,392,16,12,190,-1.241913
5320,-102,841,68,392,15,12,190,-2.326096
5320,-102,852,68,392,15,12,191,-2.029984
5320,-102,843,68,392,12,12,189,-5.355042
5320,-102,847,68,392,15,15,191,-2.305168
5320,-102,850,68,392,16,10,190,-1.307541
5320,-102,842,68,392,14,15,191,-3.564194
5320,-102,842,68,392,14,13,191,-3.315445
5320,-102,845,68,392,13,12,191,-4.438019
5320,-102,844,68,392,12,13,191,-5.732086
5320,-102,845,68,392,14,13,191,-2.988831
5320,-102,845,68,392,14,12,190,-3.502563
5320,-102,839,68,392,15,13,190,-2.665146
5320,-102,850,68,392,15,12,191,-2.620155
5320,-102,839,68,392,11,11,190,-6.402237
5320,-102,846,68,392,13,15,191,-4.305702
5320,-102,841,68,392,14,13,191,-3.587013
5320,-102,839,68,392,14,12,190,-4.082153
5320,-102,845,68,392,11,12,191,-6.336075
5320,-102,839,68,392,14,14,192,-3.434204
5320,-102,839,68,392,13,11,189,-4.823486
5320,-102,848,68,392,15,13,191,-2.281021
5320,-102,840,68,392,14,15,191,-2.993263
5320,-102,841,68,392,14,11,190,-3.418884
5320,-102,844,68,392,15,12,190,-2.886345
5320,-102,847,68,392,16,11,191,-1.350418
5320,-102,843,68,392,12,13,190,-5.797676
5320,-102,838,68,392,14,14,190,-3.608368
5320,-102,839,68,392,14,14,191,-3.221878
5320,-102,850,68,392,12,14,191,-5.294189
5320,-102,840,68,392,14,12,191,-3.401749
5320,-102,840,68,392,14,14,190,-3.466980
5320,-102,846,68,392,15,11,190,-2.473160
5320,-102,845,68,392,15,15,191,-2.387802
5320,-102,845,68,392,14,12,191,-3.886215
5320,-102,844,68,392,12,12,190,-5.787827
5320,-102,838,68,392,12,12,190,-6.511032
5320,-102,848,68,392,14,14,192,-3.566757
5320,-102,849,68,392,14,13,191,-4.515579
5320,-102,846,68,392,13,12,190,-4.821861
5320,-102,841,68,392,13,13,191,-4.324867
5320,-102,839,68,392,13,13,191,-4.300346
5320,-102,834,68,392,14,12,190,-3.264008
5320,-102,841,68,392,11,11,190,-6.585793
5320,-102,846,68,392,13,14,190,-4.113899
5320,-102,845,68,392,14,12,190,-3.918236
5320,-102,841,68,392,16,12,190,-1.157883
5320,-102,837,68,392,14,11,190,-3.180046
5320,-102,841,68,392,11,13,190,-6.222267
5320,-102,839,68,392,14,13,191,-3.368668
5320,-102,839,68,392,13,10,190,-5.180038
5320,-102,843,68,392,15,13,190,-2.226318
5320,-102,844,68,392,11,16,191,-6.806442
5320,-102,841,68,392,15,14,191,-2.942871
5320,-102,840,68,392,16,12,191,-1.086189
5320,-102,848,68,392,12,12,190,-5.765747
5320,-102,841,68,392,12,12,190,-5.775116
5320,-102,843,68,392,15,11,190,-2.426208
5320,-102,842,68,392,13,13,190,-4.524017
5320,-102,849,68,392,16,10,191,-1.363754
5320,-102,844,68,392,14,14,191,-3.294235
5320,-102,834,68,392,13,10,189,-4.273735
5320,-102,839,68,392,14,12,190,-3.263565
5320,-102,851,68,392,13,14,191,-4.212639
5320,-102,849,68,392,13,12,190,-4.196320
5320,-102,840,68,392,15,12,191,-2.624008
5320,-102,838,68,392,15,12,191,-2.484276
5320,-102,841,68,392,15,10,190,-3.103745
5320,-102,845,68,392,15,13,191,-2.379898
5320,-102,840,68,392,15,13,191,-2.534393
5320,-102,841,68,392,13,13,190,-4.698990
5320,-102,845,68,392,15,14,191,-2.069992
5320,-102,848,68,392,14,14,191,-3.703690
5320,-102,843,68,392,14,14,191,-3.200546
5320,-102,841,68,392,13,12,190,-4.456116
5320,-102,844,68,392,16,14,191,-1.142670
5320,-102,842,68,392,15,12,189,-3.050415
5320,-102,841,68,392,14,12,191,-3.967628
5320,-102,844,68,392,13,13,191,-4.274689
5320,-102,850,68,392,14,13,190,-3.426384
5320,-102,848,68,392,16,13,191,-1.017044
5320,-102,839,68,392,13,12,190,-5.539337
5320,-102,837,68,392,15,11,190,-2.338203
5320,-102,845,68,392,15,12,191,-2.478188
5320,-102,848,68,392,13,13,190,-4.062180
5320,-102,846,68,392,14,13,191,-3.295723
5320,-102,846,68,392,14,12,191,-3.852722
5320,-102,846,68,392,14,12,191,-3.224655
5320,-102,842,68,392,13,13,191,-4.476013
5320,-102,847,68,392,13,12,190,-4.572647
5320,-102,851,68,392,14,11,190,-3.312958
5320,-102,848,68,392,15,11,190,-2.108948
5320,-102,847,68,392,14,14,191,-3.177643
5320,-102,851,68,392,12,11,191,-5.208481
5320,-102,836,68,392,14,12,191,-3.564697
5320,-102,851,68,392,12,14,191,-5.395409
5320,-102,847,68,392,15,12,190,-2.879814
5320,-102,847,68,392,13,13,191,-4.429047
5320,-102,838,68,392,14,13,190,-3.708488
5320,-102,848,68,392,16,11,190,-1.488693
5320,-102,841,68,392,14,14,191,-3.402481
5320,-102,835,68,392,12,12,190,-5.500534
5320,-102,835,68,392,12,11,190,-5.888954
5320,-102,842,68,392,15,13,191,-2.910538
5320,-102,842,68,392,15,13,191,-3.166656
5320,-102,848,68,392,14,13,191,-3.083153
5320,-102,846,68,392,15,12,191,-2.506813
5320,-102,845,68,392,13,13,190,-4.406769
5320,-102,845,68,392,14,13,190,-3.676392
5320,-102,845,68,392,12,14,191,-5.265411
5320,-102,847,68,392,13,14,192,-4.184235
5320,-102,847,68,392,13,12,190,-4.903008
5320,-102,841,68,392,16,12,191,-1.248505
5320,-102,847,68,392,14,12,190,-4.119003
5320,-102,850,68,392,15,11,190,-2.497681
5320,-102,846,68,392,15,11,192,-2.634964
5320,-102,843,68,392,12,12,190,-5.388763
5320,-102,844,68,392,14,11,191,-3.239563
5320,-102,845,68,392,16,12,191,-1.477692
5320,-102,845,68,392,14,12,190,-3.357162
5320,-102,839,68,392,15,14,190,-2.413605
5320,-102,843,68,392,14,12,190,-3.670609
5320,-102,841,68,392,14,13,190,-3.109512
5320,-102,850,68,392,17,12,190,-0.336487
5320,-102,838,68,392,13,14,190,-4.556625
5320,-102,844,68,392,14,12,190,-3.752609
5320,-102,843,68,392,14,12,191,-3.049500
5320,-102,837,68,392,15,11,191,-2.353790
5320,-102,849,68,392,15,13,190,-2.900696
5320,-102,842,68,392,15,14,191,-2.225449
5320,-102,841,68,392,11,10,189,-6.000938
5320,-102,841,68,392,14,13,192,-4.007500
5320,-102,842,68,392,16,13,191,-1.282074
5320,-102,844,68,392,16,14,190,-1.774536
5320,-102,843,68,392,16,11,190,-2.168304
5320,-102,848,68,392,14,12,191,-3.418213
5320,-102,846,68,392,14,13,191,-3.296829
5320,-102,843,68,392,15,13,191,-2.609772
5320,-102,845,68,392,14,12,191,-3.298355
5320,-102,845,68,392,15,14,190,-2.525070
5320,-102,847,68,392,11,12,191,-6.684708
5320,-102,845,68,392,15,10,190,-2.392761
5320,-102,850,68,392,13,15,192,-4.112564
5320,-102,842,68,392,14,14,191,-3.287369
5320,-102,841,68,392,16,13,191,-1.265945
5320,-102,844,68,392,16,14,190,-2.394730
5320,-102,841,68,392,12,13,191,-5.296341
5320,-102,844,68,392,15,12,191,-2.142075
5320,-102,846,68,392,13,13,190,-4.806610
5320,-102,847,68,392,14,12,190,-3.509827
5320,-102,849,68,392,13,11,190,-4.562759
5320,-102,839,68,392,11,12,190,-6.009171
5320,-102,849,68,392,14,12,191,-3.504303
5320,-102,853,68,392,13,12,191,-4.677551
5320,-102,838,68,392,13,12,190,-4.391441
5320,-102,842,68,392,16,12,190,-1.108337
5320,-102,842,68,392,13,13,191,-4.417076
5320,-102,841,68,392,13,12,189,-5.437698
5320,-102,851,68,392,11,14,192,-6.487564
5320,-102,842,68,392,14,11,191,-3.682770
5320,-102,852,68,392,13,14,191,-4.699715
5320,-102,845,68,392,14,14,191,-3.243118
5320,-102,853,68,392,15,13,192,-2.555618
5320,-102,840,68,392,12,11,190,-5.478127
5320,-102,844,68,392,15,14,191,-2.513466
5320,-102,841,68,392,14,14,190,-3.429413
5320,-102,843,68,392,13,10,189,-3.989319
5320,-102,848,68,392,17,13,191,-0.408775
5320,-102,841,68,392,11,14,191,-6.375519
5320,-102,843,68,392,15,12,189,-2.129761
5320,-102,844,68,392,13,11,191,-4.533356
5320,-102,841,68,392,13,13,191,-4.630249
5320,-102,840,68,392,14,11,190,-3.189079
5320,-102,837,68,392,13,13,191,-4.429855
5320,-102,841,68,392,13,14,191,-3.984711
5320,-102,841,68,392,14,12,191,-3.205421
5320,-102,843,68,392,13,11,191,-5.186035
5320,-102,849,68,392,12,13,190,-5.390480
5320,-102,844,68,392,15,12,189,-2.485062
5320,-102,845,68,392,16,15,192,-2.215851
5320,-102,847,68,392,15,12,191,-2.786819
5320,-102,845,68,392,14,12,190,-3.605637
5320,-102,851,68,392,13,13,191,-4.446884
5320,-102,847,68,392,13,10,190,-4.470894
5320,-102,851,68,392,16,11,190,-1.334900
5320,-102,843,68,392,16,14,191,-1.149498
5320,-102,841,68,392,13,11,190,-4.230759
5320,-102,847,68,392,15,13,191,-1.971680
5320,-102,850,68,392,13,13,191,-4.361740
5320,-102,842,68,392,15,14,189,-2.382706
5320,-102,847,68,392,14,12,190,-2.984756
5320,-102,839,68,392,14,13,191,-4.601273
5320,-102,850,68,392,14,14,190,-4.499725
5320,-102,840,68,392,14,15,191,-3.839386
5320,-102,838,68,392,15,13,191,-2.278854
5320,-102,843,68,392,14,13,190,-3.571190
5320,-102,847,68,392,14,13,192,-3.513672
5320,-102,846,68,392,13,13,191,-4.070358
5320,-102,847,68,392,14,12,190,-3.155396
5320,-102,839,68,392,14,12,190,-4.497429
5320,-102,848,68,392,13,11,191,-4.532059
5320,-102,841,68,392,14,15,191,-3.721832
5320,-102,845,68,392,16,13,191,-1.181503
5320,-102,847,68,392,15,13,191,-2.845741
5320,-102,841,68,392,13,14,191,-4.480835
5320,-102,850,68,392,14,13,190,-3.274483
5320,-102,847,68,392,13,10,190,-4.233353
5320,-102,841,68,392,15,12,191,-2.554993
5320,-102,851,68,392,16,13,191,-1.181763
5320,-102,843,68,392,15,14,190,-2.205872
5320,-102,844,68,392,15,12,190,-2.204468
5320,-102,841,68,392,15,13,191,-2.250427
5320,-102,843,68,392,14,11,191,-3.535675
5320,-102,841,68,392,14,11,190,-3.511444
5320,-102,842,68,392,17,12,191,-0.285217
5320,-102,839,68,392,12,12,190,-5.535080
5320,-102,841,68,392,15,12,190,-2.465347
5320,-102,846,68,392,15,13,191,-2.792778
5320,-102,845,68,392,14,12,190,-3.234695
5320,-102,846,68,392,16,14,191,-1.253632
5320,-102,851,68,392,12,15,192,-5.854652
5320,-102,843,68,392,14,12,190,-3.879440
5320,-102,836,68,392,16,15,191,-1.032974
5320,-102,848,68,392,12,14,191,-5.490746
5320,-102,842,68,392,15,12,190,-2.407898
5320,-102,839,68,392,14,12,190,-3.499207
5320,-102,849,68,392,16,12,190,-1.433075
5320,-102,846,68,392,12,14,191,-5.739578
5320,-102,842,68,392,14,13,191,-4.175110
5320,-102,844,68,392,13,11,191,-5.577576
5320,-102,840,68,392,15,13,191,-2.430176
5320,-102,848,68,392,15,14,191,-2.017311
5320,-102,842,68,392,14,10,191,-3.599976
5320,-102,848,68,392,14,11,190,-3.350296
5320,-102,845,68,392,15,13,192,-2.290176
5320,-102,845,68,392,16,14,191,-1.810478
5320,-102,841,68,392,12,12,191,-5.383118
5320,-102,840,68,392,14,13,191,-3.226303
5320,-102,847,68,392,14,12,190,-3.092438
5320,-102,844,68,392,15,13,191,-2.366837
5320,-102,845,68,392,14,12,191,-3.431038
5320,-102,842,68,392,13,14,191,-4.453049
5320,-102,843,68,392,14,11,190,-3.241440
5320,-102,843,68,392,15,14,192,-2.379578
5320,-102,839,68,392,15,12,190,-2.501755
5320,-102,850,68,392,14,13,191,-3.499069
5320,-102,851,68,392,15,12,192,-2.453453
5320,-102,841,68,392,14,13,191,-3.372528
5320,-102,848,68,392,15,13,191,-3.518967
5320,-102,849,68,392,13,14,192,-4.192795
5320,-102,843,68,392,13,13,190,-4.663612
5320,-102,843,68,392,16,14,191,-1.604523
5320,-102,845,68,392,14,14,191,-3.177963
5320,-102,844,68,392,14,13,189,-3.715927
5320,-102,841,68,392,14,12,191,-3.036407
5320,-102,844,68,392,12,15,191,-5.075439
5320,-102,837,68,392,13,10,190,-5.125435
5320,-102,842,68,392,14,15,191,-3.395370
5320,-102,848,68,392,14,12,191,-3.463173
5320,-102,841,68,392,15,13,190,-2.212982
5320,-102,847,68,392,14,14,192,-3.651352
5320,-102,838,68,392,14,12,190,-3.393250
5320,-102,845,68,392,14,12,191,-3.546722
5320,-102,839,68,392,16,13,190,-2.107704
5320,-102,842,68,392,11,11,191,-6.107300
5320,-102,839,68,392,14,14,190,-3.268265
5320,-102,837,68,392,15,13,190,-2.399666
5320,-102,842,68,392,9,14,189,-8.041260
5320,-102,842,68,392,13,14,190,-4.399780
5320,-102,837,68,392,17,13,191,-0.275063
5320,-102,841,68,392,13,14,191,-4.275726
5320,-102,841,68,392,14,13,190,-3.447433
5320,-102,846,68,392,13,14,192,-4.371017
5320,-102,841,68,392,13,13,191,-4.925110
5320,-102,852,68,392,13,13,191,-4.246185
5320,-102,838,68,392,15,13,190,-3.126022
5320,-102,835,68,392,14,12,191,-3.309784
5320,-102,844,68,392,14,13,191,-3.295807
5320,-102,841,68,392,17,12,190,-0.904114
5320,-102,841,68,392,15,11,190,-2.782211
5320,-102,850,68,392,16,12,191,-1.436371
5320,-102,844,68,392,13,14,191,-4.877060
5320,-102,850,68,392,16,12,190,-1.646332
5320,-102,847,68,392,17,13,191,-0.512466
5320,-102,842,68,392,11,13,191,-6.348595
5320,-102,847,68,392,13,13,191,-4.253128
5320,-102,839,68,392,15,12,190,-2.881989
5320,-102,839,68,392,15,12,190,-2.814728
5320,-102,844,68,392,15,14,190,-2.539719
5320,-102,843,68,392,15,11,191,-2.209808
5320,-102,846,68,392,13,13,191,-4.217903
5320,-102,848,68,392,15,13,190,-2.301544
5320,-102,841,68,392,15,13,191,-2.193077
5320,-102,848,68,392,13,12,191,-4.284470
5320,-102,842,68,392,14,13,191,-3.281204
5320,-102,847,68,392,15,13,191,-2.495132
5320,-102,847,68,392,13,13,191,-4.720535
5320,-102,846,68,392,13,14,191,-4.247375
5320,-102,846,68,392,15,13,192,-2.137924
5320,-102,850,68,392,13,12,190,-4.298416
5320,-102,849,68,392,13,14,191,-4.497765
5320,-102,837,68,392,14,12,191,-3.267380
5320,-102,844,68,392,11,13,191,-6.381638
5320,-102,836,68,392,14,11,189,-3.990463
5320,-102,845,68,392,14,13,191,-3.610359
5320,-102,842,68,392,12,13,190,-5.532608
5320,-102,844,68,392,16,12,190,-1.733582
5320,-102,845,68,392,15,14,191,-2.422783
5320,-102,836,68,392,14,14,191,-3.560936
5320,-102,844,68,392,15,10,190,-2.658043
5320,-102,843,68,392,13,14,191,-4.134216
5320,-102,840,68,392,15,11,190,-1.988777
5320,-102,849,68,392,13,13,191,-4.540260
5320,-102,845,68,392,16,12,191,-1.820328
5320,-102,844,68,392,15,12,191,-3.194199
5320,-102,848,68,392,15,13,191,-2.429848
5320,-102,844,68,392,13,15,191,-4.697525
5320,-102,848,68,392,13,12,190,-4.434868
5320,-102,845,68,392,15,13,190,-2.094376
5320,-102,842,68,392,13,13,190,-4.329964
5320,-102,844,68,392,13,11,189,-4.321762
5320,-102,839,68,392,14,13,191,-3.589584
5320,-102,844,68,392,13,14,191,-4.242928
5320,-102,845,68,392,15,14,190,-3.514175
5320,-102,844,68,392,14,13,191,-3.515869
5320,-102,841,68,392,14,13,191,-3.299438
5320,-102,851,68,392,14,12,190,-3.560616
5320,-102,851,68,392,13,12,191,-3.975655
5320,-102,844,68,392,14,13,191,-3.192123
5320,-102,839,68,392,13,9,189,-5.094299
5320,-102,848,68,392,15,12,190,-2.250076
5320,-102,847,68,392,12,12,190,-5.901764
5320,-102,846,68,392,15,13,190,-2.001091
5320,-102,845,68,392,14,13,191,-4.585266
5320,-102,842,68,392,13,14,191,-4.568665
5320,-102,844,68,392,13,11,190,-4.393204
5320,-102,847,68,392,16,11,191,-1.220810
5320,-102,845,68,392,12,12,190,-5.740021
5320,-102,846,68,392,13,12,191,-4.788361
5320,-102,845,68,392,15,9,191,-2.114777
5320,-102,843,68,392,15,12,190,-2.533905
5320,-102,845,68,392,12,14,191,-5.450340
5320,-102,844,68,392,14,12,190,-3.085800
5320,-102,847,68,392,14,11,191,-3.468269
5320,-102,848,68,392,15,12,190,-2.243546
5320,-102,841,68,392,15,14,191,-2.199440
5320,-102,849,68,392,12,13,191,-5.432808
5320,-102,846,68,392,15,12,190,-2.771736
5320,-102,839,68,392,15,13,190,-2.589447
5320,-102,846,68,392,13,15,191,-4.552643
5320,-102,844,68,392,14,12,190,-4.173271
5320,-102,846,68,392,12,10,190,-5.525162
5320,-102,844,68,392,17,13,190,-1.122490
5320,-102,841,68,392,12,12,191,-5.600044
5320,-102,846,68,392,14,11,191,-3.368553
5320,-102,843,68,392,14,12,190,-4.083420
5320,-102,847,68,392,15,13,190,-2.532524
5320,-102,849,68,392,14,11,190,-3.214600
5320,-102,850,68,392,12,12,190,-5.464066
5320,-102,841,68,392,13,13,190,-4.905693
5320,-102,839,68,392,16,10,190,-1.240067
5320,-102,848,68,392,13,12,191,-4.122879
5320,-102,843,68,392,15,13,191,-2.334732
5320,-102,839,68,392,14,12,190,-3.419609
5320,-102,851,68,392,16,11,190,-1.359329
5320,-102,846,68,392,14,12,191,-3.817413
5320,-102,845,68,392,14,14,191,-3.410912
5320,-102,843,68,392,14,13,190,-3.201439
5320,-102,839,68,392,15,12,190,-2.431038
5320,-102,847,68,392,12,14,191,-5.062172
5320,-102,841,68,392,14,14,191,-3.299454
5320,-102,847,68,392,15,13,191,-2.511864
5320,-102,841,68,392,15,12,191,-2.557968
5320,-102,839,68,392,14,10,190,-3.432495
5320,-102,849,68,392,14,12,191,-2.997879
5745,-102,828,75,386,15,11,185,-2.393494
5745,-102,829,75,386,16,14,186,-1.142487
5745,-102,838,75,386,17,13,186,-0.384949
5745,-102,831,75,386,15,13,187,-2.274193
5745,-102,838,75,386,15,14,187,-2.280334
5745,-102,839,75,386,18,13,187,0.599396
5745,-102,837,75,386,16,13,187,-1.672150
5745,-102,835,75,386,16,13,185,-1.710007
5745,-102,836,75,386,14,10,184,-4.573975
5745,-102,831,75,386,16,13,186,-1.220825
5745,-102,839,75,386,17,11,186,-0.268677
5745,-102,834,75,386,19,13,186,1.270309
5745,-102,840,75,386,16,11,186,-0.995453
5745,-102,828,75,386,17,13,186,-0.904480
5745,-102,836,75,386,17,11,186,-0.168541
5745,-102,835,75,386,15,14,186,-2.230469
5745,-102,831,75,386,17,12,186,-0.031891
5745,-102,831,75,386,16,14,187,-1.125763
5745,-102,830,75,386,15,12,186,-2.478821
5745,-102,831,75,386,17,13,186,-1.282669
5745,-102,834,75,386,16,11,186,-1.301254
5745,-102,839,75,386,16,12,186,-1.334518
5745,-102,833,75,386,16,11,185,-1.429688
5745,-102,831,75,386,15,14,186,-3.154373
5745,-102,831,75,386,17,13,186,-0.596970
5745,-102,832,75,386,15,12,187,-1.994843
5745,-102,828,75,386,16,12,185,-1.485794
5745,-102,831,75,386,17,11,185,-1.623085
5745,-102,835,75,386,17,13,186,-1.284149
5745,-102,834,75,386,18,13,187,0.711166
5745,-102,828,75,386,16,13,187,-1.094208
5745,-102,829,75,386,16,12,185,-1.777290
5745,-102,831,75,386,18,11,186,0.459671
5745,-102,833,75,386,17,13,186,-0.347549
5745,-102,829,75,386,17,13,187,-0.761513
5745,-102,838,75,386,17,14,186,-0.128174
5745,-102,838,75,386,16,12,185,-1.328796
5745,-102,830,75,386,15,11,185,-2.352859
5745,-102,840,75,386,17,14,186,-0.136765
5745,-102,838,75,386,16,14,186,-1.039871
5745,-102,838,75,386,15,15,187,-2.165154
5745,-102,838,75,386,16,14,186,-1.384598
5745,-102,828,75,386,16,14,187,-1.433014
5745,-102,831,75,386,15,13,186,-2.826920
5745,-102,834,75,386,16,15,187,-1.460678
5745,-102,840,75,386,17,13,186,-0.729111
5745,-102,840,75,386,16,13,187,-1.474121
5745,-102,838,75,386,17,15,186,-0.358765
5745,-102,838,75,386,16,12,187,-1.209595
5745,-102,835,75,386,17,12,186,-0.556915
5745,-102,836,75,386,17,14,187,-0.522217
5745,-102,834,75,386,16,13,186,-1.493744
5745,-102,839,75,386,17,12,186,-0.407097
5745,-102,830,75,386,16,13,186,-1.270813
5745,-102,834,75,386,17,13,186,-0.352966
5745,-102,831,75,386,18,13,186,0.090652
5745,-102,838,75,386,15,12,186,-2.538849
5745,-102,834,75,386,15,14,186,-2.363724
5745,-102,828,75,386,15,12,186,-2.585899
5745,-102,832,75,386,16,9,185,-1.672302
5745,-102,839,75,386,16,12,186,-1.419678
5745,-102,832,75,386,14,13,187,-3.022659
5745,-102,831,75,386,17,12,186,-0.341721
5745,-102,838,75,386,20,13,186,2.592972
5745,-102,831,75,386,18,15,187,0.766846
5745,-102,832,75,386,16,14,187,-1.418022
5745,-102,833,75,386,16,14,187,-2.301331
5745,-102,828,75,386,17,12,185,-0.353622
5745,-102,832,75,386,17,12,186,-0.869835
5745,-102,827,75,386,17,12,186,-0.652222
5745,-102,826,75,386,16,13,186,-1.466843
5745,-102,837,75,386,17,12,186,-0.807030
5745,-102,835,75,386,16,12,185,-1.282715
5745,-102,832,75,386,16,14,187,-2.319244
5745,-102,833,75,386,16,14,185,-1.708710
5745,-102,833,75,386,15,14,186,-2.366562
5745,-102,832,75,386,16,13,186,-1.570816
5745,-102,839,75,386,15,12,187,-2.655823
5745,-102,839,75,386,18,11,185,0.456558
5745,-102,830,75,386,17,13,185,-0.391800
5745,-102,832,75,386,16,14,186,-1.218338
5745,-102,832,75,386,17,13,186,-0.228699
5745,-102,828,75,386,16,12,184,-1.413612
5745,-102,831,75,386,17,13,185,-0.753159
5745,-102,839,75,386,16,11,185,-1.193771
5745,-102,832,75,386,15,14,187,-2.238754
5745,-102,839,75,386,17,13,186,-0.456650
5745,-102,830,75,386,17,13,186,-0.246742
5745,-102,840,75,386,15,10,186,-3.597763
5745,-102,835,75,386,16,14,187,-1.331169
5745,-102,837,75,386,16,12,186,-1.306870
5745,-102,838,75,386,18,15,186,0.084785
5745,-102,837,75,386,15,13,186,-2.121811
5745,-102,829,75,386,16,14,186,-1.750732
5745,-102,833,75,386,17,13,185,-0.240356
5745,-102,831,75,386,16,12,187,-1.680527
5745,-102,833,75,386,17,13,186,-1.288071
5745,-102,824,75,386,13,10,185,-4.595062
5745,-102,833,75,386,19,13,186,0.916176
5745,-102,832,75,386,18,11,186,0.423943
5745,-102,829,75,386,15,13,187,-2.673134
5745,-102,839,75,386,17,12,186,-0.504776
5745,-102,842,75,386,18,11,187,0.416824
5745,-102,829,75,386,14,15,187,-3.509277
5745,-102,830,75,386,16,11,187,-1.570686
5745,-102,830,75,386,16,14,186,-1.513763
5745,-102,831,75,386,18,12,185,0.291870
5745,-102,828,75,386,17,14,186,-0.171043
5745,-102,830,75,386,16,13,185,-2.646759
5745,-102,836,75,386,17,13,186,-0.924210
5745,-102,829,75,386,17,12,185,-0.322205
5745,-102,840,75,386,19,12,185,0.741600
5745,-102,839,75,386,17,12,186,-0.243713
5745,-102,827,75,386,17,12,185,-0.246803
5745,-102,828,75,386,18,12,185,0.148483
5745,-102,830,75,386,16,13,185,-1.400093
5745,-102,833,75,386,17,12,186,-0.789734
5745,-102,838,75,386,15,11,186,-2.699287
5745,-102,833,75,386,15,11,186,-2.119431
5745,-102,837,75,386,14,11,185,-3.661667
5745,-102,829,75,386,17,11,186,-0.456055
5745,-102,831,75,386,17,15,187,-0.235710
5745,-102,835,75,386,17,12,185,-0.154587
5745,-102,840,75,386,17,15,186,-0.774643
5745,-102,834,75,386,16,12,186,-0.997879
5745,-102,830,75,386,16,12,186,-1.356339
5745,-102,835,75,386,18,12,186,0.564880
5745,-102,833,75,386,18,12,186,0.383163
5745,-102,830,75,386,16,11,185,-1.582611
5745,-102,837,75,386,16,13,186,-1.776077
5745,-102,838,75,386,15,13,187,-2.438461
5745,-102,829,75,386,18,13,186,0.088791
5745,-102,836,75,386,16,14,186,-1.169739
5745,-102,833,75,386,17,11,185,-0.303726
5745,-102,831,75,386,17,11,187,-1.135803
5745,-102,830,75,386,18,11,185,0.698898
5745,-102,827,75,386,15,12,185,-2.485046
5745,-102,830,75,386,16,12,186,-1.910690
5745,-102,831,75,386,16,15,187,-1.696404
5745,-102,830,75,386,17,13,186,-0.633667
5745,-102,827,75,386,16,14,186,-1.391792
5745,-102,832,75,386,17,11,185,-0.224579
5745,-102,828,75,386,16,11,185,-1.016098
5745,-102,830,75,386,17,14,186,-0.440964
5745,-102,835,75,386,16,14,187,-1.281418
5745,-102,832,75,386,16,11,185,-1.555687
5745,-102,833,75,386,16,13,186,-1.462479
5745,-102,831,75,386,16,11,186,-1.226700
5745,-102,838,75,386,18,12,186,0.527115
5745,-102,832,75,386,17,14,187,-0.418243
5745,-102,837,75,386,16,11,186,-1.604126
5745,-102,830,75,386,19,12,186,1.699280
5745,-102,829,75,386,16,14,186,-1.348801
5745,-102,831,75,386,17,16,187,-0.099548
5745,-102,832,75,386,16,13,185,-1.296341
5745,-102,837,75,386,15,12,186,-2.607849
5745,-102,828,75,386,17,13,186,-0.508194
5745,-102,831,75,386,15,11,185,-2.452187
5745,-102,833,75,386,17,13,187,-0.586151
5745,-102,831,75,386,16,13,186,-1.672897
5745,-102,830,75,386,17,11,186,-0.462746
5745,-102,833,75,386,17,13,186,-0.319244
5745,-102,830,75,386,18,12,185,0.615616
5745,-102,832,75,386,16,13,186,-1.538116
5745,-102,828,75,386,16,15,186,-1.387955
5745,-102,839,75,386,16,13,186,-2.624527
5745,-102,835,75,386,20,12,186,2.877670
5745,-102,837,75,386,15,13,186,-2.816620
5745,-102,835,75,386,16,13,185,-2.249969
5745,-102,836,75,386,16,13,187,-1.740227
5745,-102,829,75,386,17,12,185,-0.748276
5745,-102,826,75,386,17,13,186,-0.260956
5745,-102,830,75,386,16,14,186,-1.410736
5745,-102,837,75,386,16,10,185,-1.876282
5745,-102,834,75,386,15,15,187,-2.752762
5745,-102,832,75,386,16,15,186,-1.612625
5745,-102,835,75,386,18,13,186,0.734718
5745,-102,831,75,386,16,14,186,-1.071037
5745,-102,826,75,386,15,12,186,-2.408676
5745,-102,830,75,386,17,14,187,-0.545982
5745,-102,833,75,386,17,12,184,-0.995529
5745,-102,831,75,386,17,12,186,-0.198944
5745,-102,830,75,386,17,13,186,-0.469391
5745,-102,839,75,386,16,13,186,-1.437103
5745,-102,831,75,386,17,14,187,-0.540642
5745,-102,828,75,386,15,13,186,-2.562363
5745,-102,834,75,386,18,14,186,0.735153
5745,-102,836,75,386,16,14,186,-1.462204
5745,-102,831,75,386,15,13,186,-2.250854
5745,-102,835,75,386,16,13,186,-1.374496
5745,-102,831,75,386,16,15,186,-1.292862
5745,-102,832,75,386,16,13,186,-1.255295
5745,-102,832,75,386,15,12,185,-2.124542
5745,-102,832,75,386,16,11,185,-1.255409
5745,-102,832,75,386,17,12,186,-0.291504
5745,-102,831,75,386,17,12,186,-0.377029
5745,-102,830,75,386,16,13,186,-1.752724
5745,-102,835,75,386,16,12,185,-1.481812
5745,-102,829,75,386,16,13,185,-1.427979
5745,-102,831,75,386,17,15,187,-0.616592
5745,-102,830,75,386,15,13,185,-3.040833
5745,-102,838,75,386,18,11,185,0.512291
5745,-102,833,75,386,16,13,187,-1.116882
5745,-102,830,75,386,17,13,185,-0.549286
5745,-102,832,75,386,17,13,186,-0.320679
5745,-102,830,75,386,16,14,186,-1.325897
5745,-102,836,75,386,19,13,186,2.096451
5745,-102,831,75,386,16,13,186,-1.126778
5745,-102,830,75,386,15,15,187,-2.567444
5745,-102,828,75,386,16,13,186,-1.183502
5745,-102,828,75,386,16,14,186,-1.268723
5745,-102,831,75,386,17,13,185,-0.544037
5745,-102,827,75,386,16,14,185,-1.073456
5745,-102,838,75,386,16,12,187,-1.296936
5745,-102,831,75,386,18,12,186,0.727203
5745,-102,831,75,386,15,11,186,-2.608948
5745,-102,835,75,386,16,13,185,-1.136467
5745,-102,834,75,386,15,10,186,-2.614304
5745,-102,835,75,386,15,15,187,-2.198029
5745,-102,837,75,386,18,11,187,0.615372
5745,-102,834,75,386,17,14,187,-0.213036
5745,-102,828,75,386,16,12,185,-1.461891
5745,-102,832,75,386,17,14,186,-0.441116
5745,-102,831,75,386,17,16,187,-0.371216
5745,-102,830,75,386,16,12,185,-1.173828
5745,-102,832,75,386,16,15,187,-1.593460
5745,-102,836,75,386,12,13,186,-5.239548
5745,-102,832,75,386,17,12,186,-0.159401
5745,-102,834,75,386,17,12,186,-0.288040
5745,-102,830,75,386,16,12,186,-1.239182
5745,-102,833,75,386,16,12,186,-0.994064
5745,-102,832,75,386,16,13,186,-1.568153
5745,-102,835,75,386,16,12,185,-1.447617
5745,-102,827,75,386,16,14,186,-1.369629
5745,-102,832,75,386,17,14,186,-0.229614
5745,-102,833,75,386,15,12,186,-3.686905
5745,-102,832,75,386,16,13,187,-1.597389
5745,-102,830,75,386,15,13,186,-2.188301
5745,-102,840,75,386,17,11,186,-0.904198
5745,-102,830,75,386,17,13,186,-0.515060
5745,-102,832,75,386,17,11,186,-0.831932
5745,-102,830,75,386,16,13,186,-1.593979
5745,-102,835,75,386,18,13,185,0.898514
5745,-102,835,75,386,16,14,187,-2.100075
5745,-102,828,75,386,17,11,186,-0.678322
5745,-102,830,75,386,16,14,186,-1.325165
5745,-102,835,75,386,18,12,186,0.652054
5745,-102,831,75,386,16,12,185,-1.249512
5745,-102,836,75,386,15,12,186,-2.164795
5745,-102,832,75,386,16,11,186,-1.124939
5745,-102,835,75,386,15,13,186,-3.611389
5745,-102,838,75,386,16,14,186,-1.299980
5745,-102,830,75,386,16,12,185,-1.203751
5745,-102,835,75,386,15,13,186,-2.370163
5745,-102,829,75,386,16,13,186,-1.276825
5745,-102,828,75,386,15,13,186,-2.082520
5745,-102,834,75,386,17,13,185,-0.743652
5745,-102,832,75,386,16,13,187,-1.443542
5745,-102,827,75,386,18,13,186,-0.714844
5745,-102,831,75,386,17,10,185,-0.491684
5745,-102,830,75,386,15,11,186,-2.223251
5745,-102,834,75,386,17,14,187,-0.393982
5745,-102,833,75,386,17,14,186,-0.478531
5745,-102,832,75,386,18,13,187,0.691879
5745,-102,831,75,386,16,12,185,-1.727509
5745,-102,833,75,386,16,11,186,-0.967911
5745,-102,834,75,386,17,11,185,-0.491959
5745,-102,830,75,386,17,14,186,-0.362732
5745,-102,831,75,386,17,15,186,-0.378479
5745,-102,835,75,386,17,13,186,-0.506454
5745,-102,840,75,386,17,13,187,-1.399300
5745,-102,838,75,386,17,11,186,-0.044800
5745,-102,831,75,386,18,12,185,-0.571854
5745,-102,833,75,386,17,14,187,-0.551842
5745,-102,828,75,386,16,13,186,-1.276184
5745,-102,832,75,386,16,12,186,-1.232101
5745,-102,831,75,386,16,13,185,-1.134766
5745,-102,831,75,386,17,12,186,-1.062607
5745,-102,834,75,386,16,13,187,-1.587265
5745,-102,830,75,386,16,11,186,-1.065735
5745,-102,831,75,386,17,12,186,-0.911865
5745,-102,834,75,386,16,12,186,-1.615860
5745,-102,831,75,386,16,14,186,-2.108719
5745,-102,837,75,386,15,12,187,-2.970947
5745,-102,831,75,386,16,13,186,-1.149574
5745,-102,832,75,386,16,12,186,-1.361740
5745,-102,835,75,386,16,11,185,-1.222336
5745,-102,838,75,386,16,13,186,-1.032028
5745,-102,833,75,386,17,14,186,-0.742393
5745,-102,831,75,386,18,14,186,0.898552
5745,-102,836,75,386,17,12,185,0.004028
5745,-102,834,75,386,17,14,187,-1.697197
5745,-102,838,75,386,16,14,186,-1.408043
5745,-102,837,75,386,17,15,187,-0.420151
5745,-102,831,75,386,16,12,186,-1.164932
5745,-102,832,75,386,17,14,186,-0.397079
5745,-102,838,75,386,18,13,186,0.457245
5745,-102,830,75,386,17,13,185,-0.085236
5745,-102,835,75,386,16,15,187,-1.198883
5745,-102,833,75,386,16,13,187,-1.209412
5745,-102,828,75,386,15,11,185,-2.293373
5745,-102,830,75,386,15,12,185,-3.571808
5745,-102,838,75,386,17,13,185,-0.480530
5745,-102,833,75,386,17,13,186,-0.511879
5745,-102,826,75,386,17,14,186,-0.562485
5745,-102,835,75,386,17,11,186,-0.281342
5745,-102,836,75,386,17,10,186,-0.408585
5745,-102,835,75,386,18,14,186,0.658745
5745,-102,831,75,386,16,10,185,-1.545258
5745,-102,833,75,386,17,13,186,-0.439987
5745,-102,829,75,386,18,12,185,0.133560
5745,-102,834,75,386,17,13,186,-0.726479
5745,-102,828,75,386,18,14,186,0.411575
5745,-102,832,75,386,17,13,186,-0.412094
5745,-102,838,75,386,17,11,186,-1.282639
5745,-102,833,75,386,16,14,187,-1.222023
5745,-102,838,75,386,18,13,186,0.251953
5745,-102,829,75,386,17,12,184,-1.545044
5745,-102,831,75,386,15,12,185,-2.112595
5745,-102,835,75,386,17,13,187,-0.227119
5745,-102,837,75,386,18,13,186,0.460808
5745,-102,829,75,386,18,13,186,0.509796
5745,-102,837,75,386,19,12,186,1.616486
5745,-102,833,75,386,16,13,186,-1.445869
5745,-102,832,75,386,17,10,185,-0.641518
5745,-102,832,75,386,17,13,186,-0.806305
5745,-102,828,75,386,15,11,185,-2.692795
5745,-102,836,75,386,18,12,185,0.556900
5745,-102,828,75,386,16,12,186,-1.192810
5745,-102,834,75,386,18,12,185,0.380280
5745,-102,839,75,386,17,13,186,-0.329880
5745,-102,828,75,386,16,11,186,-1.159729
5745,-102,836,75,386,20,11,186,2.257767
5745,-102,838,75,386,16,15,186,-1.278778
5745,-102,837,75,386,18,12,186,0.964218
5745,-102,835,75,386,15,12,186,-2.370102
5745,-102,835,75,386,16,14,187,-1.841110
5745,-102,831,75,386,18,14,186,0.996643
5745,-102,830,75,386,15,14,186,-2.211975
5745,-102,834,75,386,16,14,187,-1.560234
5745,-102,840,75,386,16,14,187,-1.173203
5745,-102,826,75,386,17,11,185,-0.576538
5745,-102,833,75,386,16,11,185,-1.327881
5745,-102,833,75,386,17,14,187,-0.189812
5745,-102,832,75,386,16,14,186,-1.511391
5745,-102,833,75,386,17,12,186,-0.571213
5745,-102,838,75,386,16,12,186,-1.075241
5745,-102,836,75,386,18,13,186,0.794708
5745,-102,832,75,386,17,12,186,-0.247803
5745,-102,829,75,386,16,12,187,-1.484848
5745,-102,833,75,386,18,13,186,0.661613
5745,-102,839,75,386,16,13,186,-1.434372
5745,-102,838,75,386,17,14,187,-0.628098
5745,-102,828,75,386,16,11,185,-2.011269
5745,-102,833,75,386,15,14,187,-2.636078
5745,-102,839,75,386,16,11,186,-2.233185
5745,-102,836,75,386,16,13,186,-1.710129
5745,-102,834,75,386,18,13,186,0.104851
5745,-102,833,75,386,16,11,185,-1.434555
5745,-102,830,75,386,17,13,187,-0.476028
5745,-102,834,75,386,16,11,186,-1.931473
5745,-102,834,75,386,15,12,186,-2.278877
5745,-102,837,75,386,17,11,186,-0.342026
5745,-102,834,75,386,16,11,186,-1.340790
5745,-102,828,75,386,16,14,186,-1.337662
5745,-102,835,75,386,16,12,185,-1.731339
5745,-102,838,75,386,16,12,185,-1.709564
5745,-102,830,75,386,17,12,185,-0.457352
5745,-102,832,75,386,15,15,187,-2.395782
5745,-102,836,75,386,16,12,185,-1.672592
5745,-102,837,75,386,16,10,186,-1.006325
5745,-102,837,75,386,17,13,187,-0.220032
5745,-102,832,75,386,15,13,186,-2.168304
5745,-102,833,75,386,17,13,186,-0.562134
5745,-102,834,75,386,17,11,185,-0.392654
5745,-102,834,75,386,16,12,186,-1.484879
5745,-102,831,75,386,16,11,186,-1.649323
5745,-102,837,75,386,17,12,185,-0.030098
5745,-102,831,75,386,16,12,185,-1.188354
5745,-102,838,75,386,16,12,186,-2.232681
5745,-102,832,75,386,17,12,185,-0.439240
5745,-102,842,75,386,16,13,186,-1.225922
5745,-102,830,75,386,17,12,187,-0.470222
5745,-102,832,75,386,15,13,186,-2.743881
5745,-102,834,75,386,15,12,186,-2.598404
5745,-102,838,75,386,16,12,186,-1.479630
5745,-102,830,75,386,17,13,186,-0.185738
5745,-102,835,75,386,17,11,185,-0.433014
5745,-102,831,75,386,15,14,186,-2.741928
5745,-102,838,75,386,16,14,186,-1.279800
5745,-102,828,75,386,16,13,185,-1.269264
5745,-102,831,75,386,17,12,186,-0.526962
5745,-102,831,75,386,16,13,186,-1.778587
5745,-102,827,75,386,15,13,186,-2.192917
5745,-102,836,75,386,16,12,186,-1.724648
5745,-102,834,75,386,15,14,187,-2.298302
5745,-102,838,75,386,18,12,186,0.442551
5745,-102,827,75,386,18,14,185,0.674583
5745,-102,835,75,386,16,10,186,-1.583206
5745,-102,834,75,386,17,13,187,-0.800430
5745,-102,835,75,386,16,13,186,-1.566071
5745,-102,833,75,386,16,14,186,-1.543541
5745,-102,832,75,386,17,14,187,-0.995041
5745,-102,830,75,386,17,14,187,-0.195679
5745,-102,835,75,386,17,11,186,-1.094131
5745,-102,830,75,386,17,10,186,-0.388550
5745,-102,830,75,386,16,12,185,-1.273087
5745,-102,838,75,386,16,13,186,-1.917198
5745,-102,835,75,386,16,13,186,-2.656937
5745,-102,829,75,386,14,12,185,-3.731415
5745,-102,833,75,386,16,14,187,-1.256775
5745,-102,831,75,386,16,14,185,-1.900528
5745,-102,832,75,386,15,12,186,-2.527710
5745,-102,834,75,386,16,12,186,-1.154358
5745,-102,832,75,386,16,15,187,-1.362350
5745,-102,833,75,386,16,15,187,-1.264450
5745,-102,832,75,386,18,14,186,0.957809
5745,-102,829,75,386,16,10,186,-1.915001
5745,-102,840,75,386,17,12,187,-0.376053
5745,-102,832,75,386,18,11,185,0.789520
5745,-102,831,75,386,15,15,187,-2.307739
5745,-102,831,75,386,18,12,186,0.518486
5745,-102,830,75,386,16,13,186,-1.369743
5745,-102,832,75,386,16,13,185,-0.974487
5745,-102,832,75,386,16,14,187,-1.066177
5745,-102,830,75,386,15,10,185,-2.332367
5745,-102,834,75,386,17,13,185,0.025818
5745,-102,829,75,386,16,11,185,-1.667671
5745,-102,838,75,386,15,11,186,-2.761902
5745,-102,840,75,386,16,12,186,-2.284790
5745,-102,831,75,386,16,11,186,-1.807022
5745,-102,838,75,386,15,10,186,-2.139595
5745,-102,831,75,386,14,13,186,-3.345947
5745,-102,832,75,386,16,14,186,-1.203064
5745,-102,832,75,386,18,13,186,0.399940
5745,-102,832,75,386,15,14,186,-2.234467
5745,-102,830,75,386,17,11,186,-0.480591
5745,-102,842,75,386,18,11,185,0.925529
5745,-102,831,75,386,17,13,187,-0.404648
5745,-102,836,75,386,15,13,186,-2.196701
5745,-102,832,75,386,15,14,186,-2.249588
5745,-102,836,75,386,15,12,186,-2.692963
5745,-102,833,75,386,15,13,185,-2.508667
5745,-102,829,75,386,18,13,186,0.130585
5745,-102,836,75,386,17,15,185,-0.212570
5745,-102,833,75,386,15,12,185,-2.305664
5745,-102,837,75,386,16,14,186,-2.061638
5745,-102,842,75,386,17,12,186,-0.344818
5745,-102,837,75,386,15,12,185,-2.554626
5745,-102,826,75,386,16,11,186,-1.953896
5745,-102,831,75,386,16,13,186,-1.508820
5745,-102,835,75,386,17,14,186,-0.721985
5745,-102,830,75,386,18,14,186,1.050720
5745,-102,838,75,386,15,12,185,-3.260757
5745,-102,831,75,386,15,12,186,-3.100426
5745,-102,838,75,386,16,12,187,-1.313293
5745,-102,829,75,386,16,14,186,-2.289993
5745,-102,830,75,386,18,12,186,0.751312
5745,-102,837,75,386,15,12,185,-2.519203
5745,-102,832,75,386,17,12,186,-0.862198
5745,-102,836,75,386,17,13,186,-0.446152
5745,-102,835,75,386,15,13,186,-2.729927
5745,-102,835,75,386,16,12,186,-1.203262
5745,-102,835,75,386,15,12,186,-2.252960
5745,-102,828,75,386,16,11,186,-1.265717
5745,-102,836,75,386,18,12,186,0.817154
5745,-102,833,75,386,17,13,186,-0.382416
5745,-102,834,75,386,16,13,186,-1.294441
5745,-102,832,75,386,18,12,186,0.252975
5745,-102,830,75,386,16,13,186,-1.762238
5745,-102,830,75,386,17,11,185,-0.193329
5745,-102,831,75,386,16,12,186,-1.185318
5745,-102,831,75,386,17,12,186,-0.255898
5745,-102,834,75,386,16,10,185,-1.014648
5745,-102,832,75,386,16,11,186,-1.238190
5745,-102,835,75,386,17,13,186,-0.082748
5745,-102,832,75,386,16,14,187,-1.131729
5745,-102,830,75,386,18,12,185,0.603470
5745,-102,834,75,386,17,13,186,-0.359619
5745,-102,831,75,386,17,12,185,-0.737991
5745,-102,837,75,386,17,12,185,-0.385056
5745,-102,832,75,386,17,13,186,-0.684052
5745,-102,835,75,386,18,14,186,0.257721
5745,-102,835,75,386,17,12,186,-0.770477
5745,-102,836,75,386,16,11,187,-1.806938
5745,-102,828,75,386,18,13,186,0.646172
5745,-102,830,75,386,17,14,186,-0.595444
5745,-102,832,75,386,17,12,185,-0.668549
5745,-102,837,75,386,17,14,187,-0.253006
5745,-102,838,75,386,16,13,185,-1.346283
5745,-102,830,75,386,18,13,186,1.002800
5745,-102,827,75,386,17,13,185,-0.358429
5745,-102,830,75,386,16,13,185,-1.498055
5745,-102,839,75,386,16,12,186,-1.591309
5745,-102,832,75,386,16,12,187,-1.951385
5745,-102,839,75,386,15,11,187,-2.227203
5745,-102,836,75,386,17,14,186,-0.433777
5745,-102,831,75,386,15,14,187,-2.070221
5745,-102,836,75,386,16,13,186,-1.560913
5745,-102,828,75,386,18,14,186,-0.688461
5745,-102,836,75,386,15,12,185,-2.198715
5745,-102,832,75,386,17,14,186,-0.098511
5745,-102,834,75,386,17,14,186,-0.504944
5745,-102,840,75,386,17,12,186,-0.791473
5745,-102,833,75,386,16,14,186,-1.240639
5745,-102,835,75,386,15,15,187,-2.768188
5745,-102,834,75,386,16,11,185,-1.066345
5745,-102,830,75,386,16,14,186,-1.163315
5745,-102,830,75,386,17,11,186,-0.137054
5745,-102,831,75,386,17,10,185,-0.926712
5745,-102,835,75,386,17,13,185,-0.579788
5745,-102,833,75,386,16,14,186,-1.099167
5745,-102,830,75,386,16,13,185,-1.463898
5745,-102,830,75,386,17,13,185,-0.306976
5745,-102,830,75,386,17,11,186,-0.405357
5745,-102,835,75,386,16,14,187,-1.207733
5745,-102,833,75,386,16,13,185,-2.057076
5745,-102,828,75,386,17,13,185,-0.111847
5745,-102,826,75,386,16,11,185,-1.327141
5745,-102,836,75,386,15,14,187,-2.953003
5745,-102,838,75,386,17,13,186,-0.470459
5745,-102,830,75,386,17,14,185,-0.759857
5745,-102,826,75,386,18,11,185,0.706139
5745,-102,839,75,386,17,13,187,-0.000618
5745,-102,835,75,386,17,13,186,-0.595062
5745,-102,826,75,386,17,13,186,-0.935623
5745,-102,831,75,386,18,11,186,0.753448
5745,-102,837,75,386,17,12,186,-0.882301
5745,-102,829,75,386,16,11,185,-1.526016
5745,-102,831,75,386,15,12,186,-1.983017
5745,-102,835,75,386,17,11,186,-0.404823
5745,-102,834,75,386,17,14,186,-0.327454
5745,-102,838,75,386,15,14,186,-2.424347
5745,-102,838,75,386,15,14,186,-2.185905
5745,-102,828,75,386,16,12,186,-1.392197
5745,-102,832,75,386,15,11,186,-2.206100
5745,-102,831,75,386,17,15,187,-0.097549
5745,-102,836,75,386,15,15,187,-2.431107
5745,-102,834,75,386,17,14,187,-0.235275
5745,-102,833,75,386,17,13,185,-0.322586
5745,-102,833,75,386,16,13,186,-1.532059
5745,-102,838,75,386,17,13,185,-0.849251
5745,-102,826,75,386,18,10,185,0.544937
5745,-102,832,75,386,16,13,187,-1.421143
5745,-102,830,75,386,15,13,186,-2.314537
5745,-102,838,75,386,16,12,186,-1.510834
5745,-102,830,75,386,16,11,185,-1.731659
5745,-102,828,75,386,17,14,186,-0.321060
5745,-102,828,75,386,16,13,186,-1.422058
5745,-102,828,75,386,16,15,186,-1.442551
5745,-102,839,75,386,15,12,186,-2.240311
5745,-102,838,75,386,18,11,185,0.487747
5745,-102,837,75,386,16,12,186,-1.404114
5745,-102,835,75,386,15,11,186,-2.251968
5745,-102,835,75,386,16,14,186,-1.266335
5745,-102,832,75,386,17,12,185,-0.583405
5745,-102,826,75,386,16,13,186,-1.367767
5745,-102,831,75,386,17,12,185,-0.011093
5745,-102,835,75,386,15,10,186,-2.906769
5745,-102,842,75,386,16,12,186,-1.538246
5745,-102,831,75,386,17,14,186,0.086472
5745,-102,831,75,386,18,14,187,0.992126
5745,-102,836,75,386,17,15,187,-0.458862
5745,-102,830,75,386,17,12,185,-0.143570
5745,-102,832,75,386,17,12,186,-0.414200
5745,-102,833,75,386,16,12,186,-1.568756
5745,-102,833,75,386,18,15,187,0.902954
5745,-102,832,75,386,16,12,185,-1.607864
5745,-102,833,75,386,17,14,187,-0.346649
5745,-102,836,75,386,16,13,187,-1.153732
5745,-102,836,75,386,15,12,187,-2.038452
5745,-102,838,75,386,16,13,186,-1.004646
5745,-102,831,75,386,16,14,186,-1.263260
5745,-102,839,75,386,17,10,185,-0.709869
5745,-102,837,75,386,16,13,186,-1.082870
5745,-102,831,75,386,15,12,185,-2.198273
5745,-102,833,75,386,19,13,186,1.661530
5745,-102,835,75,386,16,12,186,-1.263702
5745,-102,832,75,386,16,14,187,-1.316589
5745,-102,834,75,386,15,12,185,-2.211418
5745,-102,832,75,386,16,13,186,-1.254517
5745,-102,828,75,386,15,13,185,-2.316742
5745,-102,833,75,386,16,13,186,-1.863487
5745,-102,831,75,386,16,14,186,-1.387070
5745,-102,835,75,386,16,15,187,-1.024345
5745,-102,829,75,386,14,13,186,-3.737724
5745,-102,840,75,386,17,11,185,-0.408905
5745,-102,826,75,386,15,13,186,-2.196976
5745,-102,830,75,386,16,11,186,-1.283905
5745,-102,832,75,386,16,13,185,-1.107536
5745,-102,838,75,386,16,12,186,-1.158058
5745,-102,832,75,386,17,11,185,-0.878105
5745,-102,835,75,386,18,13,187,0.852127
5745,-102,834,75,386,19,13,186,1.560776
5745,-102,833,75,386,16,15,186,-0.902542
5745,-102,836,75,386,16,14,187,-1.205368
5745,-102,834,75,386,17,14,186,-0.886139
5745,-102,829,75,386,18,12,185,-0.104691
5745,-102,828,75,386,15,14,186,-2.731155
5745,-102,832,75,386,15,11,185,-2.573074
5745,-102,836,75,386,18,13,186,0.705872
5745,-102,835,75,386,16,13,185,-2.583977
5745,-102,830,75,386,16,12,184,-1.313110
5745,-102,832,75,386,17,12,186,-0.759033
5745,-102,827,75,386,17,11,186,-0.314178
5745,-102,829,75,386,19,12,186,1.800018
5745,-102,838,75,386,17,12,185,-0.493416
5745,-102,831,75,386,18,11,185,0.671265
5745,-102,830,75,386,18,12,185,0.163284
5745,-102,832,75,386,16,14,186,-1.252914
5745,-102,837,75,386,17,14,187,-0.934227
5745,-102,831,75,386,16,10,185,-1.200974
5745,-102,834,75,386,17,12,186,-0.206970
5745,-102,830,75,386,17,11,186,-0.904236
5745,-102,839,75,386,17,12,186,-0.714508
5745,-102,836,75,386,16,15,187,-1.624222
5745,-102,836,75,386,15,11,187,-2.570190
5745,-102,833,75,386,17,12,185,-0.175507
5745,-102,838,75,386,17,14,186,-0.277184
5745,-102,836,75,386,16,14,186,-1.507950
5745,-102,832,75,386,16,13,187,-2.155418
5745,-102,834,75,386,15,15,187,-3.123611
5745,-102,836,75,386,17,13,186,-0.205833
5745,-102,833,75,386,14,15,187,-3.263550
5745,-102,833,75,386,17,13,186,-0.287796
5745,-102,833,75,386,17,14,186,-0.399857
5745,-102,835,75,386,15,14,187,-2.134789
5745,-102,833,75,386,17,12,186,-0.568924
5745,-102,839,75,386,14,12,185,-3.382568
5745,-102,835,75,386,15,11,186,-2.901077
5745,-102,831,75,386,17,12,186,-1.268280
5745,-102,835,75,386,15,14,187,-2.495453
5745,-102,838,75,386,18,11,186,0.408691
5745,-102,834,75,386,16,12,185,-1.395050
5745,-102,830,75,386,16,13,186,-1.499268
5745,-102,836,75,386,16,13,186,-1.037758
5745,-102,827,75,386,15,13,186,-2.566277
5745,-102,830,75,386,16,15,187,-1.230194
5745,-102,828,75,386,16,12,186,-1.398926
5745,-102,828,75,386,16,14,186,-1.608871
5745,-102,836,75,386,17,12,186,-0.608109
5745,-102,825,75,386,18,10,184,0.292511
5745,-102,834,75,386,17,14,186,-0.063622
5745,-102,830,75,386,15,13,186,-2.901825
5745,-102,838,75,386,16,13,186,-1.564560
5745,-102,828,75,386,17,13,185,-0.372002
5745,-102,828,75,386,16,10,184,-2.584244
5745,-102,831,75,386,16,14,186,-1.379974
5745,-102,835,75,386,16,12,186,-1.366394
5745,-102,826,75,386,17,12,185,-0.293892
5745,-102,838,75,386,17,12,186,-0.070389
5745,-102,840,75,386,17,14,187,-0.323303
5745,-102,834,75,386,18,14,186,0.865288
5745,-102,834,75,386,17,13,186,-0.570633
5745,-102,831,75,386,16,12,185,-1.240463
5745,-102,833,75,386,18,14,186,0.532379
5745,-102,828,75,386,16,13,187,-1.444672
5745,-102,828,75,386,17,14,186,-0.227341
5745,-102,830,75,386,16,11,185,-1.530396
5745,-102,836,75,386,15,13,187,-2.265244
5745,-102,833,75,386,18,13,186,0.266449
5745,-102,833,75,386,17,12,185,0.005859
5745,-102,842,75,386,17,14,186,-0.641556
5745,-102,834,75,386,15,15,187,-2.756920
5745,-102,830,75,386,15,12,186,-2.412033
5745,-102,830,75,386,16,13,186,-1.226227
5745,-102,831,75,386,17,14,187,-0.390587
5745,-102,832,75,386,16,14,185,-1.522652
5745,-102,838,75,386,17,12,185,-0.489311
5745,-102,829,75,386,15,12,186,-2.951744
5745,-102,829,75,386,18,12,186,0.693008
5745,-102,834,75,386,17,13,187,-0.745468
5745,-102,840,75,386,16,15,187,-1.792183
5745,-102,840,75,386,17,13,186,-0.239845
5745,-102,841,75,386,15,12,186,-3.656578
5745,-102,832,75,386,18,11,186,0.578506
5745,-102,841,75,386,15,12,186,-2.445358
5745,-102,835,75,386,18,11,186,0.219337
5745,-102,831,75,386,17,13,186,-0.530121
5745,-102,830,75,386,17,15,186,-0.943672
5745,-102,831,75,386,15,14,187,-2.463776
5745,-102,836,75,386,17,12,185,-0.452469
5745,-102,836,75,386,16,12,186,-2.280319
5745,-102,834,75,386,16,13,186,-1.135765
5745,-102,833,75,386,17,14,186,-0.604843
5745,-102,835,75,386,16,13,186,-1.117325
5745,-102,834,75,386,16,11,185,-1.190292
5745,-102,827,75,386,15,14,186,-2.317368
5745,-102,838,75,386,17,13,186,-0.320953
5765,-102,836,75,386,15,12,185,-2.335411
5765,-102,838,75,386,16,14,186,-1.360977
5765,-102,833,75,386,14,13,186,-4.248917
5765,-102,832,75,386,17,12,185,-1.259583
5765,-102,833,75,386,17,12,186,-1.665466
5765,-102,838,75,386,15,12,185,-2.643028
5765,-102,834,75,386,17,15,186,-0.187759
5765,-102,832,75,386,17,13,186,-0.224289
5765,-102,828,75,386,15,15,187,-2.935867
5765,-102,834,75,386,15,12,185,-2.271027
5765,-102,834,75,386,15,12,185,-2.130112
5765,-102,831,75,386,16,11,185,-1.035019
5765,-102,838,75,386,14,14,186,-3.765488
5765,-102,835,75,386,15,12,185,-2.694122
5765,-102,833,75,386,15,13,185,-2.504242
5765,-102,833,75,386,16,11,184,-1.602402
5765,-102,828,75,386,17,11,185,-0.285217
5765,-102,826,75,386,15,12,185,-2.193573
5765,-102,834,75,386,15,12,185,-2.380310
5765,-102,839,75,386,16,12,186,-1.149239
5765,-102,837,75,386,17,11,185,-0.374557
5765,-102,831,75,386,18,14,185,0.491913
5765,-102,833,75,386,16,12,185,-1.528091
5765,-102,830,75,386,16,13,187,-1.602356
5765,-102,836,75,386,16,12,186,-1.272110
5765,-102,833,75,386,18,14,186,0.577003
5765,-102,832,75,386,16,12,185,-1.356354
5765,-102,835,75,386,15,12,185,-2.231750
5765,-102,833,75,386,14,13,185,-3.769852
5765,-102,835,75,386,17,12,185,-0.161751
5765,-102,830,75,386,18,10,185,0.542229
5765,-102,828,75,386,15,11,184,-3.173706
5765,-102,831,75,386,17,15,186,-0.377548
5765,-102,829,75,386,17,11,185,-0.412323
5765,-102,832,75,386,15,14,186,-2.254745
5765,-102,832,75,386,16,10,184,-1.412949
5765,-102,834,75,386,15,12,185,-1.972870
5765,-102,838,75,386,15,12,186,-2.106964
5765,-102,840,75,386,13,12,186,-4.230148
5765,-102,831,75,386,16,13,185,-1.399368
5765,-102,837,75,386,15,14,186,-3.073853
5765,-102,830,75,386,17,14,185,0.066956
5765,-102,829,75,386,16,12,185,-1.061920
5765,-102,832,75,386,17,12,185,-0.334686
5765,-102,838,75,386,16,12,186,-1.776581
5765,-102,833,75,386,15,13,186,-3.670654
5765,-102,825,75,386,16,12,185,-1.326187
5765,-102,832,75,386,17,12,186,-0.430908
5765,-102,837,75,386,16,11,184,-1.220993
5765,-102,833,75,386,16,14,187,-1.359879
5765,-102,826,75,386,17,12,185,-0.425667
5765,-102,838,75,386,17,15,186,-0.158356
5765,-102,830,75,386,16,11,184,-1.214165
5765,-102,835,75,386,14,11,185,-3.728256
5765,-102,830,75,386,16,12,185,-1.096451
5765,-102,826,75,386,17,13,184,-0.153664
5765,-102,836,75,386,17,11,184,-0.208145
5765,-102,826,75,386,17,13,184,-0.367889
5765,-102,835,75,386,14,10,186,-3.510788
5765,-102,833,75,386,17,15,187,0.043991
5765,-102,830,75,386,18,12,185,0.715591
5765,-102,832,75,386,14,14,186,-3.547394
5765,-102,833,75,386,17,12,185,-0.665054
5765,-102,833,75,386,14,12,185,-3.548500
5765,-102,832,75,386,17,12,185,-0.292862
5765,-102,827,75,386,16,13,185,-1.898224
5765,-102,837,75,386,16,14,186,-1.668114
5765,-102,832,75,386,16,13,185,-1.393402
5765,-102,826,75,386,17,14,184,-0.952621
5765,-102,833,75,386,15,14,186,-2.364136
5765,-102,830,75,386,18,13,185,0.729507
5765,-102,826,75,386,17,12,184,-0.451813
5765,-102,832,75,386,15,13,186,-2.348419
5765,-102,836,75,386,16,12,186,-1.401108
5765,-102,825,75,386,15,12,184,-2.095657
5765,-102,833,75,386,16,14,186,-1.433060
5765,-102,832,75,386,16,13,185,-1.136795
5765,-102,833,75,386,16,13,186,-2.297676
5765,-102,838,75,386,16,12,186,-1.222321
5765,-102,828,75,386,16,10,185,-2.259171
5765,-102,833,75,386,15,12,185,-2.325592
5765,-102,829,75,386,16,12,185,-1.701736
5765,-102,831,75,386,18,14,186,0.811356
5765,-102,829,75,386,16,11,185,-1.562805
5765,-102,838,75,386,15,12,186,-2.729485
5765,-102,833,75,386,17,12,184,-0.643272
5765,-102,838,75,386,19,13,186,1.391548
5765,-102,830,75,386,16,15,185,-1.556534
5765,-102,833,75,386,14,11,185,-4.218765
5765,-102,831,75,386,16,11,185,-1.208023
5765,-102,828,75,386,17,10,184,-0.195343
5765,-102,834,75,386,16,13,185,-1.507851
5765,-102,830,75,386,18,13,185,0.519562
5765,-102,840,75,386,15,13,185,-2.027664
5765,-102,828,75,386,16,11,184,-1.694733
5765,-102,833,75,386,15,13,186,-2.242439
5765,-102,836,75,386,14,13,185,-3.859451
5765,-102,832,75,386,17,14,186,-0.546295
5765,-102,831,75,386,14,13,186,-3.515381
5765,-102,831,75,386,13,11,185,-4.486191
5765,-102,838,75,386,17,12,185,-1.232742
5765,-102,833,75,386,14,10,185,-3.494316
5765,-102,835,75,386,14,13,185,-3.451050
5765,-102,832,75,386,16,14,186,-1.136932
5765,-102,828,75,386,16,12,185,-1.203957
5765,-102,836,75,386,16,12,185,-1.462158
5765,-102,829,75,386,17,11,185,-0.379410
5765,-102,831,75,386,18,11,185,0.463234
5765,-102,829,75,386,17,11,185,-1.073456
5765,-102,836,75,386,16,13,185,-1.515404
5765,-102,835,75,386,16,12,185,-1.921661
5765,-102,839,75,386,17,11,185,-0.471504
5765,-102,836,75,386,16,12,186,-1.347031
5765,-102,838,75,386,16,14,187,-1.121399
5765,-102,830,75,386,15,14,186,-2.705185
5765,-102,839,75,386,13,14,185,-4.166382
5765,-102,832,75,386,15,12,184,-2.682297
5765,-102,839,75,386,15,14,186,-2.230637
5765,-102,828,75,386,16,12,185,-0.918350
5765,-102,833,75,386,17,14,186,-0.219482
5765,-102,831,75,386,15,14,186,-2.730545
5765,-102,840,75,386,15,12,185,-2.253586
5765,-102,838,75,386,15,14,186,-3.650238
5765,-102,832,75,386,15,12,185,-2.227989
5765,-102,830,75,386,15,12,186,-2.756989
5765,-102,829,75,386,16,12,185,-1.001999
5765,-102,828,75,386,15,11,185,-1.976494
5765,-102,835,75,386,17,11,185,-0.190285
5765,-102,831,75,386,15,13,185,-1.921295
5765,-102,831,75,386,16,12,185,-1.413048
5765,-102,830,75,386,16,11,185,-1.989807
5765,-102,832,75,386,16,14,186,-1.055878
5765,-102,837,75,386,17,14,186,-0.561188
5765,-102,837,75,386,14,15,187,-3.508598
5765,-102,827,75,386,17,13,185,-0.364525
5765,-102,835,75,386,16,13,187,-1.741478
5765,-102,837,75,386,15,13,186,-2.769531
5765,-102,831,75,386,15,11,185,-2.310135
5765,-102,832,75,386,16,12,184,-1.000671
5765,-102,838,75,386,17,14,186,-0.363770
5765,-102,835,75,386,16,11,185,-1.239876
5765,-102,834,75,386,17,12,186,-0.746605
5765,-102,833,75,386,17,12,186,-0.509079
5765,-102,828,75,386,15,12,185,-2.343735
5765,-102,832,75,386,16,11,185,-2.237610
5765,-102,837,75,386,17,11,186,-0.613754
5765,-102,835,75,386,16,10,185,-1.344940
5765,-102,832,75,386,16,13,186,-2.095840
5765,-102,839,75,386,14,13,186,-3.732529
5765,-102,833,75,386,15,11,185,-2.380661
5765,-102,834,75,386,16,11,185,-1.739166
5765,-102,830,75,386,16,13,185,-1.497406
5765,-102,837,75,386,16,12,185,-1.415085
5765,-102,834,75,386,16,14,187,-1.621094
5765,-102,826,75,386,17,12,184,-0.487473
5765,-102,838,75,386,16,13,184,-1.796432
5765,-102,832,75,386,15,11,185,-2.502136
5765,-102,836,75,386,16,14,186,-1.746826
5765,-102,842,75,386,18,11,185,0.754059
5765,-102,832,75,386,17,13,186,-0.118538
5765,-102,838,75,386,17,10,185,-0.507492
5765,-102,833,75,386,17,12,185,-0.328369
5765,-102,836,75,386,18,11,185,0.608063
5765,-102,828,75,386,16,13,186,-2.683075
5765,-102,832,75,386,17,13,186,-0.416412
5765,-102,836,75,386,19,10,185,1.504623
5765,-102,826,75,386,14,12,185,-3.030563
5765,-102,828,75,386,17,13,186,-1.652298
5765,-102,836,75,386,14,11,185,-3.298851
5765,-102,837,75,386,17,11,184,-0.794662
5765,-102,832,75,386,17,12,186,-0.319794
5765,-102,831,75,386,15,11,185,-2.324768
5765,-102,831,75,386,16,12,185,-1.207779
5765,-102,838,75,386,17,14,185,-0.202545
5765,-102,837,75,386,17,13,186,-0.331100
5765,-102,830,75,386,17,13,185,-0.419220
5765,-102,834,75,386,18,14,186,0.293945
5765,-102,836,75,386,17,13,187,-0.851212
5765,-102,832,75,386,15,10,184,-2.329041
5765,-102,833,75,386,17,14,185,-0.239510
5765,-102,827,75,386,16,12,185,-1.565575
5765,-102,835,75,386,16,12,186,-1.700775
5765,-102,833,75,386,15,11,185,-3.670288
5765,-102,837,75,386,15,13,185,-2.567978
5765,-102,839,75,386,16,12,185,-2.654915
5765,-102,831,75,386,15,14,186,-2.742210
5765,-102,835,75,386,15,13,186,-2.268509
5765,-102,826,75,386,16,12,184,-1.362183
5765,-102,833,75,386,16,13,186,-1.155479
5765,-102,828,75,386,15,12,185,-2.372841
5765,-102,837,75,386,15,13,185,-2.277557
5765,-102,843,75,386,17,13,186,-1.644608
5765,-102,831,75,386,17,12,186,-0.239136
5765,-102,837,75,386,15,13,186,-3.117981
5765,-102,837,75,386,18,11,186,0.715225
5765,-102,840,75,386,17,11,185,-0.284775
5765,-102,834,75,386,17,12,186,-0.656494
5765,-102,828,75,386,18,12,184,0.781708
5765,-102,835,75,386,16,13,186,-1.241089
5765,-102,833,75,386,16,16,186,-1.069702
5765,-102,841,75,386,15,12,185,-2.265289
5765,-102,828,75,386,15,11,185,-2.750610
5765,-102,840,75,386,17,15,186,-0.681038
5765,-102,834,75,386,14,11,184,-3.210785
5765,-102,829,75,386,16,12,185,-1.480865
5765,-102,825,75,386,14,13,185,-3.309311
5765,-102,838,75,386,19,13,186,1.755051
5765,-102,832,75,386,17,12,185,-0.341034
5765,-102,834,75,386,18,12,186,0.723007
5765,-102,832,75,386,15,13,186,-2.154823
5765,-102,834,75,386,18,11,184,0.728729
5765,-102,828,75,386,17,12,185,-0.238831
5765,-102,831,75,386,16,13,185,-0.956329
5765,-102,837,75,386,15,11,185,-2.341179
5765,-102,832,75,386,15,12,185,-2.174301
5765,-102,836,75,386,17,13,185,-0.705208
5765,-102,834,75,386,14,11,185,-3.387909
5765,-102,841,75,386,15,15,187,-2.526398
5765,-102,839,75,386,14,12,185,-3.093460
5765,-102,830,75,386,15,12,185,-2.400696
5765,-102,835,75,386,15,13,185,-2.487411
5765,-102,832,75,386,16,10,184,-1.046310
5765,-102,837,75,386,17,10,183,-0.451599
5765,-102,826,75,386,16,12,185,-1.721237
5765,-102,836,75,386,16,12,186,-1.699509
5765,-102,834,75,386,17,12,184,-0.301163
5765,-102,838,75,386,17,14,186,-0.303528
5765,-102,835,75,386,17,12,184,-0.289848
5765,-102,838,75,386,16,15,185,-2.000000
5765,-102,835,75,386,16,12,185,-1.329521
5765,-102,838,75,386,16,11,185,-1.543549
5765,-102,842,75,386,18,14,186,0.859474
5765,-102,836,75,386,17,12,185,-0.531448
5765,-102,831,75,386,15,12,185,-2.312546
5765,-102,838,75,386,16,11,185,-2.052780
5765,-102,832,75,386,18,13,184,0.401031
5765,-102,836,75,386,12,12,185,-5.386871
5765,-102,827,75,386,18,12,184,0.561279
5765,-102,830,75,386,16,13,185,-1.752785
5765,-102,832,75,386,18,13,186,0.829498
5765,-102,828,75,386,16,12,185,-1.523384
5765,-102,830,75,386,15,12,185,-2.575806
5765,-102,837,75,386,16,11,185,-1.272980
5765,-102,838,75,386,14,15,186,-4.660294
5765,-102,827,75,386,15,13,185,-2.224594
5765,-102,840,75,386,15,11,185,-2.347687
5765,-102,831,75,386,16,14,185,-1.300400
5765,-102,837,75,386,17,13,185,-0.430000
5765,-102,830,75,386,16,13,186,-1.427399
5765,-102,833,75,386,17,12,186,-0.738800
5765,-102,840,75,386,17,12,186,-0.322662
5765,-102,831,75,386,17,12,185,-0.591278
5765,-102,826,75,386,17,10,184,-0.709328
5765,-102,836,75,386,15,12,185,-2.442383
5765,-102,837,75,386,16,12,185,-1.360001
5765,-102,840,75,386,16,13,186,-1.429733
5765,-102,826,75,386,16,11,184,-1.173752
5765,-102,834,75,386,17,13,186,-0.241974
5765,-102,831,75,386,14,13,186,-3.430496
5765,-102,831,75,386,16,13,185,-1.154243
5765,-102,831,75,386,17,15,186,-0.338821
5765,-102,834,75,386,15,14,186,-2.377747
5765,-102,837,75,386,17,13,186,-0.415771
5765,-102,828,75,386,16,13,186,-1.241150
5765,-102,836,75,386,14,12,186,-3.211014
5765,-102,830,75,386,18,12,185,0.323723
5765,-102,836,75,386,17,12,185,-0.647697
5765,-102,832,75,386,17,13,186,-0.382927
5765,-102,830,75,386,15,10,184,-2.319901
5765,-102,830,75,386,15,14,186,-2.328453
5765,-102,833,75,386,17,12,186,-0.487373
5765,-102,839,75,386,14,13,185,-3.257645
5765,-102,837,75,386,17,12,185,-0.202850
5765,-102,837,75,386,15,12,186,-2.392174
5765,-102,827,75,386,16,13,185,-1.674217
5765,-102,835,75,386,18,11,185,-0.286156
5765,-102,826,75,386,17,13,186,-0.563591
5765,-102,835,75,386,15,13,185,-2.727989
5765,-102,838,75,386,16,14,187,-1.717224
5765,-102,838,75,386,16,14,186,-1.366882
5765,-102,839,75,386,15,12,185,-3.030228
5765,-102,835,75,386,16,13,186,-1.164253
5765,-102,834,75,386,18,11,186,0.747398
5765,-102,838,75,386,15,14,187,-2.246361
5765,-102,834,75,386,17,14,186,-0.112770
5765,-102,838,75,386,17,13,185,-0.975861
5765,-102,840,75,386,13,12,185,-4.062759
5765,-102,835,75,386,17,10,185,-0.774445
5765,-102,836,75,386,15,10,186,-2.362823
5765,-102,835,75,386,16,12,186,-1.171066
5765,-102,841,75,386,15,14,186,-2.423553
5765,-102,837,75,386,17,11,185,-0.723572
5765,-102,832,75,386,15,12,185,-3.005707
5765,-102,838,75,386,15,12,186,-2.367645
5765,-102,827,75,386,17,13,185,-0.154083
5765,-102,835,75,386,17,13,186,-0.176208
5765,-102,836,75,386,17,14,186,-0.764511
5765,-102,830,75,386,16,13,186,-1.799744
5765,-102,835,75,386,16,13,185,-0.984055
5765,-102,831,75,386,16,14,187,-1.299881
5765,-102,830,75,386,16,11,185,-1.162384
5765,-102,838,75,386,16,14,185,-1.412643
5765,-102,830,75,386,17,12,185,-0.585480
5765,-102,838,75,386,14,12,186,-3.824989
5765,-102,832,75,386,14,13,185,-3.222885
5765,-102,833,75,386,15,11,184,-2.133789
5765,-102,840,75,386,17,11,185,-0.217606
5765,-102,833,75,386,17,12,186,-0.461227
5765,-102,837,75,386,16,14,187,-1.434937
5765,-102,830,75,386,13,13,186,-4.255585
5765,-102,839,75,386,15,13,186,-2.352119
5765,-102,837,75,386,16,12,185,-1.538963
5765,-102,832,75,386,15,12,186,-2.236679
5765,-102,841,75,386,16,12,186,-1.560089
5765,-102,835,75,386,15,13,185,-2.301514
5765,-102,829,75,386,14,11,185,-3.327309
5765,-102,837,75,386,15,14,186,-2.258270
5765,-102,834,75,386,16,13,186,-1.351852
5765,-102,837,75,386,16,13,186,-1.735870
5765,-102,831,75,386,18,14,185,0.678833
5765,-102,838,75,386,16,11,184,-1.125244
5765,-102,840,75,386,17,11,186,-0.633087
5765,-102,825,75,386,15,10,185,-2.551849
5765,-102,830,75,386,17,14,186,-0.913452
5765,-102,836,75,386,14,14,186,-3.085602
5765,-102,835,75,386,14,14,187,-3.855072
5765,-102,835,75,386,17,11,185,-0.518997
5765,-102,840,75,386,16,15,186,-1.420670
5765,-102,832,75,386,17,14,186,-0.375214
5765,-102,828,75,386,16,12,185,-1.258286
5765,-102,830,75,386,16,12,185,-1.276375
5765,-102,831,75,386,15,13,185,-2.198570
5765,-102,835,75,386,17,12,185,-0.670425
5765,-102,835,75,386,17,12,186,-0.418091
5765,-102,835,75,386,17,11,185,-0.316994
5765,-102,834,75,386,16,12,186,-1.382263
5765,-102,839,75,386,16,11,186,-1.582108
5765,-102,838,75,386,18,14,186,0.746140
5765,-102,840,75,386,14,12,185,-3.171463
5765,-102,838,75,386,16,13,186,-1.540146
5765,-102,840,75,386,17,14,186,-0.097656
5765,-102,838,75,386,13,12,185,-4.396751
5765,-102,838,75,386,18,14,186,0.466675
5765,-102,832,75,386,16,13,186,-1.029831
5765,-102,835,75,386,16,12,186,-0.822357
5765,-102,830,75,386,16,12,185,-1.741547
5765,-102,831,75,386,14,12,187,-3.143906
5765,-102,840,75,386,15,10,185,-2.652573
5765,-102,840,75,386,15,11,185,-2.001297
5765,-102,831,75,386,14,14,186,-3.757935
5765,-102,833,75,386,15,13,184,-2.172684
5765,-102,832,75,386,15,11,185,-2.112053
5765,-102,832,75,386,14,13,185,-3.741623
5765,-102,829,75,386,16,13,187,-1.776985
5765,-102,836,75,386,17,14,186,-0.206177
5765,-102,828,75,386,16,13,185,-2.627869
5765,-102,839,75,386,15,14,185,-2.318306
5765,-102,838,75,386,16,11,186,-1.379501
5765,-102,835,75,386,15,12,185,-2.413284
5765,-102,835,75,386,17,13,186,-0.575058
5765,-102,831,75,386,15,15,186,-2.097748
5765,-102,833,75,386,17,11,184,-0.357346
5765,-102,834,75,386,17,14,186,-0.259880
5765,-102,832,75,386,15,13,186,-2.753502
5765,-102,839,75,386,17,13,186,-0.571198
5765,-102,842,75,386,17,14,186,-0.100830
5765,-102,837,75,386,14,12,185,-3.367569
5765,-102,835,75,386,16,13,186,-1.499695
5765,-102,835,75,386,16,13,187,-1.515320
5765,-102,837,75,386,17,15,185,-0.234741
5765,-102,832,75,386,16,12,185,-1.293091
5765,-102,831,75,386,17,14,186,-0.442703
5765,-102,828,75,386,17,11,185,-0.565125
5765,-102,837,75,386,15,13,185,-2.081604
5765,-102,839,75,386,15,14,186,-3.112061
5765,-102,835,75,386,16,13,187,-1.334854
5765,-102,835,75,386,16,11,185,-1.065392
5765,-102,837,75,386,16,12,185,-1.668015
5765,-102,834,75,386,14,15,187,-3.544907
5765,-102,836,75,386,16,11,185,-1.372299
5765,-102,834,75,386,14,11,185,-3.112144
5765,-102,834,75,386,19,12,185,1.704308
5765,-102,836,75,386,16,11,185,-1.292923
5765,-102,839,75,386,16,12,185,-1.230698
5765,-102,831,75,386,16,12,186,-1.716576
5765,-102,831,75,386,17,13,185,-0.297882
5765,-102,840,75,386,14,15,186,-3.379669
5765,-102,837,75,386,17,13,186,-0.773605
5765,-102,837,75,386,14,14,186,-3.228897
5765,-102,829,75,386,16,12,186,-1.246841
5765,-102,832,75,386,15,13,185,-2.318741
5765,-102,838,75,386,16,13,185,-2.073105
5765,-102,840,75,386,17,14,186,-0.356720
5765,-102,836,75,386,16,11,185,-1.148056
5765,-102,836,75,386,15,13,186,-2.556076
5765,-102,833,75,386,16,14,186,-1.259171
5765,-102,839,75,386,17,12,185,-0.507523
5765,-102,834,75,386,17,12,185,-0.339905
5765,-102,830,75,386,16,12,186,-1.424904
5765,-102,829,75,386,15,13,186,-2.443886
5765,-102,828,75,386,16,12,185,-1.772049
5765,-102,838,75,386,16,14,186,-1.184967
5765,-102,837,75,386,16,14,186,-1.370102
5765,-102,827,75,386,16,12,185,-1.220657
5765,-102,831,75,386,15,12,185,-3.036537
5765,-102,830,75,386,16,13,186,-1.367310
5765,-102,831,75,386,15,12,185,-2.440216
5765,-102,832,75,386,16,13,185,-1.311050
5765,-102,836,75,386,16,14,186,-1.020401
5765,-102,834,75,386,15,13,186,-2.375450
5765,-102,831,75,386,16,13,185,-2.085938
5765,-102,831,75,386,18,12,184,0.645416
5765,-102,835,75,386,16,13,186,-1.357582
5765,-102,830,75,386,15,11,185,-2.876015
5765,-102,837,75,386,14,13,186,-3.364868
5765,-102,836,75,386,16,14,186,-1.381287
5765,-102,839,75,386,15,13,186,-2.293510
5765,-102,837,75,386,17,14,186,-0.146088
5765,-102,831,75,386,15,11,186,-1.984512
5765,-102,839,75,386,15,11,185,-2.501038
5765,-102,828,75,386,15,11,184,-1.984024
5765,-102,834,75,386,16,14,186,-1.576614
5765,-102,831,75,386,16,12,185,-1.243576
5765,-102,834,75,386,16,13,186,-1.702972
5765,-102,832,75,386,16,13,186,-1.156326
5765,-102,833,75,386,18,12,186,0.121155
5765,-102,831,75,386,17,10,185,-0.885345
5765,-102,832,75,386,15,13,186,-2.422905
5765,-102,838,75,386,17,11,185,-0.708542
5765,-102,837,75,386,15,10,185,-2.464691
5765,-102,830,75,386,17,14,186,-0.535263
5765,-102,830,75,386,15,11,185,-2.246712
5765,-102,824,75,386,17,11,184,-0.300087
5765,-102,836,75,386,14,12,185,-4.238617
5765,-102,830,75,386,16,11,186,-1.733322
5765,-102,832,75,386,16,11,185,-1.040009
5765,-102,836,75,386,17,14,186,-0.625000
5765,-102,833,75,386,17,12,185,-0.171417
5765,-102,842,75,386,14,14,186,-3.099167
5765,-102,833,75,386,14,14,186,-3.809258
5765,-102,833,75,386,16,12,186,-1.795853
5765,-102,830,75,386,14,12,185,-3.375694
5765,-102,830,75,386,16,15,186,-1.214874
5765,-102,831,75,386,16,13,185,-1.580261
5765,-102,831,75,386,16,14,186,-1.449051
5765,-102,833,75,386,16,15,185,-1.434082
5765,-102,833,75,386,17,14,185,-0.556885
5765,-102,837,75,386,17,13,185,-1.252731
5765,-102,833,75,386,16,12,186,-1.286247
5765,-102,830,75,386,17,13,185,-0.286186
5765,-102,837,75,386,18,13,186,0.620499
5765,-102,838,75,386,17,12,186,-0.144043
5765,-102,830,75,386,17,12,185,-0.287598
5765,-102,833,75,386,16,11,185,-1.883377
5765,-102,838,75,386,16,13,185,-1.554947
5765,-102,833,75,386,17,12,185,-0.858810
5765,-102,842,75,386,15,15,186,-2.687935
5765,-102,836,75,386,16,11,185,-1.863739
5765,-102,837,75,386,13,11,185,-4.442795
5765,-102,832,75,386,15,11,186,-2.403641
5765,-102,831,75,386,14,14,186,-3.732559
5765,-102,834,75,386,15,13,184,-2.702583
5765,-102,831,75,386,15,11,186,-2.918106
5765,-102,832,75,386,15,12,184,-2.398590
5765,-102,837,75,386,14,13,186,-3.724976
5765,-102,832,75,386,16,11,185,-1.249718
5765,-102,834,75,386,17,13,185,-0.717392
5765,-102,828,75,386,16,11,184,-1.325333
5765,-102,831,75,386,15,12,186,-2.813751
5765,-102,834,75,386,16,11,186,-1.738907
5765,-102,831,75,386,17,13,185,-0.235504
5765,-102,836,75,386,16,12,185,-1.057709
5765,-102,835,75,386,16,14,186,-1.537018
5765,-102,836,75,386,16,13,186,-1.238594
5765,-102,831,75,386,15,13,186,-2.267899
5765,-102,827,75,386,18,11,184,0.602493
5765,-102,830,75,386,17,13,186,-0.342323
5765,-102,840,75,386,16,14,186,-1.441040
5765,-102,832,75,386,16,13,186,-2.067596
5765,-102,834,75,386,14,14,186,-3.377655
5765,-102,834,75,386,16,14,187,-1.515587
5765,-102,830,75,386,16,11,184,-1.181335
5765,-102,838,75,386,14,12,185,-3.453247
5765,-102,832,75,386,16,13,185,-1.370605
5765,-102,835,75,386,16,13,186,-1.501007
5765,-102,836,75,386,16,14,187,-1.803711
5765,-102,830,75,386,14,13,186,-4.123390
5765,-102,836,75,386,16,12,185,-1.535194
5765,-102,836,75,386,15,12,186,-2.447342
5765,-102,833,75,386,13,13,186,-4.756195
5765,-102,833,75,386,17,11,184,-1.551826
5765,-102,831,75,386,17,13,185,-0.568382
5765,-102,831,75,386,16,12,184,-1.481873
5765,-102,838,75,386,16,11,185,-1.620079
5765,-102,828,75,386,14,10,184,-3.659943
5765,-102,834,75,386,16,11,185,-1.691910
5765,-102,835,75,386,18,12,185,0.649216
5765,-102,839,75,386,17,12,186,-0.357063
5765,-102,831,75,386,15,12,185,-2.531326
5765,-102,836,75,386,13,12,186,-4.813263
5765,-102,833,75,386,14,12,185,-3.177536
5765,-102,830,75,386,17,15,187,-0.272888
5765,-102,826,75,386,15,9,184,-3.206146
5765,-102,830,75,386,17,11,184,-0.057678
5765,-102,833,75,386,15,14,186,-2.449799
5765,-102,834,75,386,16,13,186,-1.604332
5765,-102,830,75,386,17,11,184,-0.468369
5765,-102,830,75,386,17,14,185,-0.160904
5765,-102,832,75,386,17,11,186,-0.423859
5765,-102,832,75,386,15,12,186,-2.563568
5765,-102,834,75,386,16,12,185,-1.762924
5765,-102,832,75,386,18,12,184,-0.177414
5765,-102,831,75,386,18,11,184,-0.176918
5765,-102,832,75,386,16,13,185,-1.497597
5765,-102,836,75,386,15,16,186,-3.666641
5765,-102,840,75,386,15,14,186,-2.904968
5765,-102,835,75,386,17,12,185,-0.709419
5765,-102,831,75,386,17,12,185,-0.272888
5765,-102,834,75,386,17,14,186,-0.400223
5765,-102,829,75,386,14,11,184,-3.348907
5765,-102,826,75,386,18,12,184,0.853424
5765,-102,827,75,386,16,13,185,-2.253159
5765,-102,831,75,386,17,13,185,-0.514946
5765,-102,843,75,386,17,12,186,-0.260742
5765,-102,831,75,386,14,10,186,-3.055267
5765,-102,826,75,386,16,12,185,-1.654930
5765,-102,832,75,386,15,12,186,-3.054245
5765,-102,833,75,386,14,11,185,-3.235336
5765,-102,831,75,386,17,12,185,-0.542862
5765,-102,831,75,386,17,15,187,-0.408646
5765,-102,829,75,386,15,11,185,-2.496048
5765,-102,832,75,386,17,13,186,-0.240845
5765,-102,828,75,386,16,12,185,-1.586548
5765,-102,833,75,386,16,11,185,-1.418251
5765,-102,835,75,386,13,12,185,-4.690918
5765,-102,830,75,386,14,12,186,-3.261551
5765,-102,832,75,386,16,13,186,-1.382477
5765,-102,837,75,386,18,12,185,0.794495
5765,-102,830,75,386,18,12,186,-0.071922
5765,-102,834,75,386,15,15,186,-3.665878
5765,-102,837,75,386,15,11,185,-2.043716
5765,-102,832,75,386,16,10,185,-1.310486
5765,-102,838,75,386,15,13,186,-3.680931
5765,-102,832,75,386,17,13,185,-0.155113
5765,-102,833,75,386,15,12,185,-2.763496
5765,-102,834,75,386,17,10,185,-1.617340
5765,-102,834,75,386,16,11,184,-1.667786
5765,-102,838,75,386,17,14,187,-0.518402
5765,-102,832,75,386,17,12,185,-0.560028
5765,-102,829,75,386,18,14,186,0.732162
5765,-102,838,75,386,16,13,186,-1.486313
5765,-102,833,75,386,16,13,186,-1.242241
5765,-102,827,75,386,16,12,186,-1.190521
5765,-102,834,75,386,16,11,184,-1.344955
5765,-102,827,75,386,14,14,186,-3.594147
5765,-102,827,75,386,15,13,184,-3.552246
5765,-102,831,75,386,16,12,185,-1.285095
5765,-102,830,75,386,16,12,185,-1.101822
5765,-102,831,75,386,15,13,186,-2.388550
5765,-102,835,75,386,13,15,186,-4.496658
5765,-102,836,75,386,15,12,185,-2.469688
5765,-102,830,75,386,16,14,186,-1.484863
5765,-102,838,75,386,13,15,186,-4.358719
5765,-102,837,75,386,16,12,186,-1.193031
5765,-102,838,75,386,16,13,187,-1.217377
5765,-102,830,75,386,17,11,186,-1.108093
5765,-102,828,75,386,15,9,184,-2.291565
5765,-102,828,75,386,15,13,185,-3.273697
5765,-102,834,75,386,16,13,185,-1.763557
5765,-102,833,75,386,14,12,186,-3.766510
5765,-102,832,75,386,15,12,185,-2.035355
5765,-102,833,75,386,17,13,185,-0.513107
5765,-102,839,75,386,19,11,185,1.886604
5765,-102,826,75,386,17,11,184,-0.316528
5765,-102,832,75,386,16,12,186,-1.260040
5765,-102,832,75,386,15,12,185,-2.747665
5765,-102,836,75,386,18,11,184,0.699600
5765,-102,832,75,386,15,14,185,-2.491730
5765,-102,834,75,386,17,14,185,-0.341591
5765,-102,835,75,386,15,15,187,-2.161667
5765,-102,826,75,386,17,10,185,-0.668533
5765,-102,836,75,386,17,13,185,0.038559
5765,-102,835,75,386,15,13,185,-2.447319
5765,-102,838,75,386,17,14,186,-0.464500
5765,-102,831,75,386,18,12,185,0.631439
5765,-102,829,75,386,16,13,186,-1.427979
5765,-102,828,75,386,16,11,184,-0.901566
5765,-102,841,75,386,17,12,186,-0.276268
5765,-102,830,75,386,17,14,185,-0.100761
5765,-102,833,75,386,14,13,186,-3.361740
5765,-102,836,75,386,17,12,186,-0.883636
5765,-102,827,75,386,17,11,185,-0.644669
5765,-102,833,75,386,17,13,185,-0.132660
5765,-102,831,75,386,17,15,187,-0.462975
5765,-102,838,75,386,15,13,186,-2.139565
5765,-102,830,75,386,15,13,186,-2.263214
5765,-102,834,75,386,17,14,186,-0.482834
5765,-102,836,75,386,15,12,185,-2.190979
5765,-102,830,75,386,17,11,184,-0.277039
5765,-102,835,75,386,16,12,186,-0.964249
5765,-102,830,75,386,16,12,186,-1.364288
5765,-102,835,75,386,17,15,185,-0.397743
5765,-102,834,75,386,14,12,185,-4.588959
5765,-102,834,75,386,15,11,184,-2.848160
5765,-102,830,75,386,16,9,185,-1.730164
5765,-102,830,75,386,17,11,184,-0.459915
5765,-102,830,75,386,16,11,185,-2.080231
5765,-102,829,75,386,15,13,185,-2.387489
5765,-102,832,75,386,17,13,186,-0.932358
5765,-102,835,75,386,15,13,185,-2.161636
5765,-102,833,75,386,14,11,187,-4.135475
5765,-102,833,75,386,16,12,186,-1.040756
5765,-102,843,75,386,16,12,185,-1.676544
5765,-102,836,75,386,17,12,185,-0.154495
5765,-102,833,75,386,16,13,186,-1.249428
5765,-102,828,75,386,15,12,185,-2.980812
5765,-102,838,75,386,18,12,185,0.710953
5765,-102,833,75,386,15,14,186,-2.452339
5765,-102,836,75,386,16,13,186,-1.780128
5765,-102,829,75,386,16,13,186,-1.804642
5765,-102,838,75,386,15,14,187,-2.202637
5765,-102,833,75,386,17,12,185,-0.204475
5765,-102,836,75,386,15,13,185,-2.474274
5765,-102,827,75,386,16,11,186,-1.728981
5765,-102,830,75,386,17,12,185,-0.590576
5765,-102,839,75,386,14,13,186,-3.474106
5765,-102,838,75,386,15,13,186,-2.544983
5765,-102,832,75,386,17,12,185,-0.203979
5765,-102,834,75,386,18,14,186,0.065186
5765,-102,832,75,386,17,14,185,-0.473297
5765,-102,836,75,386,16,12,185,-1.776260
5765,-102,835,75,386,16,15,187,-2.138359
5765,-102,833,75,386,18,11,184,0.822510
5765,-102,838,75,386,17,12,186,-0.745377
5765,-102,827,75,386,15,12,186,-2.738739
5765,-102,828,75,386,12,13,186,-5.928879
5765,-102,830,75,386,17,12,185,-0.198730
5765,-102,837,75,386,14,12,185,-3.296104
5765,-102,834,75,386,16,13,185,-2.609879
5765,-102,828,75,386,16,14,185,-1.483521
5765,-102,828,75,386,16,12,185,-1.897163
5765,-102,832,75,386,17,12,186,-0.402267
5765,-102,837,75,386,17,12,185,-0.207085
5765,-102,832,75,386,17,11,186,-0.393723
5765,-102,828,75,386,18,13,185,0.464264
5765,-102,831,75,386,15,12,185,-2.224632
5765,-102,831,75,386,16,10,185,-1.310989
5765,-102,835,75,386,17,12,186,-0.479630
5765,-102,832,75,386,18,13,185,0.711037
5765,-102,831,75,386,17,13,185,-0.125565
5765,-102,835,75,386,15,12,185,-2.566399
5765,-102,835,75,386,15,13,185,-2.352325
5765,-102,832,75,386,16,14,185,-1.573853
5765,-102,833,75,386,16,13,185,-1.557716
5765,-102,836,75,386,17,12,185,-0.675888
5765,-102,832,75,386,14,12,185,-3.273552
5765,-102,832,75,386,17,13,186,-0.751251
5765,-102,827,75,386,16,12,186,-1.047653
5765,-102,831,75,386,16,12,184,-1.659050
5765,-102,833,75,386,17,15,186,-0.268555
5765,-102,833,75,386,16,12,186,-1.071991
5765,-102,830,75,386,15,13,185,-2.745544
5765,-102,835,75,386,17,13,185,-0.616920
5765,-102,831,75,386,15,11,185,-2.734818
5765,-102,831,75,386,17,10,185,-0.204788
5765,-102,830,75,386,16,10,185,-1.368889
5765,-102,828,75,386,16,12,185,-1.189316
5765,-102,835,75,386,17,12,186,-0.029709
5765,-102,827,75,386,15,12,185,-2.200546
5765,-102,832,75,386,16,11,186,-1.963455
5765,-102,838,75,386,15,13,185,-2.709618
5765,-102,832,75,386,14,14,186,-4.076324
5765,-102,835,75,386,16,14,186,-1.442993
5765,-102,832,75,386,15,11,185,-2.709793
5765,-102,833,75,386,17,12,185,-0.429932
5765,-102,834,75,386,18,13,186,0.841049
5765,-102,828,75,386,16,10,184,-1.391968
5765,-102,830,75,386,16,10,186,-1.292229
5765,-102,834,75,386,16,12,186,-1.751320
5765,-102,832,75,386,17,13,186,-0.429070
5765,-102,840,75,386,15,12,185,-2.068962
5765,-102,834,75,386,16,15,187,-1.526169
5765,-102,837,75,386,17,12,185,-1.626572
5765,-102,837,75,386,17,13,185,-0.340866
5765,-102,835,75,386,17,13,186,-0.734329
5765,-102,830,75,386,15,13,186,-2.414452
5765,-102,833,75,386,15,15,185,-2.187653
5765,-102,831,75,386,16,14,187,-1.268929
5765,-102,832,75,386,16,14,186,-1.278198
5785,-102,835,75,386,17,12,186,-0.319466
5785,-102,835,75,386,15,13,186,-2.109100
5785,-102,831,75,386,17,13,186,-0.588287
5785,-102,837,75,386,18,13,186,-0.251572
5785,-102,826,75,386,15,13,185,-2.335617
5785,-102,837,75,386,15,14,186,-2.167427
5785,-102,828,75,386,14,12,186,-3.274628
5785,-102,828,75,386,17,14,186,-0.397964
5785,-102,835,75,386,15,13,186,-2.115707
5785,-102,834,75,386,17,11,185,-1.248642
5785,-102,832,75,386,15,13,186,-2.295456
5785,-102,834,75,386,16,12,185,-1.509613
5785,-102,828,75,386,14,13,185,-3.379776
5785,-102,841,75,386,15,12,185,-2.341904
5785,-102,838,75,386,15,12,187,-2.359314
5785,-102,830,75,386,15,15,185,-2.469101
5785,-102,833,75,386,14,14,186,-3.030914
5785,-102,830,75,386,18,12,186,0.865425
5785,-102,836,75,386,17,12,185,-0.544983
5785,-102,837,75,386,17,13,186,-0.390762
5785,-102,833,75,386,15,13,186,-3.107239
5785,-102,830,75,386,14,15,186,-3.619247
5785,-102,838,75,386,14,11,185,-3.310966
5785,-102,828,75,386,16,14,186,-1.785507
5785,-102,833,75,386,13,14,186,-4.540619
5785,-102,838,75,386,16,10,185,-1.155380
5785,-102,833,75,386,16,12,184,-1.430862
5785,-102,828,75,386,17,12,185,-0.507492
5785,-102,835,75,386,15,12,185,-2.205147
5785,-102,835,75,386,16,11,184,-1.370491
5785,-102,834,75,386,17,12,186,-0.294960
5785,-102,828,75,386,15,13,186,-2.370865
5785,-102,830,75,386,15,13,186,-2.222389
5785,-102,831,75,386,16,10,185,-1.029343
5785,-102,830,75,386,16,14,186,-1.540451
5785,-102,831,75,386,16,12,185,-1.163086
5785,-102,830,75,386,14,12,186,-3.375053
5785,-102,834,75,386,16,14,186,-1.645782
5785,-102,833,75,386,16,16,186,-1.523132
5785,-102,826,75,386,14,12,184,-3.565895
5785,-102,831,75,386,15,12,185,-2.288895
5785,-102,831,75,386,16,13,186,-1.371353
5785,-102,829,75,386,17,12,186,-0.613281
5785,-102,832,75,386,15,14,186,-2.023209
5785,-102,831,75,386,13,11,185,-4.845024
5785,-102,836,75,386,15,14,186,-2.208511
5785,-102,834,75,386,15,11,185,-2.042412
5785,-102,832,75,386,16,13,186,-1.582672
5785,-102,837,75,386,14,13,186,-3.486313
5785,-102,833,75,386,15,13,186,-2.335968
5785,-102,836,75,386,16,13,185,-0.926727
5785,-102,831,75,386,16,13,187,-2.121849
5785,-102,832,75,386,16,13,185,-1.417389
5785,-102,833,75,386,17,11,185,-0.160660
5785,-102,830,75,386,18,12,185,-0.232506
5785,-102,831,75,386,16,14,185,-1.442978
5785,-102,831,75,386,14,11,185,-3.374573
5785,-102,831,75,386,17,12,186,-0.456566
5785,-102,831,75,386,14,11,185,-3.286591
5785,-102,835,75,386,12,13,186,-5.189209
5785,-102,833,75,386,14,11,185,-3.193130
5785,-102,829,75,386,15,14,185,-2.273636
5785,-102,825,75,386,14,13,185,-3.082047
5785,-102,831,75,386,15,13,186,-2.645096
5785,-102,830,75,386,16,12,185,-1.266617
5785,-102,837,75,386,16,12,186,-1.296104
5785,-102,837,75,386,16,13,186,-1.209808
5785,-102,833,75,386,15,15,186,-2.073044
5785,-102,831,75,386,16,11,185,-1.693977
5785,-102,830,75,386,14,13,185,-3.799683
5785,-102,831,75,386,15,12,185,-2.419189
5785,-102,834,75,386,13,14,186,-4.773758
5785,-102,831,75,386,17,11,186,-0.219559
5785,-102,831,75,386,17,11,185,-0.141365
5785,-102,830,75,386,14,12,185,-3.705864
5785,-102,828,75,386,18,10,185,0.652611
5785,-102,834,75,386,14,12,186,-3.346222
5785,-102,832,75,386,17,14,186,-0.115143
5785,-102,839,75,386,14,13,186,-3.224991
5785,-102,835,75,386,13,13,185,-4.033371
5785,-102,826,75,386,15,13,185,-2.188889
5785,-102,828,75,386,15,13,185,-2.783371
5785,-102,836,75,386,15,12,186,-2.799438
5785,-102,835,75,386,14,12,185,-3.595276
5785,-102,835,75,386,15,14,186,-2.278687
5785,-102,828,75,386,14,12,185,-3.079239
5785,-102,831,75,386,15,11,185,-3.068527
5785,-102,836,75,386,16,13,185,-1.319809
5785,-102,830,75,386,15,12,185,-2.372177
5785,-102,832,75,386,16,14,185,-1.216568
5785,-102,826,75,386,16,12,184,-1.260590
5785,-102,829,75,386,16,12,186,-1.136475
5785,-102,828,75,386,16,12,185,-0.980927
5785,-102,834,75,386,15,12,186,-2.593552
5785,-102,835,75,386,16,12,185,-1.714539
5785,-102,831,75,386,16,13,186,-1.136093
5785,-102,837,75,386,16,13,186,-1.777359
5785,-102,826,75,386,16,12,185,-1.293167
5785,-102,835,75,386,14,16,187,-2.988411
5785,-102,837,75,386,15,10,184,-2.683472
5785,-102,830,75,386,18,15,185,0.650352
5785,-102,835,75,386,15,11,186,-2.479286
5785,-102,835,75,386,15,14,187,-2.313660
5785,-102,835,75,386,15,12,185,-2.186661
5785,-102,839,75,386,15,13,186,-2.074135
5785,-102,833,75,386,16,12,185,-1.160286
5785,-102,840,75,386,16,14,186,-1.370697
5785,-102,834,75,386,15,14,186,-2.249603
5785,-102,831,75,386,15,14,186,-2.268974
5785,-102,834,75,386,16,13,186,-1.323723
5785,-102,833,75,386,17,13,186,-0.247437
5785,-102,834,75,386,15,13,185,-2.022903
5785,-102,830,75,386,14,15,185,-3.739349
5785,-102,835,75,386,16,12,186,-1.617935
5785,-102,835,75,386,16,13,185,-1.505585
5785,-102,836,75,386,14,13,186,-3.729317
5785,-102,840,75,386,16,13,186,-1.338226
5785,-102,833,75,386,15,13,185,-2.544373
5785,-102,833,75,386,16,13,185,-1.331833
5785,-102,837,75,386,16,11,186,-1.906235
5785,-102,828,75,386,15,10,184,-2.260056
5785,-102,834,75,386,15,13,186,-2.644043
5785,-102,838,75,386,13,10,185,-4.336212
5785,-102,832,75,386,15,12,185,-2.725388
5785,-102,838,75,386,16,11,185,-1.505417
5785,-102,831,75,386,15,13,186,-2.369781
5785,-102,832,75,386,16,15,187,-1.644745
5785,-102,831,75,386,17,12,185,-0.539062
5785,-102,838,75,386,15,12,186,-2.585358
5785,-102,835,75,386,17,11,186,-1.078712
5785,-102,831,75,386,16,14,186,-1.611465
5785,-102,833,75,386,15,15,185,-2.837418
5785,-102,827,75,386,16,14,186,-1.281494
5785,-102,826,75,386,17,13,185,-0.282898
5785,-102,835,75,386,15,12,185,-3.246109
5785,-102,829,75,386,16,12,185,-1.325043
5785,-102,828,75,386,14,13,185,-3.217743
5785,-102,829,75,386,15,13,185,-3.213684
5785,-102,835,75,386,16,13,185,-1.393440
5785,-102,833,75,386,14,14,186,-3.748962
5785,-102,832,75,386,15,14,185,-2.563118
5785,-102,838,75,386,14,14,187,-3.226517
5785,-102,832,75,386,14,13,185,-3.842773
5785,-102,835,75,386,15,14,186,-2.861755
5785,-102,828,75,386,14,12,185,-3.284225
5785,-102,827,75,386,15,12,185,-3.627243
5785,-102,841,75,386,15,14,186,-3.215134
5785,-102,830,75,386,14,14,186,-3.199326
5785,-102,838,75,386,17,13,186,-0.739807
5785,-102,838,75,386,16,13,186,-1.077736
5785,-102,839,75,386,15,13,186,-2.357101
5785,-102,834,75,386,16,13,185,-1.162979
5785,-102,838,75,386,14,12,186,-3.493271
5785,-102,837,75,386,17,12,186,-0.247177
5785,-102,831,75,386,15,14,185,-2.324493
5785,-102,830,75,386,17,12,185,-0.079269
5785,-102,835,75,386,16,12,186,-2.296265
5785,-102,840,75,386,16,12,185,-1.499634
5785,-102,830,75,386,15,11,185,-2.859390
5785,-102,833,75,386,14,13,186,-3.559479
5785,-102,840,75,386,14,15,187,-3.547989
5785,-102,831,75,386,17,13,186,-0.426109
5785,-102,830,75,386,16,15,186,-1.433830
5785,-102,831,75,386,16,13,186,-1.323730
5785,-102,828,75,386,15,13,186,-1.970810
5785,-102,840,75,386,15,13,185,-2.428986
5785,-102,831,75,386,16,13,185,-1.375053
5785,-102,838,75,386,15,12,186,-2.049202
5785,-102,834,75,386,15,13,186,-2.612289
5785,-102,840,75,386,15,10,184,-2.508804
5785,-102,828,75,386,17,11,184,-1.008804
5785,-102,828,75,386,13,12,185,-4.138901
5785,-102,831,75,386,14,14,186,-3.163467
5785,-102,835,75,386,16,9,184,-1.494949
5785,-102,835,75,386,16,13,187,-1.154846
5785,-102,830,75,386,15,12,185,-2.275116
5785,-102,832,75,386,17,13,185,-0.324280
5785,-102,836,75,386,15,12,185,-2.360329
5785,-102,831,75,386,16,13,185,-1.440857
5785,-102,834,75,386,16,12,185,-1.290619
5785,-102,830,75,386,15,14,186,-3.688324
5785,-102,832,75,386,15,14,186,-2.310799
5785,-102,833,75,386,16,13,185,-1.503220
5785,-102,833,75,386,15,14,185,-2.349434
5785,-102,833,75,386,16,12,185,-1.513260
5785,-102,826,75,386,15,12,185,-2.698456
5785,-102,832,75,386,14,13,185,-3.353897
5785,-102,833,75,386,15,14,185,-2.118935
5785,-102,828,75,386,15,13,186,-2.511963
5785,-102,834,75,386,15,12,186,-2.213951
5785,-102,830,75,386,15,10,185,-2.734268
5785,-102,832,75,386,17,11,185,-0.270798
5785,-102,831,75,386,16,11,185,-1.384171
5785,-102,831,75,386,14,13,186,-3.319016
5785,-102,835,75,386,14,12,185,-4.259987
5785,-102,836,75,386,17,14,185,-0.208809
5785,-102,831,75,386,15,12,186,-2.391113
5785,-102,832,75,386,15,12,185,-2.332130
5785,-102,831,75,386,16,12,185,-2.049637
5785,-102,823,75,386,15,12,184,-2.120316
5785,-102,828,75,386,15,14,186,-2.578094
5785,-102,836,75,386,16,13,186,-1.610397
5785,-102,828,75,386,15,12,185,-2.341934
5785,-102,838,75,386,15,13,186,-3.099243
5785,-102,837,75,386,16,13,186,-1.147263
5785,-102,837,75,386,13,12,186,-4.940613
5785,-102,833,75,386,16,12,185,-1.226540
5785,-102,838,75,386,15,12,187,-2.344452
5785,-102,833,75,386,17,12,186,-0.534904
5785,-102,831,75,386,15,14,186,-2.515228
5785,-102,828,75,386,15,13,186,-2.368195
5785,-102,833,75,386,18,11,185,0.415649
5785,-102,837,75,386,17,11,186,-0.338844
5785,-102,832,75,386,15,14,186,-3.301086
5785,-102,834,75,386,15,13,186,-2.073479
5785,-102,830,75,386,16,14,186,-1.587090
5785,-102,830,75,386,15,12,185,-2.677467
5785,-102,827,75,386,16,12,185,-1.554626
5785,-102,833,75,386,17,10,185,-0.683006
5785,-102,829,75,386,15,14,186,-2.296066
5785,-102,832,75,386,16,13,186,-2.069168
5785,-102,832,75,386,16,13,185,-1.147751
5785,-102,832,75,386,15,11,185,-2.726379
5785,-102,839,75,386,16,13,185,-1.264557
5785,-102,828,75,386,17,13,186,-0.118103
5785,-102,826,75,386,15,9,183,-2.751488
5785,-102,830,75,386,16,13,185,-1.318100
5785,-102,840,75,386,16,12,185,-1.774933
5785,-102,832,75,386,13,12,185,-4.283905
5785,-102,828,75,386,15,13,186,-2.546921
5785,-102,833,75,386,17,15,186,0.013290
5785,-102,832,75,386,14,12,184,-3.333405
5785,-102,830,75,386,14,13,187,-3.037338
5785,-102,831,75,386,15,11,185,-2.410675
5785,-102,837,75,386,17,13,186,-0.695457
5785,-102,835,75,386,14,13,187,-3.433685
5785,-102,830,75,386,15,12,185,-2.770828
5785,-102,838,75,386,17,13,186,-0.258926
5785,-102,830,75,386,15,13,185,-2.385468
5785,-102,831,75,386,17,11,185,-0.577156
5785,-102,832,75,386,15,10,185,-2.359894
5785,-102,829,75,386,16,12,185,-2.226685
5785,-102,829,75,386,16,12,183,-1.273239
5785,-102,831,75,386,14,14,186,-3.612190
5785,-102,830,75,386,15,13,185,-2.136429
5785,-102,831,75,386,16,13,185,-1.892677
5785,-102,834,75,386,15,14,185,-2.344879
5785,-102,833,75,386,15,13,186,-2.288223
5785,-102,831,75,386,17,13,186,-0.810608
5785,-102,825,75,386,15,13,185,-2.389145
5785,-102,828,75,386,13,14,186,-4.129463
5785,-102,828,75,386,15,12,185,-2.343620
5785,-102,832,75,386,15,14,185,-2.461739
5785,-102,837,75,386,16,11,185,-1.346291
5785,-102,838,75,386,15,12,185,-2.024933
5785,-102,837,75,386,17,13,186,-1.656265
5785,-102,830,75,386,17,11,185,-0.454590
5785,-102,837,75,386,13,11,186,-4.456436
5785,-102,839,75,386,15,11,186,-2.398926
5785,-102,835,75,386,16,13,185,-1.695786
5785,-102,839,75,386,14,13,185,-3.527885
5785,-102,828,75,386,16,11,185,-1.702263
5785,-102,838,75,386,16,13,184,-1.347733
5785,-102,834,75,386,16,12,186,-1.138260
5785,-102,834,75,386,16,12,186,-1.469276
5785,-102,834,75,386,16,14,186,-1.127335
5785,-102,830,75,386,15,11,185,-2.211304
5785,-102,834,75,386,16,13,185,-1.536789
5785,-102,829,75,386,15,12,185,-2.315933
5785,-102,826,75,386,16,11,185,-1.203690
5785,-102,839,75,386,15,13,186,-2.400650
5785,-102,829,75,386,16,12,186,-1.143005
5785,-102,832,75,386,16,14,185,-1.681915
5785,-102,830,75,386,14,16,186,-3.450363
5785,-102,834,75,386,14,14,186,-4.071686
5785,-102,828,75,386,15,12,185,-2.878242
5785,-102,829,75,386,16,10,185,-1.424850
5785,-102,831,75,386,16,13,186,-1.336639
5785,-102,830,75,386,16,13,186,-1.503952
5785,-102,826,75,386,16,14,186,-1.279724
5785,-102,827,75,386,16,13,185,-2.057755
5785,-102,828,75,386,15,13,185,-2.318748
5785,-102,831,75,386,16,13,185,-1.711807
5785,-102,832,75,386,15,12,185,-3.231468
5785,-102,830,75,386,14,12,185,-3.319656
5785,-102,831,75,386,15,13,185,-2.574280
5785,-102,837,75,386,14,11,185,-3.221962
5785,-102,829,75,386,15,12,185,-2.692894
5785,-102,830,75,386,17,13,186,-0.593056
5785,-102,831,75,386,15,11,185,-2.249008
5785,-102,832,75,386,16,14,186,-1.565857
5785,-102,833,75,386,15,13,185,-2.528000
5785,-102,828,75,386,17,13,185,-0.531128
5785,-102,831,75,386,14,13,186,-3.391640
5785,-102,839,75,386,17,14,186,-0.304825
5785,-102,834,75,386,16,11,187,-1.259048
5785,-102,838,75,386,14,13,186,-3.696220
5785,-102,830,75,386,16,13,186,-1.206100
5785,-102,842,75,386,16,12,186,-1.333870
5785,-102,835,75,386,13,11,185,-4.074150
5785,-102,834,75,386,15,13,185,-2.327667
5785,-102,835,75,386,16,10,185,-1.705139
5785,-102,828,75,386,14,13,185,-3.210739
5785,-102,835,75,386,16,13,186,-1.318146
5785,-102,826,75,386,16,11,186,-1.227570
5785,-102,832,75,386,16,13,186,-1.288658
5785,-102,832,75,386,17,14,186,-0.513405
5785,-102,828,75,386,14,16,186,-3.543144
5785,-102,830,75,386,15,11,186,-2.385651
5785,-102,832,75,386,16,12,185,-1.504654
5785,-102,829,75,386,16,13,185,-1.594193
5785,-102,831,75,386,16,10,184,-1.996246
5785,-102,833,75,386,16,11,185,-1.315247
5785,-102,828,75,386,17,12,185,-0.056305
5785,-102,835,75,386,15,14,186,-2.370743
5785,-102,829,75,386,15,12,186,-2.415619
5785,-102,836,75,386,15,12,186,-2.259995
5785,-102,830,75,386,16,11,186,-1.488235
5785,-102,838,75,386,15,12,186,-2.312958
5785,-102,832,75,386,15,12,185,-3.014297
5785,-102,826,75,386,15,12,184,-2.702316
5785,-102,835,75,386,13,13,186,-4.774704
5785,-102,832,75,386,15,12,185,-2.280769
5785,-102,831,75,386,17,13,186,-0.483063
5785,-102,831,75,386,14,12,185,-3.755615
5785,-102,835,75,386,15,13,186,-2.545181
5785,-102,836,75,386,16,12,185,-1.390839
5785,-102,830,75,386,16,13,186,-2.669128
5785,-102,826,75,386,15,11,185,-2.517281
5785,-102,829,75,386,16,14,186,-1.810913
5785,-102,832,75,386,15,11,185,-2.305740
5785,-102,839,75,386,17,13,187,-0.181206
5785,-102,834,75,386,17,11,185,-1.281906
5785,-102,838,75,386,17,10,185,-0.225304
5785,-102,835,75,386,15,10,185,-2.349197
5785,-102,832,75,386,16,13,186,-1.509354
5785,-102,831,75,386,16,13,186,-1.408096
5785,-102,826,75,386,16,13,185,-1.259750
5785,-102,831,75,386,16,11,185,-1.346603
5785,-102,830,75,386,14,13,185,-4.621254
5785,-102,838,75,386,14,11,185,-3.223846
5785,-102,833,75,386,15,11,185,-2.510887
5785,-102,834,75,386,16,13,187,-1.326187
5785,-102,832,75,386,14,13,187,-3.278549
5785,-102,832,75,386,15,14,186,-2.632919
5785,-102,830,75,386,18,12,185,0.307724
5785,-102,829,75,386,16,9,185,-1.859116
5785,-102,832,75,386,16,11,185,-1.222916
5785,-102,831,75,386,16,13,186,-1.416740
5785,-102,831,75,386,17,13,186,-0.484390
5785,-102,836,75,386,15,13,186,-2.604828
5785,-102,832,75,386,14,12,185,-4.259377
5785,-102,832,75,386,17,15,186,-0.301331
5785,-102,835,75,386,17,11,186,-0.152222
5785,-102,829,75,386,15,12,185,-2.353775
5785,-102,831,75,386,13,12,185,-4.213989
5785,-102,831,75,386,16,14,185,-1.635986
5785,-102,828,75,386,16,14,185,-2.626266
5785,-102,829,75,386,17,13,185,-0.764328
5785,-102,836,75,386,15,12,186,-2.380699
5785,-102,840,75,386,16,14,186,-1.809853
5785,-102,834,75,386,15,14,186,-2.294525
5785,-102,838,75,386,15,14,186,-2.419510
5785,-102,830,75,386,15,14,185,-2.093338
5785,-102,830,75,386,17,15,186,-1.075508
5785,-102,840,75,386,16,12,186,-1.233490
5785,-102,831,75,386,17,14,186,-1.063522
5785,-102,831,75,386,14,13,185,-3.700195
5785,-102,831,75,386,15,12,186,-2.254272
5785,-102,829,75,386,17,12,186,-0.089996
5785,-102,831,75,386,15,13,186,-2.573807
5785,-102,826,75,386,16,12,185,-1.213295
5785,-102,837,75,386,13,13,186,-5.072578
5785,-102,830,75,386,15,13,186,-2.378250
5785,-102,835,75,386,17,12,185,-0.654129
5785,-102,838,75,386,15,13,186,-2.348190
5785,-102,841,75,386,17,14,186,-0.325821
5785,-102,836,75,386,16,14,186,-1.313904
5785,-102,832,75,386,14,12,186,-4.082764
5785,-102,836,75,386,14,14,187,-3.817551
5785,-102,826,75,386,17,12,185,-0.271019
5785,-102,833,75,386,14,12,186,-3.140488
5785,-102,832,75,386,17,14,186,-0.289200
5785,-102,830,75,386,15,13,186,-2.291611
5785,-102,831,75,386,17,11,185,-0.423752
5785,-102,829,75,386,15,13,186,-2.094284
5785,-102,829,75,386,16,11,184,-1.810669
5785,-102,826,75,386,16,13,185,-1.207687
5785,-102,832,75,386,16,12,186,-1.259613
5785,-102,834,75,386,15,12,186,-2.472969
5785,-102,830,75,386,12,14,186,-5.483429
5785,-102,834,75,386,15,12,185,-2.353188
5785,-102,828,75,386,16,14,187,-1.309998
5785,-102,832,75,386,14,12,186,-3.585793
5785,-102,832,75,386,13,13,185,-5.600861
5785,-102,836,75,386,16,10,184,-1.378731
5785,-102,830,75,386,15,14,186,-2.326340
5785,-102,837,75,386,17,12,186,-0.150032
5785,-102,832,75,386,14,12,186,-3.127899
5785,-102,832,75,386,16,13,186,-1.222351
5785,-102,827,75,386,15,10,185,-2.111595
5785,-102,829,75,386,16,14,185,-1.184692
5785,-102,832,75,386,17,14,186,-0.216911
5785,-102,829,75,386,14,13,186,-4.676651
5785,-102,828,75,386,16,13,186,-2.126366
5785,-102,826,75,386,14,10,184,-4.585434
5785,-102,826,75,386,15,13,185,-2.521637
5785,-102,834,75,386,16,14,186,-1.184311
5785,-102,829,75,386,15,13,186,-2.575508
5785,-102,829,75,386,14,12,184,-3.272758
5785,-102,832,75,386,13,13,185,-4.259689
5785,-102,829,75,386,16,12,184,-1.527710
5785,-102,835,75,386,17,14,187,-0.470779
5785,-102,831,75,386,17,13,185,-0.773102
5785,-102,832,75,386,16,13,186,-1.506088
5785,-102,834,75,386,15,11,185,-2.114670
5785,-102,831,75,386,15,15,186,-2.776398
5785,-102,840,75,386,17,15,187,-0.226730
5785,-102,830,75,386,16,11,185,-1.533981
5785,-102,828,75,386,17,13,185,-0.022957
5785,-102,828,75,386,16,13,185,-1.221817
5785,-102,826,75,386,16,12,185,-1.764854
5785,-102,839,75,386,15,12,186,-2.187386
5785,-102,829,75,386,16,12,186,-1.241974
5785,-102,830,75,386,14,13,187,-3.636581
5785,-102,827,75,386,13,13,185,-4.218216
5785,-102,831,75,386,17,12,185,-0.640015
5785,-102,839,75,386,16,14,187,-1.191399
5785,-102,831,75,386,14,11,185,-3.701736
5785,-102,831,75,386,16,12,185,-1.660736
5785,-102,837,75,386,17,12,185,-0.731079
5785,-102,826,75,386,15,13,186,-2.631088
5785,-102,832,75,386,17,13,185,-0.781158
5785,-102,836,75,386,14,15,186,-3.236610
5785,-102,830,75,386,15,14,186,-2.541161
5785,-102,833,75,386,17,12,185,-0.561508
5785,-102,828,75,386,15,13,185,-2.757339
5785,-102,835,75,386,16,12,186,-1.895485
5785,-102,830,75,386,15,13,186,-2.265549
5785,-102,835,75,386,17,12,186,-0.357689
5785,-102,838,75,386,16,15,187,-1.800041
5785,-102,831,75,386,16,14,186,-1.331917
5785,-102,830,75,386,15,12,186,-2.368973
5785,-102,832,75,386,14,14,185,-3.489525
5785,-102,831,75,386,15,14,187,-2.302834
5785,-102,826,75,386,16,12,185,-1.730377
5785,-102,836,75,386,16,13,186,-1.528069
5785,-102,828,75,386,16,14,186,-1.323990
5785,-102,838,75,386,16,12,185,-1.257401
5785,-102,830,75,386,16,13,186,-2.117432
5785,-102,827,75,386,16,11,185,-1.819321
5785,-102,838,75,386,16,12,185,-1.308044
5785,-102,826,75,386,16,11,184,-1.421867
5785,-102,830,75,386,14,12,185,-3.127129
5785,-102,826,75,386,16,10,185,-1.112488
5785,-102,826,75,386,16,11,185,-1.033905
5785,-102,827,75,386,15,13,186,-2.641769
5785,-102,832,75,386,15,11,186,-2.543091
5785,-102,834,75,386,15,15,186,-2.552277
5785,-102,826,75,386,18,13,185,0.801285
5785,-102,834,75,386,13,13,185,-4.869392
5785,-102,832,75,386,13,15,186,-4.452545
5785,-102,828,75,386,16,14,185,-1.332153
5785,-102,837,75,386,16,13,186,-1.393921
5785,-102,835,75,386,15,14,187,-2.541321
5785,-102,826,75,386,14,14,185,-3.477829
5785,-102,838,75,386,16,14,186,-1.170258
5785,-102,826,75,386,15,12,185,-1.973953
5785,-102,830,75,386,14,13,186,-3.303070
5785,-102,829,75,386,16,10,185,-1.522446
5785,-102,828,75,386,17,11,185,-0.781982
5785,-102,836,75,386,14,13,185,-3.745682
5785,-102,830,75,386,16,13,186,-1.475296
5785,-102,832,75,386,14,11,185,-3.341324
5785,-102,827,75,386,17,14,186,-0.087738
5785,-102,831,75,386,15,12,185,-2.692047
5785,-102,831,75,386,16,13,185,-1.319756
5785,-102,828,75,386,15,12,185,-2.407730
5785,-102,828,75,386,17,10,185,-0.874847
5785,-102,831,75,386,15,11,184,-2.253143
5785,-102,830,75,386,14,12,186,-3.404800
5785,-102,831,75,386,14,13,185,-4.031944
5785,-102,829,75,386,18,12,185,0.122757
5785,-102,833,75,386,16,14,186,-1.884399
5785,-102,826,75,386,16,14,186,-1.111748
5785,-102,835,75,386,14,15,187,-3.596725
5785,-102,830,75,386,15,13,186,-1.924591
5785,-102,830,75,386,16,11,184,-1.554962
5785,-102,835,75,386,16,14,186,-1.286903
5785,-102,828,75,386,16,13,185,-1.430038
5785,-102,830,75,386,16,11,185,-1.386322
5785,-102,839,75,386,18,12,186,0.473251
5785,-102,828,75,386,15,11,185,-2.758499
5785,-102,828,75,386,15,12,186,-2.405243
5785,-102,836,75,386,16,14,187,-1.439865
5785,-102,829,75,386,15,11,185,-3.226242
5785,-102,836,75,386,16,13,185,-1.655128
5785,-102,830,75,386,16,12,185,-1.693253
5785,-102,834,75,386,15,13,186,-2.777290
5785,-102,830,75,386,15,12,186,-2.187912
5785,-102,833,75,386,15,12,185,-2.183044
5785,-102,828,75,386,15,12,186,-2.414574
5785,-102,839,75,386,16,11,185,-1.793297
5785,-102,839,75,386,15,14,186,-2.771942
5785,-102,833,75,386,15,13,185,-2.341766
5785,-102,829,75,386,16,12,185,-1.356247
5785,-102,833,75,386,15,13,186,-2.526993
5785,-102,834,75,386,15,12,186,-2.145569
5785,-102,836,75,386,15,12,186,-2.562592
5785,-102,832,75,386,17,13,186,-0.381485
5785,-102,834,75,386,15,12,185,-2.628738
5785,-102,831,75,386,16,14,186,-1.573143
5785,-102,829,75,386,15,12,185,-2.584991
5785,-102,827,75,386,15,13,186,-2.542511
5785,-102,833,75,386,15,13,186,-2.373093
5785,-102,837,75,386,12,13,186,-5.227524
5785,-102,830,75,386,15,12,185,-2.270645
5785,-102,829,75,386,18,13,185,0.693077
5785,-102,833,75,386,14,11,184,-3.470421
5785,-102,831,75,386,15,11,185,-2.731880
5785,-102,834,75,386,14,11,186,-3.442184
5785,-102,839,75,386,14,13,186,-3.726799
5785,-102,837,75,386,16,13,186,-1.383743
5785,-102,833,75,386,16,12,185,-1.732834
5785,-102,835,75,386,15,11,185,-2.234703
5785,-102,831,75,386,14,12,186,-3.502235
5785,-102,839,75,386,16,12,184,-1.694931
5785,-102,833,75,386,17,13,185,-0.317093
5785,-102,836,75,386,16,12,185,-1.539001
5785,-102,839,75,386,15,12,186,-2.612762
5785,-102,831,75,386,14,12,186,-2.994781
5785,-102,828,75,386,15,12,184,-2.190735
5785,-102,833,75,386,17,13,185,-0.896164
5785,-102,833,75,386,16,13,185,-1.367477
5785,-102,840,75,386,15,12,186,-2.363075
5785,-102,834,75,386,16,11,185,-1.373718
5785,-102,833,75,386,16,14,186,-1.337936
5785,-102,831,75,386,16,11,186,-1.564133
5785,-102,832,75,386,16,12,186,-1.217422
5785,-102,831,75,386,15,12,186,-2.412231
5785,-102,839,75,386,17,11,185,-0.583328
5785,-102,836,75,386,14,13,186,-3.719902
5785,-102,832,75,386,16,14,185,-1.090302
5785,-102,838,75,386,15,11,186,-2.086227
5785,-102,834,75,386,14,11,184,-3.287544
5785,-102,831,75,386,13,11,185,-4.258728
5785,-102,833,75,386,17,12,185,-0.762161
5785,-102,837,75,386,12,12,185,-6.022690
5785,-102,833,75,386,16,13,186,-1.452240
5785,-102,826,75,386,15,13,186,-2.164001
5785,-102,836,75,386,15,10,186,-2.255280
5785,-102,826,75,386,15,13,186,-2.210327
5785,-102,827,75,386,16,13,185,-1.085938
5785,-102,830,75,386,17,12,185,-0.218307
5785,-102,831,75,386,16,14,186,-1.412949
5785,-102,835,75,386,16,15,187,-1.943771
5785,-102,839,75,386,15,14,187,-3.138405
5785,-102,840,75,386,16,13,185,-1.499512
5785,-102,834,75,386,15,13,185,-3.594635
5785,-102,833,75,386,15,12,184,-2.500351
5785,-102,829,75,386,17,12,185,-0.588303
5785,-102,831,75,386,16,12,186,-1.336990
5785,-102,832,75,386,17,13,186,-0.044800
5785,-102,830,75,386,17,13,185,-0.403374
5785,-102,829,75,386,14,13,186,-3.737244
5785,-102,834,75,386,16,12,185,-1.647980
5785,-102,830,75,386,15,13,186,-2.448792
5785,-102,835,75,386,15,11,185,-2.193878
5785,-102,834,75,386,16,12,186,-2.072449
5785,-102,836,75,386,15,12,185,-2.336578
5785,-102,837,75,386,17,11,185,-0.253693
5785,-102,835,75,386,16,11,186,-1.323494
5785,-102,828,75,386,14,13,185,-3.466980
5785,-102,829,75,386,16,13,186,-2.259857
5785,-102,834,75,386,15,13,185,-3.039391
5785,-102,840,75,386,17,12,186,-1.083260
5785,-102,830,75,386,15,15,186,-2.599457
5785,-102,825,75,386,15,15,186,-2.359795
5785,-102,833,75,386,16,13,187,-1.320755
5785,-102,830,75,386,15,14,185,-2.176018
5785,-102,834,75,386,16,12,186,-2.073547
5785,-102,831,75,386,17,12,186,-0.920174
5785,-102,829,75,386,13,13,186,-4.537933
5785,-102,826,75,386,17,12,186,-1.304886
5785,-102,828,75,386,16,12,185,-1.172531
5785,-102,830,75,386,16,12,185,-1.507706
5785,-102,827,75,386,16,11,184,-1.150269
5785,-102,826,75,386,15,12,185,-2.362381
5785,-102,831,75,386,15,13,186,-2.485443
5785,-102,836,75,386,14,11,186,-3.038605
5785,-102,833,75,386,14,14,187,-3.559700
5785,-102,830,75,386,14,13,186,-3.181992
5785,-102,828,75,386,16,13,185,-1.000053
5785,-102,835,75,386,16,13,186,-1.955917
5785,-102,835,75,386,15,13,186,-2.597626
5785,-102,838,75,386,16,14,186,-1.525055
5785,-102,829,75,386,15,14,185,-2.574829
5785,-102,835,75,386,16,14,187,-1.741264
5785,-102,837,75,386,14,13,186,-3.075531
5785,-102,838,75,386,14,13,186,-3.512299
5785,-102,832,75,386,16,11,185,-1.454330
5785,-102,826,75,386,16,14,185,-1.889923
5785,-102,832,75,386,15,12,186,-2.531982
5785,-102,832,75,386,17,14,186,-0.484550
5785,-102,838,75,386,16,12,186,-1.413086
5785,-102,834,75,386,17,13,186,-0.736465
5785,-102,830,75,386,16,13,186,-1.309769
5785,-102,829,75,386,15,10,185,-2.359573
5785,-102,829,75,386,16,13,186,-1.262833
5785,-102,829,75,386,15,13,186,-2.909561
5785,-102,824,75,386,14,10,185,-3.578331
5785,-102,837,75,386,13,14,187,-4.822861
5785,-102,828,75,386,17,14,185,-0.194679
5785,-102,838,75,386,15,14,186,-2.364105
5785,-102,831,75,386,16,14,186,-1.190201
5785,-102,837,75,386,16,12,186,-1.590576
5785,-102,826,75,386,16,12,185,-1.707916
5785,-102,836,75,386,16,13,185,-1.182312
5785,-102,842,75,386,17,13,186,-1.614571
5785,-102,830,75,386,16,13,186,-1.561157
5785,-102,831,75,386,17,10,184,-0.486877
5785,-102,835,75,386,16,13,185,-1.437386
5785,-102,837,75,386,14,13,186,-3.731163
5785,-102,836,75,386,16,13,186,-1.347374
5785,-102,832,75,386,15,15,186,-2.316452
5785,-102,832,75,386,15,12,185,-2.462799
5785,-102,832,75,386,14,14,186,-2.909027
5785,-102,831,75,386,16,12,185,-1.128082
5785,-102,824,75,386,17,12,184,-0.500587
5785,-102,837,75,386,16,10,186,-1.372742
5785,-102,830,75,386,14,12,185,-3.195984
5785,-102,833,75,386,16,13,186,-1.382858
5785,-102,830,75,386,17,12,185,-0.584747
5785,-102,834,75,386,15,11,185,-2.677948
5785,-102,838,75,386,15,12,185,-2.741684
5785,-102,824,75,386,16,12,185,-1.880814
5785,-102,836,75,386,15,10,185,-2.850571
5785,-102,834,75,386,16,12,186,-0.996765
5785,-102,832,75,386,17,12,185,-0.107956
5785,-102,831,75,386,15,12,186,-2.368149
5785,-102,829,75,386,15,12,185,-2.482735
5785,-102,833,75,386,17,11,185,-0.387405
5785,-102,828,75,386,17,13,185,-0.781128
5785,-102,830,75,386,17,11,185,-0.368393
5785,-102,832,75,386,15,14,186,-2.509827
5785,-102,837,75,386,14,12,185,-3.543198
5785,-102,826,75,386,15,11,185,-2.244980
5785,-102,835,75,386,16,11,184,-1.199081
5785,-102,833,75,386,15,11,184,-2.471909
5785,-102,833,75,386,17,12,185,-0.714767
5785,-102,833,75,386,15,12,186,-3.647148
5785,-102,838,75,386,16,12,186,-1.333221
5785,-102,838,75,386,15,14,187,-2.943878
5785,-102,834,75,386,17,13,186,-0.432327
5785,-102,839,75,386,16,13,186,-1.310883
5785,-102,827,75,386,16,12,185,-1.415756
5785,-102,831,75,386,16,13,185,-1.362854
5785,-102,838,75,386,17,15,186,-0.886879
5785,-102,830,75,386,17,10,186,-0.627296
5785,-102,833,75,386,16,12,187,-1.177429
5785,-102,831,75,386,15,12,185,-2.215515
5785,-102,833,75,386,15,13,185,-2.866707
5785,-102,829,75,386,17,15,186,-0.257286
5785,-102,834,75,386,16,13,186,-1.931160
5785,-102,835,75,386,16,12,186,-1.155014
5785,-102,836,75,386,15,12,186,-2.128349
5785,-102,829,75,386,16,12,185,-1.421005
5785,-102,841,75,386,14,13,186,-3.722244
5785,-102,838,75,386,16,11,184,-1.283630
5785,-102,831,75,386,14,11,185,-3.384392
5785,-102,833,75,386,15,13,186,-2.618393
5785,-102,836,75,386,16,13,186,-1.269913
5785,-102,827,75,386,14,12,184,-3.337708
5785,-102,834,75,386,16,12,186,-0.993103
5785,-102,832,75,386,16,13,185,-1.049271
5785,-102,838,75,386,16,12,185,-1.524841
5785,-102,830,75,386,16,11,185,-1.068802
5785,-102,830,75,386,16,12,185,-1.315170
5785,-102,832,75,386,17,13,185,-0.392822
5785,-102,829,75,386,16,14,185,-1.488007
5785,-102,833,75,386,14,13,186,-3.385574
5785,-102,836,75,386,14,13,187,-3.743561
5785,-102,832,75,386,16,10,185,-1.322052
5785,-102,834,75,386,16,13,186,-1.117203
5785,-102,829,75,386,17,12,184,-1.194534
5785,-102,836,75,386,17,13,185,-0.765831
5785,-102,831,75,386,17,12,186,-0.273811
5785,-102,835,75,386,13,11,186,-4.544609
5785,-102,830,75,386,15,11,185,-2.366470
5805,-102,832,75,386,16,12,186,-1.507278
5805,-102,837,75,386,15,11,186,-2.562439
5805,-102,830,75,386,17,13,187,-0.342926
5805,-102,831,75,386,14,16,187,-3.275787
5805,-102,836,75,386,16,12,186,-1.511673
5805,-102,840,75,386,14,13,186,-3.929413
5805,-102,829,75,386,15,11,187,-2.344711
5805,-102,836,75,386,15,14,187,-2.023697
5805,-102,834,75,386,16,14,187,-1.244797
5805,-102,830,75,386,16,14,187,-1.341019
5805,-102,827,75,386,15,12,185,-2.773560
5805,-102,833,75,386,16,14,185,-1.387390
5805,-102,836,75,386,17,13,186,-0.880806
5805,-102,832,75,386,15,13,186,-2.260292
5805,-102,836,75,386,16,12,186,-1.259323
5805,-102,828,75,386,16,11,186,-1.317032
5805,-102,830,75,386,17,14,186,-0.395813
5805,-102,840,75,386,18,13,187,0.225540
5805,-102,833,75,386,14,14,186,-3.571289
5805,-102,831,75,386,16,12,186,-1.727226
5805,-102,833,75,386,15,13,186,-2.177170
5805,-102,831,75,386,16,10,186,-1.437531
5805,-102,836,75,386,16,12,187,-1.552063
5805,-102,834,75,386,14,12,185,-3.319199
5805,-102,826,75,386,14,14,186,-3.052261
5805,-102,831,75,386,17,14,187,-0.982140
5805,-102,835,75,386,13,14,186,-4.333435
5805,-102,830,75,386,16,14,185,-1.472977
5805,-102,840,75,386,17,13,187,-0.132362
5805,-102,833,75,386,14,13,187,-3.237579
5805,-102,830,75,386,13,13,186,-4.290054
5805,-102,836,75,386,16,12,187,-1.632935
5805,-102,840,75,386,16,13,186,-1.139397
5805,-102,832,75,386,12,13,186,-5.335548
5805,-102,830,75,386,16,11,187,-1.235504
5805,-102,832,75,386,13,14,187,-4.651031
5805,-102,838,75,386,16,12,186,-1.566422
5805,-102,834,75,386,16,14,186,-1.398178
5805,-102,835,75,386,14,13,187,-3.294281
5805,-102,828,75,386,15,13,186,-2.293640
5805,-102,831,75,386,15,12,186,-3.294540
5805,-102,836,75,386,15,12,187,-2.320976
5805,-102,831,75,386,14,14,187,-3.427864
5805,-102,833,75,386,15,14,187,-3.334076
5805,-102,828,75,386,14,14,187,-3.319313
5805,-102,835,75,386,16,12,186,-1.082909
5805,-102,828,75,386,17,14,187,-0.547241
5805,-102,842,75,386,16,11,186,-1.584930
5805,-102,836,75,386,15,12,187,-2.414497
5805,-102,831,75,386,16,13,188,-1.185837
5805,-102,831,75,386,16,14,187,-1.290482
5805,-102,826,75,386,17,14,185,-0.332840
5805,-102,843,75,386,17,11,186,-0.290321
5805,-102,840,75,386,16,11,186,-1.072044
5805,-102,836,75,386,16,14,187,-1.443542
5805,-102,834,75,386,16,14,187,-2.709297
5805,-102,831,75,386,15,12,185,-2.531433
5805,-102,836,75,386,16,14,187,-1.495514
5805,-102,835,75,386,16,15,187,-1.462875
5805,-102,835,75,386,15,11,185,-2.335648
5805,-102,838,75,386,16,13,186,-1.167664
5805,-102,835,75,386,16,14,186,-2.602005
5805,-102,832,75,386,17,14,187,-0.143402
5805,-102,832,75,386,15,13,187,-2.818298
5805,-102,837,75,386,13,11,186,-3.991562
5805,-102,836,75,386,13,12,186,-4.381088
5805,-102,837,75,386,17,14,187,-1.292099
5805,-102,838,75,386,15,12,186,-2.678505
5805,-102,836,75,386,15,13,187,-2.357346
5805,-102,828,75,386,14,11,185,-3.566772
5805,-102,833,75,386,16,12,186,-2.085945
5805,-102,831,75,386,15,12,186,-2.526657
5805,-102,833,75,386,15,12,186,-2.711075
5805,-102,841,75,386,15,13,186,-2.314575
5805,-102,828,75,386,14,11,185,-3.864273
5805,-102,841,75,386,16,12,187,-1.192085
5805,-102,830,75,386,15,13,187,-2.128265
5805,-102,824,75,386,15,9,184,-2.190689
5805,-102,836,75,386,17,13,187,-0.307930
5805,-102,839,75,386,14,12,187,-2.998917
5805,-102,840,75,386,17,12,186,-0.223831
5805,-102,837,75,386,17,12,186,-0.558334
5805,-102,831,75,386,14,11,185,-3.368950
5805,-102,830,75,386,15,14,186,-2.413574
5805,-102,838,75,386,15,11,186,-2.158722
5805,-102,835,75,386,17,13,185,-0.198349
5805,-102,836,75,386,15,16,187,-2.288795
5805,-102,828,75,386,17,13,187,-0.906380
5805,-102,828,75,386,14,14,185,-4.066681
5805,-102,832,75,386,15,14,187,-2.407997
5805,-102,832,75,386,14,13,186,-3.484772
5805,-102,838,75,386,17,13,186,-1.656921
5805,-102,831,75,386,16,13,186,-2.096169
5805,-102,830,75,386,16,15,187,-1.077675
5805,-102,832,75,386,14,13,186,-3.606262
5805,-102,830,75,386,14,13,186,-3.269150
5805,-102,830,75,386,16,11,186,-1.014328
5805,-102,830,75,386,15,14,186,-2.391029
5805,-102,829,75,386,16,12,186,-1.198456
5805,-102,831,75,386,17,14,187,-0.355026
5805,-102,832,75,386,14,13,186,-4.293236
5805,-102,828,75,386,16,12,186,-1.208817
5805,-102,828,75,386,15,13,186,-2.770828
5805,-102,833,75,386,13,12,187,-4.427597
5805,-102,837,75,386,14,13,188,-3.355240
5805,-102,839,75,386,16,14,186,-1.245209
5805,-102,828,75,386,13,12,185,-4.481308
5805,-102,838,75,386,15,11,186,-2.390030
5805,-102,832,75,386,14,12,187,-3.220139
5805,-102,837,75,386,16,13,187,-2.370667
5805,-102,832,75,386,17,9,187,-1.720734
5805,-102,833,75,386,16,11,186,-1.057663
5805,-102,829,75,386,15,12,185,-2.428131
5805,-102,833,75,386,16,12,186,-1.337730
5805,-102,835,75,386,14,12,187,-3.313675
5805,-102,826,75,386,14,14,187,-3.191612
5805,-102,837,75,386,16,14,186,-1.331955
5805,-102,828,75,386,14,13,185,-3.182716
5805,-102,834,75,386,15,12,186,-2.880157
5805,-102,830,75,386,16,13,187,-1.073700
5805,-102,833,75,386,15,12,187,-2.765190
5805,-102,833,75,386,16,12,186,-1.488686
5805,-102,836,75,386,16,14,187,-1.492050
5805,-102,831,75,386,14,14,186,-3.480942
5805,-102,838,75,386,16,13,186,-1.547760
5805,-102,835,75,386,18,14,186,0.725433
5805,-102,830,75,386,16,13,186,-1.283157
5805,-102,831,75,386,17,11,186,-0.206421
5805,-102,839,75,386,16,14,187,-1.790588
5805,-102,830,75,386,15,13,187,-2.218544
5805,-102,831,75,386,15,12,186,-2.325684
5805,-102,829,75,386,15,11,185,-2.327141
5805,-102,828,75,386,15,15,186,-2.223740
5805,-102,830,75,386,16,11,186,-1.218018
5805,-102,833,75,386,15,14,187,-2.841156
5805,-102,830,75,386,17,11,185,-0.252296
5805,-102,831,75,386,15,14,187,-3.261429
5805,-102,832,75,386,16,13,186,-1.785370
5805,-102,834,75,386,16,14,186,-1.386063
5805,-102,828,75,386,16,14,187,-1.344742
5805,-102,832,75,386,15,12,186,-2.149529
5805,-102,831,75,386,14,11,185,-3.239967
5805,-102,830,75,386,16,13,186,-1.713074
5805,-102,826,75,386,17,14,186,-0.738007
5805,-102,832,75,386,16,12,186,-1.912003
5805,-102,828,75,386,17,13,187,-0.327011
5805,-102,839,75,386,14,13,186,-3.680511
5805,-102,829,75,386,15,14,186,-2.330582
5805,-102,832,75,386,16,12,186,-1.064156
5805,-102,834,75,386,14,13,186,-2.958466
5805,-102,833,75,386,16,14,186,-1.041000
5805,-102,835,75,386,16,13,186,-1.713501
5805,-102,837,75,386,13,14,186,-4.571655
5805,-102,834,75,386,14,14,187,-3.232422
5805,-102,837,75,386,15,14,186,-2.217484
5805,-102,834,75,386,15,12,187,-2.487846
5805,-102,830,75,386,17,15,187,-0.503563
5805,-102,829,75,386,16,14,186,-1.594894
5805,-102,832,75,386,16,13,186,-1.252777
5805,-102,828,75,386,15,12,186,-2.419708
5805,-102,831,75,386,15,11,185,-2.462662
5805,-102,831,75,386,16,14,186,-2.286018
5805,-102,832,75,386,14,12,186,-3.248764
5805,-102,830,75,386,15,13,186,-2.329903
5805,-102,831,75,386,14,12,185,-4.057472
5805,-102,836,75,386,15,12,187,-2.831757
5805,-102,833,75,386,15,13,186,-2.345566
5805,-102,837,75,386,17,14,187,-0.729004
5805,-102,833,75,386,15,15,187,-2.353539
5805,-102,835,75,386,15,13,187,-2.413368
5805,-102,827,75,386,16,14,187,-1.253761
5805,-102,828,75,386,16,14,186,-1.594833
5805,-102,832,75,386,15,12,186,-2.047752
5805,-102,838,75,386,15,13,186,-2.382080
5805,-102,841,75,386,16,14,187,-1.392899
5805,-102,829,75,386,15,12,187,-2.459435
5805,-102,833,75,386,13,15,187,-4.412468
5805,-102,838,75,386,17,12,186,-0.361374
5805,-102,832,75,386,17,10,185,-0.442093
5805,-102,829,75,386,16,13,185,-1.415718
5805,-102,832,75,386,15,14,187,-2.203735
5805,-102,835,75,386,16,13,187,-1.470764
5805,-102,833,75,386,15,12,186,-2.109627
5805,-102,830,75,386,15,13,186,-2.746101
5805,-102,838,75,386,13,13,186,-4.237030
5805,-102,830,75,386,16,11,186,-1.251114
5805,-102,831,75,386,15,14,187,-2.282028
5805,-102,832,75,386,16,13,186,-1.780090
5805,-102,831,75,386,14,13,186,-3.421356
5805,-102,832,75,386,13,12,187,-5.302109
5805,-102,833,75,386,16,13,186,-1.355957
5805,-102,835,75,386,16,11,186,-1.256416
5805,-102,838,75,386,16,12,186,-1.361435
5805,-102,836,75,386,16,13,185,-1.338051
5805,-102,828,75,386,17,14,187,-0.116455
5805,-102,834,75,386,16,13,187,-2.141266
5805,-102,834,75,386,15,14,187,-2.981476
5805,-102,833,75,386,16,10,186,-1.187912
5805,-102,840,75,386,17,13,186,-1.071442
5805,-102,826,75,386,13,10,185,-4.684814
5805,-102,832,75,386,15,15,187,-1.966614
5805,-102,832,75,386,17,11,186,-1.050865
5805,-102,831,75,386,15,14,186,-2.158386
5805,-102,834,75,386,15,13,186,-2.192947
5805,-102,830,75,386,15,10,185,-3.663559
5805,-102,831,75,386,15,12,186,-2.171539
5805,-102,835,75,386,15,12,186,-2.602921
5805,-102,825,75,386,15,12,185,-2.195206
5805,-102,835,75,386,16,8,185,-1.321655
5805,-102,831,75,386,15,13,187,-2.319305
5805,-102,830,75,386,14,10,186,-3.488693
5805,-102,834,75,386,14,14,187,-4.135918
5805,-102,831,75,386,17,14,186,-0.620407
5805,-102,831,75,386,14,15,186,-3.225449
5805,-102,827,75,386,15,10,185,-2.373901
5805,-102,836,75,386,15,15,188,-2.382126
5805,-102,829,75,386,15,12,185,-2.383179
5805,-102,831,75,386,15,12,186,-2.500610
5805,-102,830,75,386,16,15,186,-0.981796
5805,-102,832,75,386,15,13,187,-2.226372
5805,-102,838,75,386,15,13,186,-2.228317
5805,-102,834,75,386,16,14,187,-2.315414
5805,-102,831,75,386,16,13,187,-1.505936
5805,-102,831,75,386,15,13,186,-2.256821
5805,-102,833,75,386,15,12,187,-2.594025
5805,-102,831,75,386,14,11,185,-3.186783
5805,-102,831,75,386,15,12,186,-2.121521
5805,-102,833,75,386,16,15,187,-1.527374
5805,-102,838,75,386,14,13,187,-3.791702
5805,-102,832,75,386,17,14,187,-0.846390
5805,-102,837,75,386,15,12,186,-2.486023
5805,-102,834,75,386,16,14,187,-1.475677
5805,-102,830,75,386,15,13,186,-2.230896
5805,-102,831,75,386,16,15,186,-1.601509
5805,-102,830,75,386,17,13,186,-0.576439
5805,-102,830,75,386,16,9,185,-1.158455
5805,-102,827,75,386,17,11,186,-0.406334
5805,-102,828,75,386,15,14,187,-3.327026
5805,-102,838,75,386,16,10,185,-1.751617
5805,-102,832,75,386,16,12,186,-1.784019
5805,-102,830,75,386,14,13,186,-3.458801
5805,-102,830,75,386,15,13,186,-2.840958
5805,-102,826,75,386,15,13,186,-2.935074
5805,-102,836,75,386,14,13,186,-3.878342
5805,-102,832,75,386,17,11,186,-0.193771
5805,-102,826,75,386,15,11,185,-3.233353
5805,-102,831,75,386,14,13,187,-3.051804
5805,-102,834,75,386,15,16,187,-2.212372
5805,-102,831,75,386,15,14,187,-2.263680
5805,-102,826,75,386,17,10,186,-1.130585
5805,-102,836,75,386,16,13,187,-1.071396
5805,-102,831,75,386,14,11,186,-3.649628
5805,-102,834,75,386,15,14,187,-2.612198
5805,-102,830,75,386,15,13,186,-2.380089
5805,-102,829,75,386,16,13,186,-1.186264
5805,-102,838,75,386,16,12,187,-1.894653
5805,-102,833,75,386,15,12,187,-2.333984
5805,-102,828,75,386,16,13,186,-1.291641
5805,-102,837,75,386,16,13,187,-1.282654
5805,-102,839,75,386,16,13,187,-1.203735
5805,-102,836,75,386,16,12,187,-1.446007
5805,-102,836,75,386,15,10,186,-2.277130
5805,-102,837,75,386,15,13,187,-2.517982
5805,-102,829,75,386,17,12,186,-0.466537
5805,-102,829,75,386,17,14,186,-0.449860
5805,-102,830,75,386,14,14,186,-3.469749
5805,-102,835,75,386,15,13,186,-3.282593
5805,-102,837,75,386,16,15,188,-1.256088
5805,-102,830,75,386,15,13,187,-2.068909
5805,-102,834,75,386,16,12,185,-2.063522
5805,-102,833,75,386,15,11,187,-2.887177
5805,-102,828,75,386,16,12,186,-1.580917
5805,-102,828,75,386,16,11,185,-1.682983
5805,-102,829,75,386,17,11,186,-0.420837
5805,-102,834,75,386,18,13,186,0.862030
5805,-102,834,75,386,12,13,187,-5.067688
5805,-102,837,75,386,16,12,187,-1.398926
5805,-102,836,75,386,14,12,186,-3.562119
5805,-102,833,75,386,14,12,186,-3.453857
5805,-102,838,75,386,16,14,187,-1.435577
5805,-102,834,75,386,13,12,185,-4.125641
5805,-102,827,75,386,15,11,185,-2.695992
5805,-102,831,75,386,14,14,188,-3.659760
5805,-102,826,75,386,16,13,186,-1.663193
5805,-102,830,75,386,16,11,185,-1.347702
5805,-102,832,75,386,14,14,188,-3.191299
5805,-102,836,75,386,16,13,186,-1.506897
5805,-102,830,75,386,15,13,187,-2.764557
5805,-102,831,75,386,15,14,185,-2.518417
5805,-102,831,75,386,15,13,186,-3.299438
5805,-102,832,75,386,14,10,185,-3.470337
5805,-102,836,75,386,16,13,187,-1.235039
5805,-102,829,75,386,17,14,186,0.024254
5805,-102,828,75,386,16,12,186,-1.538834
5805,-102,834,75,386,15,10,185,-2.366066
5805,-102,834,75,386,14,12,186,-3.246399
5805,-102,840,75,386,17,12,186,-0.542877
5805,-102,835,75,386,16,13,187,-1.504364
5805,-102,828,75,386,14,12,185,-3.461807
5805,-102,830,75,386,17,14,187,-0.574959
5805,-102,832,75,386,13,14,187,-5.305206
5805,-102,831,75,386,15,11,185,-2.109772
5805,-102,842,75,386,15,12,187,-2.777420
5805,-102,837,75,386,16,14,187,-1.478287
5805,-102,834,75,386,16,12,186,-1.086304
5805,-102,831,75,386,14,12,187,-3.164948
5805,-102,835,75,386,15,14,187,-2.622490
5805,-102,827,75,386,14,13,185,-3.775764
5805,-102,830,75,386,15,12,186,-2.061188
5805,-102,835,75,386,18,13,187,0.920364
5805,-102,834,75,386,15,14,187,-2.572273
5805,-102,834,75,386,16,14,187,-1.127167
5805,-102,831,75,386,15,14,187,-2.556709
5805,-102,832,75,386,16,11,184,-1.333260
5805,-102,833,75,386,17,13,186,-1.055771
5805,-102,828,75,386,15,12,186,-2.292343
5805,-102,832,75,386,15,14,187,-2.473679
5805,-102,834,75,386,14,13,187,-3.195175
5805,-102,837,75,386,17,13,187,-0.628418
5805,-102,831,75,386,17,12,186,-0.309784
5805,-102,836,75,386,17,13,186,-0.737076
5805,-102,832,75,386,14,14,186,-4.116890
5805,-102,835,75,386,16,13,187,-1.768166
5805,-102,829,75,386,15,12,185,-2.523987
5805,-102,830,75,386,15,12,185,-2.687263
5805,-102,832,75,386,15,9,185,-2.436768
5805,-102,830,75,386,16,13,187,-1.229599
5805,-102,831,75,386,14,13,186,-3.519806
5805,-102,837,75,386,16,10,186,-1.925903
5805,-102,827,75,386,13,13,186,-4.281998
5805,-102,838,75,386,13,11,186,-4.577072
5805,-102,835,75,386,15,13,187,-2.600975
5805,-102,832,75,386,16,13,186,-1.428467
5805,-102,829,75,386,15,11,186,-2.606453
5805,-102,837,75,386,15,11,186,-2.384735
5805,-102,837,75,386,16,12,186,-1.437630
5805,-102,833,75,386,13,12,186,-4.234329
5805,-102,830,75,386,16,15,187,-1.467377
5805,-102,832,75,386,14,16,187,-3.218033
5805,-102,841,75,386,17,13,186,-0.385590
5805,-102,841,75,386,15,14,187,-2.250336
5805,-102,832,75,386,14,12,186,-3.358185
5805,-102,832,75,386,16,13,186,-1.733345
5805,-102,839,75,386,16,10,186,-1.186661
5805,-102,831,75,386,16,12,186,-1.240234
5805,-102,833,75,386,15,12,186,-2.356064
5805,-102,831,75,386,16,12,188,-1.830887
5805,-102,835,75,386,17,12,187,-0.254539
5805,-102,830,75,386,14,11,186,-3.748215
5805,-102,834,75,386,15,13,186,-2.413536
5805,-102,832,75,386,14,11,186,-3.429260
5805,-102,836,75,386,13,14,186,-5.264755
5805,-102,833,75,386,15,13,186,-1.870750
5805,-102,830,75,386,17,11,186,-0.479279
5805,-102,829,75,386,17,11,185,-0.281967
5805,-102,829,75,386,18,11,186,-0.275078
5805,-102,828,75,386,15,14,187,-2.430382
5805,-102,833,75,386,16,13,185,-1.489807
5805,-102,845,75,386,16,12,187,-1.589401
5805,-102,831,75,386,16,11,186,-1.172333
5805,-102,835,75,386,15,12,186,-2.885208
5805,-102,834,75,386,16,12,187,-1.533203
5805,-102,839,75,386,16,14,187,-1.560379
5805,-102,836,75,386,17,9,185,-0.546997
5805,-102,835,75,386,17,14,187,-0.964249
5805,-102,830,75,386,15,13,186,-2.899963
5805,-102,834,75,386,15,13,186,-2.178818
5805,-102,838,75,386,16,14,186,-1.058434
5805,-102,834,75,386,16,11,186,-1.144547
5805,-102,829,75,386,15,13,185,-3.042999
5805,-102,830,75,386,16,11,186,-1.709930
5805,-102,833,75,386,14,10,186,-4.082527
5805,-102,834,75,386,16,13,187,-2.768600
5805,-102,838,75,386,15,15,187,-2.028946
5805,-102,827,75,386,15,12,186,-2.417679
5805,-102,832,75,386,15,13,187,-3.133347
5805,-102,836,75,386,13,12,187,-4.357857
5805,-102,833,75,386,16,13,186,-2.626648
5805,-102,830,74,386,17,14,186,-0.408562
5805,-102,833,75,386,16,14,186,-1.260971
5805,-102,835,75,386,15,12,186,-2.078644
5805,-102,832,75,386,16,14,186,-1.462570
5805,-102,828,75,386,16,13,186,-1.294220
5805,-102,838,75,386,17,10,186,-0.522072
5805,-102,837,75,386,16,15,187,-1.864433
5805,-102,833,75,386,16,13,186,-2.670578
5805,-102,833,75,386,13,13,186,-4.460602
5805,-102,828,75,386,17,13,186,-0.787827
5805,-102,836,75,386,15,11,187,-2.112732
5805,-102,828,75,386,15,12,185,-1.946396
5805,-102,834,75,386,17,15,187,-0.346664
5805,-102,829,75,386,14,15,186,-3.577438
5805,-102,836,75,386,15,14,187,-2.476379
5805,-102,836,75,386,15,13,186,-1.966797
5805,-102,838,75,386,16,14,187,-1.225586
5805,-102,828,75,386,17,11,185,-0.451538
5805,-102,830,75,386,14,12,186,-3.193161
5805,-102,830,75,386,14,13,185,-3.285797
5805,-102,829,75,386,16,12,186,-2.118134
5805,-102,826,75,386,17,11,186,-0.779442
5805,-102,834,75,386,15,14,186,-2.563507
5805,-102,830,75,386,16,12,186,-1.357254
5805,-102,840,75,386,16,13,186,-1.355232
5805,-102,827,75,386,15,11,186,-2.648071
5805,-102,836,75,386,16,13,186,-1.209595
5805,-102,837,75,386,14,13,186,-3.544556
5805,-102,828,75,386,15,13,187,-2.710052
5805,-102,834,75,386,16,14,186,-2.660690
5805,-102,832,75,386,15,14,187,-2.394775
5805,-102,836,75,386,14,15,187,-3.167244
5805,-102,835,75,386,16,13,187,-1.250473
5805,-102,830,75,386,12,14,187,-5.946739
5805,-102,838,75,386,15,14,186,-3.101868
5805,-102,828,75,386,16,14,187,-1.501923
5805,-102,827,75,386,15,12,185,-2.273216
5805,-102,828,75,386,17,14,186,0.005890
5805,-102,830,75,386,13,11,186,-4.016953
5805,-102,826,75,386,13,13,186,-4.181648
5805,-102,829,75,386,16,12,186,-1.419754
5805,-102,838,75,386,15,14,187,-2.191811
5805,-102,837,75,386,15,13,186,-2.222763
5805,-102,829,75,386,14,12,185,-3.498795
5805,-102,828,75,386,15,12,186,-2.697876
5805,-102,836,75,386,16,12,186,-1.141922
5805,-102,829,75,386,15,11,185,-2.333023
5805,-102,833,75,386,17,15,187,-0.381004
5805,-102,835,75,386,14,14,186,-3.496964
5805,-102,829,75,386,16,12,186,-1.774902
5805,-102,830,75,386,13,11,186,-4.151764
5805,-102,832,75,386,13,10,185,-4.377068
5805,-102,831,75,386,18,13,187,0.132416
5805,-102,837,75,386,14,13,186,-3.212692
5805,-102,832,75,386,13,14,187,-4.360672
5805,-102,828,75,386,16,12,186,-1.286972
5805,-102,832,75,386,16,14,186,-2.728455
5805,-102,833,75,386,17,12,186,-0.272797
5805,-102,830,75,386,14,13,185,-3.112488
5805,-102,830,75,386,14,14,186,-3.211945
5805,-102,830,75,386,15,10,185,-3.276321
5805,-102,842,75,386,16,14,186,-1.111649
5805,-102,830,74,386,17,14,186,-0.921295
5805,-102,825,75,386,13,12,185,-4.196465
5805,-102,837,75,386,16,15,187,-1.563049
5805,-102,833,75,386,14,14,187,-3.034576
5805,-102,832,75,386,14,12,186,-3.470947
5805,-102,831,75,386,14,13,187,-3.589905
5805,-102,828,75,386,13,12,186,-4.105347
5805,-102,828,75,386,15,12,186,-2.501205
5805,-102,830,75,386,16,13,186,-2.133316
5805,-102,838,75,386,15,12,187,-3.301910
5805,-102,834,75,386,15,13,185,-2.322815
5805,-102,831,75,386,13,11,186,-4.232681
5805,-102,834,75,386,14,11,186,-3.360397
5805,-102,831,75,386,14,12,186,-3.467247
5805,-102,842,75,386,15,13,187,-2.192062
5805,-102,834,75,386,16,12,185,-1.176025
5805,-102,827,75,386,15,12,186,-2.211868
5805,-102,831,75,386,17,12,185,-0.459183
5805,-102,832,75,386,16,12,186,-1.126244
5805,-102,834,75,386,14,12,185,-4.193207
5805,-102,840,75,386,14,12,187,-3.816261
5805,-102,834,75,386,15,10,186,-1.990372
5805,-102,834,75,386,14,17,187,-3.664963
5805,-102,833,75,386,16,11,186,-1.342361
5805,-102,836,75,386,14,12,186,-3.400436
5805,-102,833,75,386,16,14,186,-1.034683
5805,-102,833,75,386,17,15,187,-0.420715
5805,-102,833,75,386,15,10,185,-2.422165
5805,-102,834,75,386,15,13,186,-1.906311
5805,-102,834,75,386,16,15,186,-1.441849
5805,-102,835,75,386,16,14,187,-1.438614
5805,-102,830,75,386,16,13,186,-1.908134
5805,-102,828,75,386,14,14,187,-3.138412
5805,-102,830,75,386,15,12,185,-2.301193
5805,-102,839,75,386,16,11,186,-1.067612
5805,-102,838,75,386,15,13,186,-3.719696
5805,-102,829,75,386,15,13,186,-2.228531
5805,-102,837,75,386,16,14,187,-1.025452
5805,-102,835,75,386,15,12,186,-2.192230
5805,-102,838,75,386,15,13,186,-2.787338
5805,-102,833,75,386,17,14,186,-0.345833
5805,-102,829,75,386,16,13,185,-1.517006
5805,-102,832,75,386,15,11,186,-3.062103
5805,-102,840,75,386,16,14,187,-1.369591
5805,-102,831,75,386,16,10,185,-1.338348
5805,-102,834,75,386,15,10,185,-3.201996
5805,-102,829,75,386,16,14,186,-1.806145
5805,-102,835,75,386,15,14,187,-3.683197
5805,-102,827,75,386,16,12,185,-1.760712
5805,-102,827,75,386,16,13,186,-1.449112
5805,-102,831,75,386,14,12,186,-3.593979
5805,-102,829,75,386,15,12,187,-2.852798
5805,-102,834,75,386,15,14,187,-2.287170
5805,-102,835,75,386,17,13,187,-0.476990
5805,-102,838,75,386,16,12,186,-1.184570
5805,-102,832,75,386,16,13,185,-1.593369
5805,-102,826,75,386,16,9,186,-1.401169
5805,-102,829,75,386,14,13,187,-3.382828
5805,-102,833,75,386,16,14,187,-1.828171
5805,-102,832,75,386,15,14,186,-2.496460
5805,-102,830,75,386,16,13,186,-1.748947
5805,-102,831,75,386,16,11,187,-1.292099
5805,-102,831,75,386,15,14,186,-2.917442
5805,-102,832,75,386,16,14,187,-1.658051
5805,-102,833,75,386,15,12,186,-2.429565
5805,-102,838,75,386,14,11,186,-3.540527
5805,-102,832,75,386,18,14,186,0.871902
5805,-102,833,75,386,13,12,187,-4.394775
5805,-102,831,75,386,15,13,187,-2.259048
5805,-102,832,75,386,16,12,187,-1.780518
5805,-102,830,75,386,17,13,185,-0.408630
5805,-102,828,75,386,16,12,186,-1.609612
5805,-102,836,75,386,15,12,186,-3.095055
5805,-102,832,75,386,16,12,186,-1.365555
5805,-102,842,75,386,16,11,185,-1.090775
5805,-102,833,75,386,16,14,186,-1.436111
5805,-102,836,75,386,18,15,187,0.532219
5805,-102,828,75,386,14,12,185,-4.626953
5805,-102,831,75,386,17,10,186,-0.570435
5805,-102,834,75,386,12,14,187,-5.267868
5805,-102,833,75,386,14,10,185,-3.722870
5805,-102,831,75,386,17,12,186,-0.522873
5805,-102,840,75,386,14,13,186,-3.601334
5805,-102,826,75,386,14,13,185,-4.242996
5805,-102,832,75,386,15,13,187,-2.344246
5805,-102,831,75,386,14,11,186,-3.457672
5805,-102,826,75,386,15,13,186,-2.632690
5805,-102,831,75,386,15,13,186,-2.285385
5805,-102,833,75,386,15,13,186,-2.103691
5805,-102,838,75,386,14,12,186,-3.510269
5805,-102,832,75,386,15,16,187,-2.870987
5805,-102,834,75,386,15,10,185,-2.093124
5805,-102,828,75,386,14,13,185,-3.121635
5805,-102,837,75,386,15,13,187,-2.829819
5805,-102,830,75,386,15,13,186,-2.181747
5805,-102,833,75,386,15,13,187,-2.419052
5805,-102,836,75,386,14,14,187,-3.427795
5805,-102,837,75,386,14,13,187,-3.085663
5805,-102,830,75,386,13,14,186,-4.285446
5805,-102,833,75,386,15,14,187,-2.575714
5805,-102,832,75,386,15,13,186,-2.412949
5805,-102,829,75,386,13,13,186,-4.414322
5805,-102,828,75,386,15,12,187,-2.411392
5805,-102,832,75,386,15,15,187,-2.223610
5805,-102,831,75,386,17,12,186,-0.915466
5805,-102,829,75,386,15,15,185,-2.772446
5805,-102,829,75,386,17,14,186,-0.404144
5805,-102,830,75,386,13,12,187,-4.686081
5805,-102,832,75,386,15,12,186,-2.431686
5805,-102,828,75,386,14,14,187,-3.804886
5805,-102,835,75,386,17,12,186,-0.228722
5805,-102,830,75,386,17,13,187,-0.401909
5805,-102,833,75,386,13,12,186,-4.884476
5805,-102,840,75,386,15,11,186,-2.419662
5805,-102,831,75,386,15,11,185,-2.259460
5805,-102,836,75,386,15,10,186,-2.455414
5805,-102,833,75,386,17,12,186,-0.583435
5805,-102,836,75,386,13,15,187,-4.245728
5805,-102,837,75,386,15,14,187,-3.115479
5805,-102,829,75,386,14,14,187,-4.327866
5805,-102,826,75,386,15,14,186,-2.398811
5805,-102,830,75,386,16,14,187,-1.781250
5805,-102,835,75,386,14,14,187,-3.552292
5805,-102,828,75,386,15,13,186,-2.791122
5805,-102,834,75,386,15,11,186,-1.841705
5805,-102,833,75,386,14,12,185,-3.843735
5805,-102,828,75,386,14,11,185,-3.054733
5805,-102,834,75,386,14,10,185,-3.279572
5805,-102,833,75,386,16,14,187,-1.209366
5805,-102,831,75,386,15,10,185,-2.558304
5805,-102,827,75,386,16,12,185,-2.237808
5805,-102,831,75,386,14,13,187,-3.957062
5805,-102,827,75,386,13,12,185,-4.516220
5805,-102,830,75,386,16,12,186,-1.030510
5805,-102,834,75,386,15,11,186,-2.316376
5805,-102,829,75,386,16,11,186,-1.176468
5805,-102,838,75,386,16,12,186,-1.575249
5805,-102,834,75,386,17,13,186,-0.466110
5805,-102,833,75,386,14,12,186,-4.618927
5805,-102,832,75,386,15,12,186,-2.043762
5805,-102,830,75,386,17,14,186,-0.552734
5805,-102,831,75,386,16,12,185,-1.425873
5805,-102,828,75,386,15,14,187,-2.404007
5805,-102,834,75,386,16,15,187,-1.507828
5805,-102,833,75,386,15,11,185,-2.437912
5805,-102,830,75,386,15,13,186,-2.812920
5805,-102,833,75,386,17,16,187,-0.476562
5805,-102,833,75,386,15,13,186,-2.181213
5805,-102,830,75,386,16,14,187,-1.117020
5805,-102,826,75,386,15,10,185,-2.361694
5805,-102,829,75,386,13,12,187,-5.721809
5805,-102,832,75,386,17,11,187,-0.957596
5805,-102,832,75,386,14,13,186,-4.098007
5805,-102,837,75,386,14,13,186,-3.228065
5805,-102,830,75,386,16,13,187,-1.824783
5805,-102,835,75,386,16,15,187,-1.059692
5805,-102,834,75,386,15,13,185,-2.576569
5805,-102,835,75,386,14,13,187,-3.468445
5805,-102,830,75,386,14,13,186,-3.317032
5805,-102,833,75,386,16,12,186,-1.914566
5805,-102,832,75,386,16,12,186,-2.230904
5805,-102,840,75,386,17,12,186,-0.517944
5805,-102,832,75,386,16,13,186,-1.386414
5805,-102,837,75,386,15,12,187,-2.389526
5805,-102,834,75,386,16,13,186,-1.767227
5805,-102,831,75,386,15,13,187,-2.496231
5805,-102,841,75,386,14,11,186,-3.585831
5805,-102,830,75,386,15,12,186,-2.315590
5805,-102,835,75,386,16,14,187,-1.393433
5805,-102,838,75,386,15,14,187,-2.612915
5805,-102,832,75,386,15,12,186,-2.441353
5805,-102,832,75,386,16,12,186,-1.755791
5805,-102,836,75,386,16,11,186,-1.733177
5805,-102,831,75,386,13,13,186,-4.240891
5805,-102,828,75,386,17,12,186,-0.344513
5805,-102,831,75,386,16,15,186,-1.490631
5805,-102,826,75,386,13,11,185,-4.488052
5805,-102,831,75,386,18,12,185,-0.641312
5805,-102,830,75,386,15,14,187,-3.193443
5805,-102,830,75,386,17,15,187,-0.540550
5805,-102,832,75,386,15,11,185,-2.786011
5805,-102,832,75,386,15,13,186,-2.192200
5805,-102,834,75,386,15,15,187,-2.922089
5805,-102,831,75,386,15,14,187,-2.249786
5805,-102,832,75,386,14,11,186,-3.221245
5805,-102,832,75,386,15,14,186,-2.452576
5805,-102,836,75,386,16,12,185,-1.468964
5805,-102,831,75,386,17,14,186,-0.002625
5805,-102,840,75,386,14,13,186,-3.246002
5805,-102,831,75,386,15,14,186,-2.753098
5805,-102,829,75,386,14,11,186,-3.368546
5805,-102,828,75,386,13,10,185,-5.658508
5805,-102,831,75,386,16,13,187,-1.272476
5805,-102,832,75,386,14,12,187,-3.232498
5805,-102,836,75,386,17,12,186,-0.771545
5805,-102,832,75,386,18,14,186,0.387695
5805,-102,834,75,386,14,13,185,-3.373184
5805,-102,833,75,386,15,15,187,-2.397476
5805,-102,828,75,386,16,13,186,-1.422737
5805,-102,827,75,386,15,12,185,-2.750809
5805,-102,836,75,386,15,11,185,-3.223419
5805,-102,832,75,386,16,13,185,-1.256729
5805,-102,833,75,386,16,11,186,-1.918411
5805,-102,842,75,386,15,12,186,-2.476746
5805,-102,831,75,386,17,15,187,-0.258881
5805,-102,828,75,386,16,12,187,-1.334305
5805,-102,838,75,386,15,13,186,-2.150444
5805,-102,836,75,386,15,11,186,-2.499069
5805,-102,839,75,386,14,11,186,-3.744087
5805,-102,833,75,386,15,11,186,-2.375885
5805,-102,836,75,386,16,14,187,-1.086166
5805,-102,827,75,386,17,10,186,-0.157578
5805,-102,827,75,386,15,14,186,-2.557526
5805,-102,832,75,386,14,13,186,-3.054451
5805,-102,829,75,386,16,13,186,-1.801224
5805,-102,830,75,386,17,14,186,-0.540970
5805,-102,831,75,386,15,13,186,-2.109070
5805,-102,826,75,386,15,12,186,-2.386810
5805,-102,833,75,386,14,12,187,-3.651123
5805,-102,832,75,386,14,11,186,-3.750000
5805,-102,834,75,386,15,11,185,-1.988167
5805,-102,834,75,386,15,13,186,-2.564850
5805,-102,832,75,386,15,14,186,-2.946411
5805,-102,830,75,386,14,12,186,-3.229942
5805,-102,834,75,386,15,13,187,-2.070969
5805,-102,836,75,386,13,13,186,-4.372498
5805,-102,836,75,386,15,13,186,-2.705055
5805,-102,833,75,386,16,13,187,-1.195534
5805,-102,833,75,386,16,12,187,-1.024734
5805,-102,835,75,386,18,12,186,0.596909
5805,-102,833,75,386,16,11,185,-1.096359
5805,-102,832,75,386,15,11,186,-2.725220
5805,-102,833,75,386,17,12,186,0.008987
5805,-102,840,75,386,14,12,187,-3.514801
5805,-102,829,75,386,14,13,186,-3.379425
5805,-102,828,75,386,16,14,186,-1.533852
5805,-102,828,75,386,17,12,187,-0.274437
5805,-102,829,75,386,15,11,186,-2.254410
5805,-102,838,75,386,15,14,187,-2.268829
5805,-102,838,75,386,16,12,187,-1.169128
5805,-102,828,75,386,17,11,186,-1.290436
5805,-102,836,75,386,15,12,186,-2.952286
5805,-102,831,75,386,14,13,187,-3.739548
5805,-102,828,75,386,13,13,186,-4.289017
5805,-102,840,75,386,16,11,186,-2.261688
5805,-102,833,75,386,15,13,186,-2.138702
5805,-102,836,75,386,15,13,186,-2.572861
5805,-102,832,75,386,17,11,187,-0.356880
5805,-102,838,75,386,12,13,187,-5.214630
5825,-102,833,75,386,14,13,187,-3.526756
5825,-102,834,75,386,16,13,187,-1.393288
5825,-102,836,75,386,16,12,187,-1.693161
5825,-102,836,75,386,13,13,187,-4.447227
5825,-102,832,75,386,16,10,186,-1.926979
5825,-102,831,75,386,16,12,187,-1.609329
5825,-102,834,75,386,16,12,187,-1.568665
5825,-102,827,75,386,14,13,186,-3.394714
5825,-102,831,75,386,15,12,187,-2.446030
5825,-102,832,75,386,16,14,187,-1.848694
5825,-102,838,75,386,14,14,187,-3.327751
5825,-102,837,75,386,15,15,187,-2.682709
5825,-102,828,75,386,16,11,186,-1.112778
5825,-102,830,75,386,15,12,187,-2.772423
5825,-102,835,75,386,17,15,188,-0.052750
5825,-102,840,75,386,14,14,187,-3.406387
5825,-102,840,75,386,15,13,187,-2.252182
5825,-102,832,75,386,15,14,187,-2.415466
5825,-102,832,75,386,14,13,187,-3.448425
5825,-102,833,75,386,16,14,187,-1.087891
5825,-102,832,75,386,14,14,187,-3.421516
5825,-102,834,75,386,16,14,186,-1.518753
5825,-102,835,75,386,17,13,186,-0.059784
5825,-102,833,75,386,17,12,187,-0.018425
5825,-102,833,75,386,14,13,187,-3.119446
5825,-102,830,75,386,16,13,187,-1.270187
5825,-102,831,75,386,17,11,186,-0.398727
5825,-102,828,75,386,15,12,185,-2.181610
5825,-102,836,75,386,15,12,187,-2.344025
5825,-102,833,75,386,16,12,187,-2.145294
5825,-102,831,75,386,15,12,187,-1.980301
5825,-102,831,75,386,15,15,187,-2.352715
5825,-102,832,75,386,16,13,187,-1.444885
5825,-102,831,75,386,17,14,186,-0.294540
5825,-102,834,75,386,15,13,188,-2.138046
5825,-102,833,75,386,15,13,186,-2.207954
5825,-102,830,75,386,18,13,187,0.347054
5825,-102,831,75,386,17,13,188,-0.595520
5825,-102,831,75,386,16,13,188,-1.512985
5825,-102,831,75,386,14,12,187,-3.113983
5825,-102,837,75,386,16,13,187,-1.834084
5825,-102,827,75,386,17,10,186,-0.427124
5825,-102,834,75,386,18,14,186,0.659622
5825,-102,832,75,386,16,15,188,-1.460152
5825,-102,838,75,386,14,14,187,-3.138870
5825,-102,831,75,386,14,12,186,-3.414001
5825,-102,833,75,386,17,13,187,-0.219391
5825,-102,830,75,386,16,9,185,-1.291321
5825,-102,835,75,386,15,14,187,-2.436928
5825,-102,835,75,386,17,14,187,-1.151627
5825,-102,837,75,386,16,13,187,-2.093201
5825,-102,829,75,386,16,14,187,-1.790977
5825,-102,832,75,386,15,14,187,-2.220886
5825,-102,828,75,386,16,13,187,-1.224976
5825,-102,840,75,386,13,14,187,-4.624283
5825,-102,829,75,386,13,15,187,-4.812546
5825,-102,835,75,386,15,12,186,-2.268265
5825,-102,833,75,386,17,10,186,-0.087936
5825,-102,831,75,386,15,13,188,-2.160889
5825,-102,830,75,386,15,13,186,-2.386803
5825,-102,832,75,386,15,12,187,-2.328857
5825,-102,832,75,386,16,14,185,-1.863327
5825,-102,832,75,386,16,12,187,-2.134926
5825,-102,836,75,386,16,14,187,-2.155289
5825,-102,832,75,386,13,11,187,-4.216507
5825,-102,830,75,386,17,14,187,-0.464172
5825,-102,834,75,386,15,12,186,-1.809212
5825,-102,836,75,386,16,11,186,-1.368225
5825,-102,835,75,386,17,12,187,-1.337440
5825,-102,829,75,386,16,10,187,-1.450966
5825,-102,833,75,386,15,13,187,-2.838936
5825,-102,828,75,386,17,13,186,-0.653412
5825,-102,834,75,386,16,13,187,-1.658752
5825,-102,830,75,386,16,14,187,-1.998901
5825,-102,834,75,386,14,11,187,-3.817192
5825,-102,833,75,386,16,12,187,-1.683662
5825,-102,841,75,386,17,14,188,-0.399239
5825,-102,834,75,386,16,12,185,-2.589035
5825,-102,831,75,386,16,13,187,-1.218323
5825,-102,835,75,386,14,13,188,-4.781662
5825,-102,840,75,386,15,13,187,-2.057060
5825,-102,833,75,386,16,12,187,-1.332970
5825,-102,831,75,386,14,11,187,-3.532684
5825,-102,831,75,386,16,12,187,-1.153320
5825,-102,831,75,386,16,15,188,-1.844078
5825,-102,833,75,386,15,13,188,-2.902969
5825,-102,831,75,386,16,14,187,-1.395531
5825,-102,830,75,386,15,13,187,-2.616898
5825,-102,831,75,386,17,13,186,-1.700600
5825,-102,831,75,386,13,13,187,-4.170837
5825,-102,832,75,386,17,14,187,-0.024231
5825,-102,836,75,386,14,11,187,-4.708572
5825,-102,835,75,386,15,13,187,-1.899734
5825,-102,831,75,386,16,13,188,-1.177704
5825,-102,833,75,386,14,12,187,-3.216827
5825,-102,832,75,386,13,12,187,-4.461510
5825,-102,843,75,386,15,12,187,-2.255966
5825,-102,831,75,386,15,13,187,-2.391632
5825,-102,830,75,386,15,14,187,-2.431976
5825,-102,828,75,386,15,15,187,-2.376076
5825,-102,837,75,386,15,12,187,-2.406708
5825,-102,833,75,386,16,12,185,-1.223724
5825,-102,835,75,386,17,13,187,-0.237030
5825,-102,834,75,386,16,13,187,-1.405746
5825,-102,832,75,386,16,12,187,-1.192123
5825,-102,833,75,386,14,13,187,-3.440964
5825,-102,832,75,386,15,13,187,-2.265739
5825,-102,838,75,386,16,13,188,-1.349838
5825,-102,833,75,386,15,13,187,-2.317162
5825,-102,837,75,386,14,15,187,-3.663132
5825,-102,838,75,386,16,10,187,-1.106277
5825,-102,830,74,386,16,10,185,-1.373886
5825,-102,832,75,386,16,14,187,-1.295853
5825,-102,833,75,386,16,13,187,-1.628845
5825,-102,834,75,386,16,11,186,-1.350571
5825,-102,833,75,386,15,12,187,-2.256584
5825,-102,840,75,386,17,14,187,-0.241013
5825,-102,828,75,386,16,11,185,-0.973114
5825,-102,836,75,386,16,13,187,-1.415428
5825,-102,839,75,386,16,15,187,-1.196373
5825,-102,837,75,386,17,12,187,-0.979813
5825,-102,831,75,386,16,15,188,-1.898689
5825,-102,830,75,386,15,12,187,-2.126770
5825,-102,836,75,386,18,9,187,0.823105
5825,-102,833,75,386,13,14,187,-4.843781
5825,-102,831,75,386,15,15,188,-2.721725
5825,-102,835,75,386,16,11,186,-1.910477
5825,-102,837,75,386,16,11,185,-1.242813
5825,-102,834,75,386,14,13,188,-3.555847
5825,-102,833,75,386,15,14,186,-2.787971
5825,-102,842,75,386,13,14,187,-4.427094
5825,-102,834,74,386,16,13,185,-1.380234
5825,-102,839,75,386,16,13,187,-1.513260
5825,-102,832,75,386,17,13,187,-0.674118
5825,-102,833,75,386,13,12,187,-4.518997
5825,-102,838,75,386,15,12,187,-2.233261
5825,-102,832,75,386,17,12,188,-0.404617
5825,-102,835,75,386,15,11,187,-2.359619
5825,-102,832,75,386,14,12,186,-3.933693
5825,-102,837,75,386,15,13,188,-3.039452
5825,-102,835,75,386,15,14,187,-3.729996
5825,-102,836,75,386,17,14,187,-0.619553
5825,-102,838,75,386,16,13,187,-1.454704
5825,-102,838,75,386,15,11,187,-2.298447
5825,-102,834,75,386,13,12,187,-4.647575
5825,-102,839,75,386,16,15,188,-1.145241
5825,-102,840,75,386,16,12,187,-1.125381
5825,-102,827,75,386,16,13,187,-1.330933
5825,-102,833,75,386,16,13,187,-1.353821
5825,-102,833,75,386,13,13,187,-4.444443
5825,-102,834,75,386,14,14,187,-3.982178
5825,-102,831,75,386,16,14,187,-1.603561
5825,-102,832,75,386,16,12,186,-1.786514
5825,-102,833,75,386,15,12,185,-2.198700
5825,-102,834,75,386,15,13,187,-2.866173
5825,-102,834,75,386,15,12,187,-2.091835
5825,-102,833,75,386,16,12,187,-1.056213
5825,-102,830,75,386,15,16,187,-2.537552
5825,-102,834,75,386,14,13,187,-4.003387
5825,-102,837,75,386,16,12,187,-1.402786
5825,-102,835,75,386,17,14,187,-0.521667
5825,-102,834,75,386,16,13,187,-1.539780
5825,-102,830,75,386,16,11,186,-1.355965
5825,-102,835,75,386,15,12,187,-2.264420
5825,-102,838,75,386,17,14,188,-0.484741
5825,-102,832,75,386,17,11,187,-0.494453
5825,-102,831,75,386,15,13,187,-2.821960
5825,-102,835,75,386,15,13,187,-2.236252
5825,-102,831,75,386,15,10,186,-2.767700
5825,-102,831,75,386,16,12,187,-1.315903
5825,-102,831,75,386,15,12,187,-2.427498
5825,-102,833,75,386,16,14,187,-1.231171
5825,-102,833,75,386,16,12,187,-1.244583
5825,-102,829,75,386,16,13,187,-1.583038
5825,-102,832,75,386,16,12,188,-2.003540
5825,-102,833,75,386,17,14,188,-0.566719
5825,-102,830,75,386,15,12,186,-2.168823
5825,-102,838,75,386,16,11,187,-1.157784
5825,-102,833,75,386,16,13,186,-1.658478
5825,-102,838,75,386,16,11,187,-1.969208
5825,-102,830,75,386,15,12,187,-2.284851
5825,-102,832,75,386,14,12,187,-3.427307
5825,-102,832,75,386,16,13,187,-1.211288
5825,-102,839,75,386,15,12,188,-2.275177
5825,-102,831,75,386,15,12,186,-2.050049
5825,-102,832,75,386,13,11,187,-4.804054
5825,-102,832,75,386,15,15,188,-2.813721
5825,-102,834,74,386,16,9,184,-1.586212
5825,-102,834,75,386,15,12,186,-2.525444
5825,-102,836,75,386,15,12,187,-2.325111
5825,-102,832,75,386,15,12,189,-2.456589
5825,-102,832,75,386,15,13,187,-2.236267
5825,-102,841,75,386,15,14,187,-2.417160
5825,-102,830,75,386,16,11,186,-1.135712
5825,-102,838,75,386,15,14,188,-2.658844
5825,-102,836,75,386,13,12,188,-4.492462
5825,-102,836,75,386,15,13,187,-2.501205
5825,-102,840,75,386,17,15,188,-0.299240
5825,-102,829,75,386,16,11,187,-1.346497
5825,-102,830,75,386,15,12,186,-3.110062
5825,-102,837,75,386,16,13,188,-1.133453
5825,-102,828,75,386,14,12,186,-3.471390
5825,-102,834,75,386,16,14,187,-1.854172
5825,-102,828,75,386,16,12,186,-1.713226
5825,-102,840,75,386,17,14,187,-0.369095
5825,-102,833,75,386,14,14,188,-3.729431
5825,-102,832,75,386,15,10,187,-2.259613
5825,-102,835,75,386,15,12,187,-2.543488
5825,-102,830,75,386,16,13,185,-1.277405
5825,-102,837,75,386,16,13,187,-1.151978
5825,-102,831,75,386,16,13,187,-1.581299
5825,-102,832,75,386,14,13,187,-3.566315
5825,-102,836,75,386,17,13,187,-0.875748
5825,-102,838,75,386,16,12,187,-1.645935
5825,-102,833,75,386,13,13,187,-4.172760
5825,-102,838,75,386,16,13,188,-1.026825
5825,-102,834,75,386,14,11,187,-3.205170
5825,-102,830,75,386,14,13,188,-3.287338
5825,-102,832,75,386,15,14,188,-2.392311
5825,-102,833,75,386,13,15,187,-3.973892
5825,-102,837,75,386,14,13,188,-3.416069
5825,-102,831,75,386,16,12,187,-1.348709
5825,-102,830,75,386,15,14,187,-2.867264
5825,-102,830,75,386,16,12,186,-1.334549
5825,-102,833,75,386,17,12,187,-0.479462
5825,-102,831,75,386,15,13,187,-1.985474
5825,-102,830,75,386,15,13,187,-2.552673
5825,-102,831,75,386,15,12,187,-3.310303
5825,-102,838,75,386,14,12,186,-3.313690
5825,-102,830,75,386,16,12,186,-1.407104
5825,-102,836,74,386,17,13,187,-0.445023
5825,-102,836,75,386,14,13,187,-3.118118
5825,-102,835,75,386,15,13,187,-2.584869
5825,-102,832,75,386,16,14,187,-1.453323
5825,-102,831,75,386,14,12,187,-3.286087
5825,-102,836,75,386,16,12,188,-1.601883
5825,-102,832,75,386,16,12,187,-1.340302
5825,-102,835,75,386,15,15,187,-2.429153
5825,-102,837,75,386,15,11,187,-2.257843
5825,-102,835,75,386,16,10,187,-1.837891
5825,-102,832,75,386,14,12,186,-3.068039
5825,-102,835,75,386,16,15,187,-1.434235
5825,-102,839,75,386,16,14,186,-1.314911
5825,-102,832,75,386,15,11,186,-2.400497
5825,-102,831,75,386,17,10,186,-0.719803
5825,-102,832,75,386,18,13,187,0.535759
5825,-102,836,75,386,16,14,186,-1.288269
5825,-102,840,75,386,16,12,187,-1.017609
5825,-102,833,75,386,14,12,187,-3.306488
5825,-102,836,75,386,14,14,188,-3.701233
5825,-102,828,75,386,14,13,187,-3.179703
5825,-102,837,75,386,16,13,187,-1.305725
5825,-102,831,75,386,15,15,187,-2.851364
5825,-102,837,75,386,16,13,187,-1.551117
5825,-102,831,75,386,16,13,187,-1.381958
5825,-102,834,75,386,13,13,187,-4.355492
5825,-102,834,75,386,16,15,187,-1.526917
5825,-102,833,75,386,15,13,187,-2.286682
5825,-102,833,75,386,18,12,186,0.523483
5825,-102,834,75,386,17,12,187,-0.614151
5825,-102,835,75,386,15,14,187,-2.461761
5825,-102,831,75,386,15,12,187,-3.326630
5825,-102,832,75,386,16,13,186,-1.242111
5825,-102,838,75,386,15,13,186,-2.611900
5825,-102,831,75,386,16,13,187,-1.261536
5825,-102,835,75,386,16,13,187,-1.412720
5825,-102,837,75,386,15,14,187,-2.371429
5825,-102,833,75,386,16,10,185,-1.202682
5825,-102,830,75,386,16,11,186,-1.258896
5825,-102,831,75,386,16,12,186,-1.112320
5825,-102,830,75,386,14,13,187,-3.404388
5825,-102,828,75,386,15,12,186,-2.013794
5825,-102,843,75,386,15,14,187,-2.390289
5825,-102,832,75,386,15,10,186,-2.368797
5825,-102,838,75,386,17,11,185,-0.653557
5825,-102,834,75,386,14,13,187,-3.162430
5825,-102,834,75,386,16,13,187,-1.280502
5825,-102,834,75,386,16,13,187,-1.655899
5825,-102,831,75,386,15,13,186,-2.524521
5825,-102,831,75,386,15,12,187,-2.067146
5825,-102,838,75,386,14,12,187,-3.768059
5825,-102,838,75,386,15,12,187,-2.227646
5825,-102,832,75,386,16,14,187,-1.568817
5825,-102,836,75,386,15,11,186,-2.125778
5825,-102,836,75,386,15,13,187,-2.646133
5825,-102,838,75,386,16,13,187,-1.484802
5825,-102,831,75,386,16,14,187,-1.638832
5825,-102,838,75,386,14,13,187,-3.380661
5825,-102,835,75,386,15,13,187,-2.256805
5825,-102,836,75,386,16,12,187,-1.437096
5825,-102,836,75,386,14,12,186,-4.116982
5825,-102,828,75,386,17,14,186,-0.420937
5825,-102,834,75,386,15,12,186,-2.059845
5825,-102,833,75,386,15,12,185,-2.225067
5825,-102,837,75,386,16,12,187,-1.310760
5825,-102,833,75,386,16,14,188,-1.041779
5825,-102,839,75,386,12,13,187,-5.499130
5825,-102,832,75,386,16,12,187,-1.803772
5825,-102,832,75,386,15,12,186,-2.782440
5825,-102,833,75,386,15,12,187,-2.815987
5825,-102,835,75,386,16,12,188,-1.063217
5825,-102,834,75,386,15,14,187,-2.256042
5825,-102,837,75,386,16,13,187,-1.500725
5825,-102,832,75,386,15,15,188,-2.194717
5825,-102,838,75,386,14,11,186,-3.551926
5825,-102,833,75,386,16,15,187,-2.072067
5825,-102,830,75,386,13,14,187,-4.775139
5825,-102,837,75,386,15,15,186,-2.358185
5825,-102,838,75,386,15,12,187,-2.440659
5825,-102,834,75,386,16,14,187,-1.781662
5825,-102,833,75,386,16,15,187,-1.146919
5825,-102,834,75,386,15,13,187,-2.528275
5825,-102,829,75,386,16,13,187,-2.357430
5825,-102,843,75,386,16,14,187,-1.077835
5825,-102,830,75,386,16,10,186,-1.343567
5825,-102,833,75,386,14,14,187,-3.161240
5825,-102,831,75,386,14,12,187,-3.429535
5825,-102,838,75,386,15,13,187,-2.264755
5825,-102,830,75,386,16,10,186,-1.570190
5825,-102,831,75,386,16,14,187,-1.426476
5825,-102,831,75,386,16,13,187,-1.882523
5825,-102,835,75,386,13,14,188,-4.434433
5825,-102,832,75,386,15,11,186,-2.398621
5825,-102,838,75,386,16,15,186,-1.423309
5825,-102,832,75,386,15,13,187,-2.736679
5825,-102,835,75,386,14,14,187,-3.638733
5825,-102,830,75,386,16,12,187,-1.103836
5825,-102,831,75,386,15,14,187,-2.560852
5825,-102,838,75,386,16,13,186,-1.396721
5825,-102,835,75,386,16,13,187,-2.744255
5825,-102,840,75,386,15,11,187,-2.784218
5825,-102,829,75,386,17,14,188,-0.091400
5825,-102,837,75,386,15,14,187,-2.153366
5825,-102,840,75,386,15,14,187,-2.292679
5825,-102,836,75,386,15,11,186,-2.165932
5825,-102,831,75,386,15,11,187,-2.662338
5825,-102,839,75,386,15,13,187,-2.343094
5825,-102,828,75,386,16,13,186,-1.723572
5825,-102,838,75,386,17,12,187,-1.115562
5825,-102,840,75,386,15,14,187,-2.817734
5825,-102,842,75,386,15,14,188,-3.362732
5825,-102,834,75,386,14,13,187,-3.231102
5825,-102,834,75,386,16,14,187,-1.394928
5825,-102,832,75,386,16,12,186,-1.789192
5825,-102,834,75,386,17,12,187,0.010162
5825,-102,833,75,386,17,11,186,-0.950706
5825,-102,840,75,386,15,14,188,-2.246948
5825,-102,829,74,386,16,10,186,-1.227058
5825,-102,829,75,386,17,14,186,-0.759377
5825,-102,834,75,386,15,14,187,-2.368431
5825,-102,836,75,386,15,12,187,-2.506836
5825,-102,836,75,386,15,14,187,-2.264984
5825,-102,839,75,386,16,13,187,-1.401611
5825,-102,832,75,386,14,13,187,-2.975357
5825,-102,828,75,386,15,14,187,-2.760437
5825,-102,836,75,386,14,15,188,-3.162109
5825,-102,838,75,386,16,13,187,-1.797356
5825,-102,833,75,386,17,13,187,-0.968971
5825,-102,838,75,386,15,13,186,-2.892845
5825,-102,830,75,386,16,13,187,-1.645889
5825,-102,832,75,386,17,11,187,-0.245163
5825,-102,838,75,386,15,12,187,-2.357460
5825,-102,833,75,386,14,15,187,-3.399506
5825,-102,830,75,386,14,13,187,-4.340118
5825,-102,830,75,386,15,15,186,-2.554047
5825,-102,831,75,386,16,14,187,-1.431793
5825,-102,834,75,386,14,16,188,-3.707443
5825,-102,838,75,386,14,13,187,-3.237167
5825,-102,840,75,386,14,12,187,-3.578430
5825,-102,833,75,386,15,15,187,-2.234436
5825,-102,831,75,386,15,13,186,-2.325058
5825,-102,838,75,386,16,14,187,-2.696823
5825,-102,833,75,386,18,12,187,0.496353
5825,-102,833,75,386,17,12,186,-0.400131
5825,-102,831,75,386,15,14,186,-2.586853
5825,-102,836,75,386,14,14,187,-2.952797
5825,-102,832,75,386,15,13,187,-2.179420
5825,-102,836,75,386,16,14,187,-1.185715
5825,-102,838,75,386,17,12,186,-0.699814
5825,-102,829,75,386,16,11,186,-1.085632
5825,-102,830,75,386,14,11,187,-3.091064
5825,-102,836,75,386,16,12,186,-1.309570
5825,-102,831,75,386,16,14,188,-1.803497
5825,-102,836,75,386,17,13,187,-0.290512
5825,-102,831,75,386,14,13,187,-3.136505
5825,-102,830,75,386,15,12,187,-2.322510
5825,-102,836,75,386,12,13,187,-6.339317
5825,-102,837,75,386,16,14,187,-1.174210
5825,-102,835,75,386,16,14,187,-1.322006
5825,-102,832,75,386,15,13,187,-1.966934
5825,-102,833,75,386,15,14,187,-2.157654
5825,-102,838,75,386,16,12,187,-1.784409
5825,-102,840,75,386,16,11,186,-1.333481
5825,-102,839,75,386,17,11,187,-0.483444
5825,-102,835,75,386,16,14,187,-1.444939
5825,-102,843,75,386,16,14,187,-1.217323
5825,-102,834,75,386,16,14,187,-1.559509
5825,-102,842,75,386,17,13,188,-0.790237
5825,-102,836,75,386,14,12,187,-3.783577
5825,-102,840,75,386,15,13,187,-2.479996
5825,-102,830,75,386,17,11,186,-0.278137
5825,-102,835,75,386,15,12,187,-1.935867
5825,-102,835,75,386,17,15,187,-0.938835
5825,-102,839,75,386,16,15,187,-1.207458
5825,-102,838,75,386,16,11,186,-1.073792
5825,-102,833,75,386,16,15,187,-1.093414
5825,-102,836,75,386,14,13,188,-3.102913
5825,-102,831,75,386,16,13,187,-1.142822
5825,-102,839,75,386,17,13,186,-0.540199
5825,-102,835,75,386,15,13,186,-2.740341
5825,-102,833,75,386,16,13,187,-2.145981
5825,-102,830,75,386,13,12,187,-4.265785
5825,-102,834,75,386,15,13,187,-2.054565
5825,-102,835,74,387,16,13,186,-2.224228
5825,-102,832,75,386,16,14,187,-1.525955
5825,-102,830,75,386,16,13,187,-1.354118
5825,-102,830,75,386,16,14,187,-1.510620
5825,-102,828,75,386,14,12,187,-3.390083
5825,-102,839,75,386,17,15,187,-0.318359
5825,-102,833,75,386,15,14,187,-2.184807
5825,-102,830,75,386,15,13,187,-2.346191
5825,-102,838,74,386,15,11,186,-2.147026
5825,-102,830,75,386,16,13,187,-1.324982
5825,-102,838,75,386,15,14,188,-2.115082
5825,-102,836,75,386,15,14,187,-2.277527
5825,-102,834,75,386,16,13,187,-1.393860
5825,-102,842,75,386,15,12,187,-3.109001
5825,-102,840,75,386,14,11,188,-3.636673
5825,-102,843,75,386,17,14,187,-0.788544
5825,-102,830,75,386,14,11,187,-3.825722
5825,-102,832,75,386,16,12,187,-0.925461
5825,-102,834,75,386,17,14,187,-0.948692
5825,-102,832,75,386,16,13,187,-1.449516
5825,-102,838,75,386,17,12,186,-1.031143
5825,-102,834,75,386,15,12,187,-2.505875
5825,-102,828,75,386,16,11,186,-1.778969
5825,-102,838,75,386,14,11,186,-3.569885
5825,-102,838,75,386,13,13,187,-4.542137
5825,-102,832,75,386,15,12,187,-2.277267
5825,-102,833,75,386,17,12,185,-0.336456
5825,-102,830,75,386,16,16,188,-1.265114
5825,-102,828,75,386,13,13,187,-4.410225
5825,-102,837,75,386,17,12,187,-0.429276
5825,-102,835,75,386,15,12,187,-2.564987
5825,-102,831,75,386,16,15,186,-1.655930
5825,-102,831,75,386,14,12,186,-3.223671
5825,-102,831,75,386,13,12,187,-4.281891
5825,-102,829,75,386,16,10,185,-1.236115
5825,-102,830,75,386,16,12,186,-0.886612
5825,-102,838,75,386,15,11,186,-2.607346
5825,-102,834,75,386,16,13,187,-1.637573
5825,-102,834,75,386,16,12,187,-1.242249
5825,-102,832,75,386,17,12,187,-0.012001
5825,-102,830,75,386,14,13,187,-3.365562
5825,-102,839,75,386,15,12,188,-2.642517
5825,-102,831,75,386,16,13,186,-1.222961
5825,-102,833,75,386,16,14,187,-1.404442
5825,-102,834,75,386,16,13,187,-1.645737
5825,-102,831,75,386,16,10,185,-1.331589
5825,-102,838,75,386,16,13,186,-1.357140
5825,-102,833,75,386,15,11,187,-2.829773
5825,-102,840,75,386,13,12,187,-4.797134
5825,-102,840,75,386,16,12,187,-1.400116
5825,-102,832,75,386,16,13,187,-1.591454
5825,-102,834,75,386,16,13,186,-1.319092
5825,-102,836,75,386,14,14,187,-3.349335
5825,-102,833,75,386,16,15,187,-1.066727
5825,-102,838,75,386,16,14,187,-1.311844
5825,-102,828,75,386,16,12,186,-1.797264
5825,-102,832,75,386,15,13,187,-3.725769
5825,-102,830,75,386,15,12,187,-2.227722
5825,-102,834,75,386,14,13,187,-3.323090
5825,-102,829,75,386,14,13,187,-3.361389
5825,-102,832,75,386,14,11,186,-3.592545
5825,-102,830,75,386,16,12,187,-1.052864
5825,-102,833,75,386,14,13,187,-3.174286
5825,-102,832,75,386,14,14,187,-3.141846
5825,-102,834,75,386,14,9,186,-3.260757
5825,-102,838,75,386,15,14,188,-2.266693
5825,-102,837,75,386,15,12,187,-2.790474
5825,-102,836,75,386,16,11,186,-1.207367
5825,-102,841,75,386,16,13,187,-1.243408
5825,-102,829,75,386,14,13,187,-4.296188
5825,-102,835,75,386,16,13,187,-1.104874
5825,-102,833,75,386,16,13,186,-0.942078
5825,-102,832,75,386,16,12,186,-1.541748
5825,-102,828,75,386,15,12,187,-2.249054
5825,-102,831,75,386,15,12,187,-3.138306
5825,-102,831,75,386,15,12,187,-2.781876
5825,-102,832,75,386,15,13,187,-2.686798
5825,-102,841,75,386,16,12,187,-1.223358
5825,-102,835,75,386,15,13,188,-3.016251
5825,-102,832,75,386,16,15,187,-1.201019
5825,-102,837,75,386,14,14,187,-3.112625
5825,-102,836,75,386,16,12,187,-1.299828
5825,-102,829,75,386,16,13,187,-1.357147
5825,-102,832,75,386,17,12,187,-0.219437
5825,-102,830,75,386,13,13,187,-4.522934
5825,-102,831,75,386,15,13,187,-2.482262
5825,-102,828,75,386,16,11,186,-1.183922
5825,-102,832,75,386,15,12,187,-2.451965
5825,-102,835,75,386,16,16,187,-1.405075
5825,-102,838,75,386,15,11,187,-2.689728
5825,-102,834,75,386,15,13,188,-3.754456
5825,-102,833,75,386,14,14,187,-3.909790
5825,-102,838,75,386,15,12,186,-2.057686
5825,-102,832,75,386,14,12,187,-3.410934
5825,-102,832,75,386,17,15,188,-0.511322
5825,-102,833,75,386,15,12,186,-2.067368
5825,-102,837,75,386,16,12,187,-1.854034
5825,-102,832,75,386,15,13,187,-2.076157
5825,-102,838,75,386,13,14,187,-4.671188
5825,-102,838,75,386,15,10,187,-2.291733
5825,-102,837,75,386,14,14,187,-3.365326
5825,-102,832,75,386,15,14,187,-2.808853
5825,-102,833,75,386,15,11,187,-2.681915
5825,-102,838,75,386,16,11,187,-1.994888
5825,-102,832,75,386,14,12,187,-3.630508
5825,-102,835,75,386,15,14,187,-2.244904
5825,-102,830,75,386,15,13,187,-2.229927
5825,-102,836,75,386,15,11,186,-2.618011
5825,-102,838,75,386,17,12,187,-0.213272
5825,-102,838,75,386,17,14,187,-0.205856
5825,-102,834,75,386,15,14,187,-2.799118
5825,-102,832,75,386,15,14,187,-2.624474
5825,-102,840,75,386,15,12,187,-2.371918
5825,-102,837,75,386,16,14,187,-1.781403
5825,-102,829,75,386,17,11,186,-0.096176
5825,-102,831,75,386,16,13,187,-1.646179
5825,-102,833,75,386,15,12,187,-2.239807
5825,-102,834,75,386,16,14,187,-1.931473
5825,-102,834,75,386,16,12,186,-1.390007
5825,-102,831,75,386,15,11,186,-2.786346
5825,-102,830,75,386,17,14,187,-0.415939
5825,-102,834,75,386,15,15,188,-2.383057
5825,-102,841,75,386,16,12,186,-1.740288
5825,-102,838,75,386,17,15,188,-0.269562
5825,-102,833,75,386,17,12,186,-0.190445
5825,-102,835,75,386,15,13,187,-3.002899
5825,-102,831,75,386,14,14,187,-3.227783
5825,-102,836,75,386,14,13,187,-3.873405
5825,-102,839,75,386,15,13,187,-2.594597
5825,-102,833,75,386,17,12,187,-0.550156
5825,-102,839,75,386,16,13,187,-1.556900
5825,-102,835,75,386,17,11,186,-0.619522
5825,-102,838,75,386,15,14,188,-2.503693
5825,-102,835,75,386,13,15,187,-4.801392
5825,-102,836,75,386,16,12,188,-1.111801
5825,-102,832,75,386,16,13,187,-1.152435
5825,-102,843,75,386,15,15,187,-2.489380
5825,-102,832,75,386,16,10,186,-1.785416
5825,-102,831,75,386,16,12,187,-1.759933
5825,-102,833,75,386,13,13,188,-4.468399
5825,-102,832,75,386,15,11,187,-2.307861
5825,-102,831,75,386,15,11,187,-2.378937
5825,-102,832,75,386,16,10,186,-1.754974
5825,-102,838,75,386,16,13,187,-1.980179
5825,-102,837,75,386,13,13,187,-4.677269
5825,-102,833,75,386,16,14,187,-1.397018
5825,-102,832,75,386,16,13,186,-1.384949
5825,-102,826,75,386,16,11,186,-1.449707
5825,-102,837,75,386,13,12,187,-4.097794
5825,-102,845,75,386,17,13,187,-0.281624
5825,-102,835,75,386,15,12,187,-2.603043
5825,-102,832,75,386,17,14,187,-1.006027
5825,-102,840,75,386,16,14,188,-1.092804
5825,-102,830,75,386,15,12,185,-2.218323
5825,-102,832,75,386,17,10,186,-0.353683
5825,-102,833,75,386,16,12,186,-1.573334
5825,-102,830,75,386,16,14,187,-1.052689
5825,-102,833,75,386,16,13,187,-1.508896
5825,-102,839,75,386,16,14,187,-1.800613
5825,-102,836,75,386,13,15,188,-4.510086
5825,-102,835,75,386,14,13,187,-3.228073
5825,-102,832,75,386,16,12,188,-1.659286
5825,-102,832,75,386,16,14,186,-0.940155
5825,-102,833,75,386,15,13,187,-2.534088
5825,-102,838,75,386,13,14,187,-4.055038
5825,-102,832,75,386,16,15,188,-1.368195
5825,-102,838,75,386,18,10,185,0.204880
5825,-102,831,75,386,17,13,187,-0.652100
5825,-102,830,75,386,16,12,186,-1.485619
5825,-102,831,75,386,15,14,187,-2.122047
5825,-102,833,75,386,14,13,187,-3.614349
5825,-102,835,75,386,17,14,188,-0.879204
5825,-102,834,75,386,15,12,187,-2.058319
5825,-102,838,75,386,17,12,187,-0.568794
5825,-102,834,75,386,14,11,187,-3.338455
5825,-102,832,75,386,15,14,187,-2.428780
5825,-102,831,75,386,16,13,187,-1.257294
5825,-102,833,75,386,16,14,186,-1.338417
5825,-102,838,75,386,16,12,187,-1.500732
5825,-102,838,75,386,12,14,187,-5.915916
5825,-102,829,75,386,15,13,187,-2.964951
5825,-102,839,75,386,16,12,187,-1.568184
5825,-102,840,75,386,16,13,188,-1.458069
5825,-102,838,75,386,16,13,186,-1.732468
5825,-102,839,75,386,15,12,187,-1.971931
5825,-102,837,75,386,14,12,187,-3.787819
5825,-102,832,75,386,16,13,187,-1.949074
5825,-102,839,75,386,16,13,187,-1.216263
5825,-102,830,75,386,15,13,187,-2.672501
5825,-102,833,75,386,14,13,187,-3.070999
5825,-102,835,75,386,16,13,187,-1.485161
5825,-102,835,75,386,14,14,187,-3.700134
5825,-102,831,75,386,15,13,188,-2.310356
5825,-102,834,75,386,16,12,187,-1.402740
5825,-102,840,75,386,14,14,188,-3.569260
5825,-102,830,75,386,15,12,187,-2.431747
5825,-102,835,75,386,17,13,187,-0.188263
5825,-102,833,75,386,15,12,186,-2.730804
5825,-102,832,75,386,17,12,187,-0.363846
5825,-102,838,75,386,15,13,188,-2.086548
5825,-102,832,75,386,16,12,187,-1.965683
5825,-102,830,75,386,17,10,185,-0.538292
5825,-102,833,75,386,16,14,187,-1.651215
5825,-102,828,75,386,13,12,187,-4.207695
5825,-102,838,75,386,16,15,188,-1.455399
5825,-102,834,75,386,16,11,186,-1.058800
5825,-102,830,75,386,16,13,187,-1.371941
5825,-102,831,75,386,17,12,186,-0.348038
5825,-102,835,75,386,16,12,187,-1.628647
5825,-102,828,75,386,14,12,187,-3.643959
5825,-102,832,75,386,14,14,187,-3.628571
5825,-102,833,75,386,17,12,186,-0.772575
5825,-102,833,75,386,16,14,186,-1.369553
5825,-102,835,75,386,15,13,187,-2.423477
5825,-102,835,75,386,17,12,187,-0.579483
5825,-102,832,75,386,14,13,188,-3.416794
5825,-102,835,75,386,16,12,186,-1.342438
5825,-102,837,75,386,15,11,186,-2.760597
5825,-102,836,75,386,16,13,186,-1.377350
5825,-102,837,75,386,16,14,187,-1.591965
5825,-102,827,75,386,15,12,186,-2.049423
5825,-102,837,75,386,14,13,187,-3.413269
5825,-102,834,75,386,16,15,186,-1.888504
5825,-102,832,75,386,18,13,187,0.344666
5825,-102,832,75,386,14,13,185,-3.337250
5825,-102,828,75,386,16,11,187,-1.775864
5825,-102,832,75,386,14,13,188,-3.078094
5825,-102,840,75,386,15,12,188,-2.544403
5825,-102,834,75,386,15,12,187,-2.409515
5825,-102,835,75,386,15,14,188,-2.061218
5825,-102,832,75,386,13,15,188,-4.661270
5825,-102,830,75,386,15,12,187,-2.825317
5825,-102,832,75,386,16,14,186,-1.488953
5825,-102,836,75,386,15,13,187,-2.175522
5825,-102,838,75,386,15,14,188,-2.704010
5825,-102,835,75,386,16,11,187,-1.440964
5825,-102,832,75,386,17,11,186,-0.131729
5825,-102,830,75,386,17,11,187,-0.429794
5825,-102,831,75,386,17,12,187,-0.033447
5825,-102,831,75,386,15,13,187,-3.014191
5825,-102,840,75,386,15,11,187,-2.578430
5825,-102,839,75,386,16,14,187,-1.390717
5825,-102,834,75,386,15,10,187,-2.207626
5825,-102,831,75,386,14,14,187,-3.159203
5825,-102,831,75,386,17,11,186,-0.057594
5825,-102,833,75,386,15,15,188,-2.270874
5825,-102,835,75,386,16,12,187,-1.801300
5825,-102,837,75,386,16,13,187,-1.521797
5825,-102,830,75,386,16,12,187,-1.080978
5825,-102,835,75,386,13,13,188,-4.912598
5825,-102,837,75,386,16,13,187,-1.468445
5825,-102,839,75,386,17,13,187,-0.502777
5825,-102,836,75,386,16,13,187,-1.311462
5825,-102,829,75,386,15,15,187,-2.541031
5825,-102,833,75,386,17,12,187,-0.049057
5825,-102,831,75,386,15,13,186,-2.803268
5825,-102,829,75,386,14,14,187,-3.428696
5825,-102,839,75,386,15,15,187,-2.721382
5825,-102,831,75,386,14,13,187,-3.298668
5825,-102,835,75,386,16,11,186,-1.555573
5825,-102,834,75,386,14,12,187,-3.973305
5825,-102,832,75,386,14,14,186,-3.213463
5825,-102,828,75,386,17,11,186,-0.264481
5825,-102,834,75,386,15,14,187,-2.419754
5825,-102,836,75,386,16,13,188,-1.195511
5825,-102,841,75,386,13,13,188,-4.827332
5825,-102,838,75,386,16,14,187,-1.434517
5825,-102,837,75,386,16,12,187,-1.446365
5825,-102,830,75,386,16,11,186,-1.399994
5825,-102,830,75,386,15,13,187,-3.696457
5825,-102,837,75,386,15,15,188,-2.547379
5825,-102,836,75,386,15,12,187,-2.661003
5825,-102,841,75,386,16,12,186,-1.138054
5825,-102,831,75,386,15,11,186,-2.365967
5825,-102,838,75,386,16,12,187,-1.845032
5825,-102,832,75,386,17,12,188,-0.354584
5845,-102,837,75,386,14,12,187,-3.625153
5845,-102,838,75,386,16,12,187,-0.961761
5845,-102,831,75,386,14,12,187,-3.236557
5845,-102,837,75,386,15,12,187,-2.389206
5845,-102,832,75,386,14,11,187,-3.327026
5845,-102,840,75,386,16,14,188,-1.737160
5845,-102,839,75,386,15,12,187,-2.931000
5845,-102,835,75,386,15,12,187,-3.140381
5845,-102,833,75,386,15,13,188,-2.199402
5845,-102,830,75,386,15,14,187,-2.529274
5845,-102,835,75,386,15,14,187,-3.334579
5845,-102,831,75,386,14,13,187,-3.253571
5845,-102,832,75,386,15,13,188,-2.220688
5845,-102,840,75,386,14,12,187,-3.978683
5845,-102,833,75,386,15,13,187,-2.536652
5845,-102,830,75,386,14,12,187,-3.228157
5845,-102,835,75,386,16,11,186,-1.518799
5845,-102,831,75,386,16,14,188,-1.156342
5845,-102,843,75,386,16,12,188,-1.493637
5845,-102,838,74,386,16,11,186,-1.059158
5845,-102,835,75,386,16,12,187,-1.390022
5845,-102,836,75,386,16,13,187,-1.354019
5845,-102,833,75,386,16,12,187,-1.105736
5845,-102,829,75,386,15,12,187,-2.482849
5845,-102,834,75,386,14,12,188,-3.883209
5845,-102,838,75,386,15,13,186,-2.407898
5845,-102,828,75,386,15,11,187,-3.305328
5845,-102,831,75,386,15,13,188,-2.123116
5845,-102,832,75,386,18,13,187,0.920319
5845,-102,838,75,386,16,13,187,-1.954720
5845,-102,836,75,386,16,14,187,-2.727905
5845,-102,837,74,386,15,11,186,-2.884605
5845,-102,833,75,386,16,14,187,-1.607544
5845,-102,830,75,386,16,10,187,-1.266273
5845,-102,832,75,386,14,13,187,-3.456940
5845,-102,829,75,386,17,12,186,-0.515923
5845,-102,837,75,386,15,13,187,-2.656906
5845,-102,830,75,386,13,12,187,-4.661652
5845,-102,833,75,386,15,14,187,-2.579102
5845,-102,830,75,386,13,13,187,-4.493958
5845,-102,834,75,386,14,15,188,-3.366821
5845,-102,835,75,386,15,12,187,-2.357246
5845,-102,828,75,386,15,11,187,-3.369263
5845,-102,834,75,386,14,11,186,-3.435318
5845,-102,833,75,386,14,9,187,-3.497353
5845,-102,830,75,386,15,11,186,-2.234756
5845,-102,831,75,386,15,12,187,-2.755714
5845,-102,833,75,386,15,13,187,-2.483688
5845,-102,832,75,386,14,11,187,-3.346954
5845,-102,833,75,386,15,13,187,-2.821747
5845,-102,834,75,386,15,11,188,-2.719055
5845,-102,833,75,386,16,12,187,-1.590546
5845,-102,835,75,386,14,13,187,-3.523605
5845,-102,840,75,386,17,12,187,-0.307823
5845,-102,835,75,386,15,12,187,-2.036728
5845,-102,842,75,386,16,13,187,-1.197586
5845,-102,839,75,386,15,13,187,-2.248260
5845,-102,833,75,386,16,13,187,-1.523422
5845,-102,840,75,386,16,12,187,-1.106255
5845,-102,839,75,386,15,14,188,-2.827934
5845,-102,834,75,386,15,12,187,-2.421822
5845,-102,839,75,386,16,13,187,-1.145950
5845,-102,832,75,386,14,15,188,-3.365219
5845,-102,837,75,386,15,12,188,-2.876907
5845,-102,832,75,386,15,12,188,-2.273430
5845,-102,833,75,386,15,12,187,-2.092392
5845,-102,831,75,386,16,14,188,-1.563156
5845,-102,834,75,386,16,14,188,-2.004234
5845,-102,838,75,386,16,14,187,-1.435623
5845,-102,830,75,386,15,15,188,-2.942009
5845,-102,831,75,386,16,13,187,-2.717529
5845,-102,837,75,386,15,14,187,-2.284416
5845,-102,836,75,386,14,11,187,-3.355820
5845,-102,830,75,386,15,13,187,-2.676849
5845,-102,840,75,386,14,12,187,-3.584137
5845,-102,835,75,386,16,15,188,-1.259369
5845,-102,831,75,386,14,14,187,-3.521416
5845,-102,831,75,386,13,12,187,-4.339828
5845,-102,831,75,386,13,11,188,-4.015671
5845,-102,833,75,386,15,12,187,-2.045654
5845,-102,830,75,386,16,12,187,-0.964073
5845,-102,831,75,386,15,13,188,-2.534523
5845,-102,831,75,386,15,12,187,-2.350250
5845,-102,838,75,386,16,12,187,-1.436661
5845,-102,830,75,386,14,10,187,-3.409760
5845,-102,835,75,386,15,13,187,-2.251205
5845,-102,833,75,386,14,13,187,-3.465790
5845,-102,835,75,386,16,12,188,-2.202454
5845,-102,840,75,386,16,12,188,-1.383240
5845,-102,830,75,386,15,12,187,-2.629868
5845,-102,836,75,386,16,13,188,-1.493469
5845,-102,836,75,386,15,14,187,-2.448654
5845,-102,835,75,386,16,14,187,-1.284439
5845,-102,835,75,386,15,13,187,-2.236557
5845,-102,830,75,386,17,14,187,-0.564224
5845,-102,833,75,386,17,13,188,-0.359879
5845,-102,828,75,386,16,12,187,-1.367622
5845,-102,839,75,386,14,13,187,-3.409531
5845,-102,832,75,386,15,13,187,-2.213028
5845,-102,831,75,386,15,11,187,-2.427841
5845,-102,838,75,386,14,13,187,-3.775345
5845,-102,836,75,386,16,15,188,-1.710327
5845,-102,829,75,386,14,13,187,-3.363754
5845,-102,840,75,386,16,12,188,-1.484756
5845,-102,835,75,386,15,13,187,-2.291504
5845,-102,834,75,386,14,13,187,-3.445175
5845,-102,836,75,386,15,12,187,-2.636482
5845,-102,833,75,386,15,11,186,-2.553078
5845,-102,836,75,386,14,12,187,-3.533859
5845,-102,830,75,386,16,11,187,-2.177216
5845,-102,831,75,386,14,13,187,-3.258476
5845,-102,835,75,386,15,15,187,-2.665596
5845,-102,842,75,386,15,12,187,-2.832718
5845,-102,832,75,386,14,12,187,-3.358284
5845,-102,832,75,386,16,13,188,-1.082771
5845,-102,830,75,386,15,12,187,-3.151672
5845,-102,830,75,386,16,12,187,-1.471344
5845,-102,840,75,386,14,12,187,-4.149239
5845,-102,828,75,386,16,11,186,-1.131165
5845,-102,828,75,386,16,11,187,-1.357666
5845,-102,830,75,386,14,13,187,-4.169220
5845,-102,834,75,386,15,11,187,-2.036575
5845,-102,832,75,386,16,13,187,-1.135849
5845,-102,836,75,386,15,13,188,-2.164383
5845,-102,832,75,386,14,13,186,-3.201385
5845,-102,832,75,386,16,13,187,-1.164749
5845,-102,831,75,386,15,13,187,-2.474213
5845,-102,833,75,386,15,13,187,-2.793030
5845,-102,832,75,386,15,11,187,-2.528671
5845,-102,832,75,386,16,10,186,-1.653633
5845,-102,838,74,386,18,11,187,0.791290
5845,-102,833,75,386,16,14,188,-1.887344
5845,-102,829,75,386,16,13,187,-1.134109
5845,-102,836,75,386,15,14,188,-2.894623
5845,-102,834,75,386,15,14,187,-2.333580
5845,-102,831,75,386,15,14,187,-2.638741
5845,-102,834,75,386,15,13,187,-2.333183
5845,-102,838,75,386,16,14,188,-1.534012
5845,-102,837,75,386,16,12,186,-1.653778
5845,-102,838,75,386,15,14,187,-2.555191
5845,-102,830,75,386,15,12,187,-2.242981
5845,-102,835,75,386,15,11,187,-2.516541
5845,-102,831,75,386,15,12,187,-2.409531
5845,-102,831,74,386,17,11,187,-0.170128
5845,-102,833,75,386,14,14,188,-3.325989
5845,-102,840,75,386,16,12,187,-1.672668
5845,-102,836,75,386,15,14,188,-2.376213
5845,-102,838,75,386,17,11,187,-0.528900
5845,-102,833,75,386,15,13,187,-2.410675
5845,-102,832,75,386,15,14,188,-2.473465
5845,-102,830,75,386,16,11,187,-1.244781
5845,-102,831,75,386,15,12,187,-2.365250
5845,-102,833,75,386,15,12,186,-2.252228
5845,-102,836,75,386,15,13,188,-2.729034
5845,-102,836,75,386,16,12,187,-1.047012
5845,-102,838,75,386,14,15,188,-4.322952
5845,-102,834,75,386,15,12,187,-2.704346
5845,-102,832,75,386,15,12,187,-2.269684
5845,-102,831,75,386,16,12,187,-1.288780
5845,-102,833,75,386,14,11,186,-3.097717
5845,-102,838,75,386,15,13,187,-2.106995
5845,-102,830,75,386,16,15,187,-1.656822
5845,-102,833,75,386,17,11,187,-0.406433
5845,-102,835,75,386,15,12,187,-2.816147
5845,-102,830,75,386,14,12,186,-3.050842
5845,-102,839,75,386,17,14,188,-0.185974
5845,-102,835,75,386,16,11,187,-1.866837
5845,-102,838,75,386,14,12,187,-3.333939
5845,-102,834,75,386,14,12,187,-3.240936
5845,-102,835,75,386,13,12,187,-4.622849
5845,-102,835,75,386,16,13,187,-1.274765
5845,-102,833,75,386,15,13,188,-2.095596
5845,-102,836,75,386,16,14,187,-1.387024
5845,-102,833,75,386,16,15,187,-1.997612
5845,-102,832,75,386,14,17,188,-3.101463
5845,-102,834,75,386,15,12,187,-2.221924
5845,-102,842,75,386,14,12,187,-4.729233
5845,-102,833,75,386,16,12,187,-1.075981
5845,-102,837,75,386,13,12,187,-4.271317
5845,-102,833,75,386,16,10,187,-1.463814
5845,-102,835,75,386,16,13,188,-1.693451
5845,-102,831,75,386,15,13,186,-3.093559
5845,-102,833,75,386,11,12,187,-6.763641
5845,-102,835,75,386,17,12,187,-0.234894
5845,-102,840,75,386,16,12,188,-1.377380
5845,-102,834,75,386,16,12,187,-1.334023
5845,-102,841,75,386,15,13,188,-2.630615
5845,-102,836,75,386,16,11,187,-1.483231
5845,-102,831,75,386,15,12,187,-2.249588
5845,-102,835,75,386,14,12,187,-3.213974
5845,-102,834,75,386,16,14,187,-1.151138
5845,-102,839,75,386,16,12,187,-1.829559
5845,-102,832,75,386,15,13,187,-2.506744
5845,-102,832,75,386,15,14,188,-2.381119
5845,-102,834,75,386,15,13,187,-2.869644
5845,-102,834,75,386,15,13,187,-2.566620
5845,-102,838,75,386,15,15,186,-3.074684
5845,-102,835,75,386,17,11,187,-0.658501
5845,-102,834,75,386,15,12,187,-2.411919
5845,-102,833,75,386,16,14,187,-1.280121
5845,-102,830,75,386,15,10,186,-2.476501
5845,-102,832,75,386,17,12,188,-0.713676
5845,-102,830,75,386,15,13,187,-2.419342
5845,-102,831,75,386,16,12,187,-1.173782
5845,-102,834,75,386,15,12,187,-2.389709
5845,-102,831,75,386,15,13,187,-2.870026
5845,-102,835,75,386,14,12,187,-3.689941
5845,-102,833,75,386,13,12,187,-4.699295
5845,-102,833,75,386,16,13,187,-1.520737
5845,-102,838,75,386,13,13,188,-4.243515
5845,-102,833,75,386,15,15,188,-2.553848
5845,-102,843,75,386,15,13,187,-2.315506
5845,-102,835,75,386,17,12,187,-0.552887
5845,-102,831,75,386,16,12,187,-1.166809
5845,-102,834,75,386,13,11,186,-4.515076
5845,-102,833,75,386,15,14,187,-2.032410
5845,-102,831,75,386,16,13,187,-1.170647
5845,-102,832,75,386,12,13,187,-5.340775
5845,-102,831,75,386,16,13,187,-1.357422
5845,-102,833,75,386,15,12,187,-2.762711
5845,-102,833,75,386,16,12,187,-1.510437
5845,-102,830,75,386,14,13,187,-3.799896
5845,-102,831,75,386,15,13,187,-2.971695
5845,-102,833,75,386,14,13,187,-3.137589
5845,-102,835,75,386,15,12,188,-2.375626
5845,-102,832,75,386,16,13,187,-1.639221
5845,-102,833,75,386,14,13,187,-3.510986
5845,-102,833,75,386,16,11,186,-1.455536
5845,-102,833,75,386,16,14,188,-1.263870
5845,-102,832,75,386,12,13,187,-5.763489
5845,-102,831,75,386,17,11,186,-0.763382
5845,-102,838,75,386,15,13,188,-2.668701
5845,-102,832,74,386,16,13,186,-1.547409
5845,-102,838,75,386,16,11,187,-1.136169
5845,-102,829,75,386,17,15,187,-0.650940
5845,-102,841,75,386,17,13,188,-0.239159
5845,-102,840,75,386,17,12,188,-0.543686
5845,-102,831,75,386,15,15,188,-2.757233
5845,-102,833,75,386,14,15,187,-3.365082
5845,-102,832,75,386,15,13,187,-2.426529
5845,-102,830,75,386,16,13,187,-1.332428
5845,-102,833,75,386,15,13,187,-2.856964
5845,-102,834,75,386,15,14,188,-2.573761
5845,-102,843,75,386,16,13,187,-1.236206
5845,-102,832,75,386,15,14,187,-2.140610
5845,-102,833,75,386,16,14,188,-2.783386
5845,-102,837,75,386,15,14,188,-2.190407
5845,-102,831,75,386,15,14,187,-2.417130
5845,-102,831,75,386,16,14,187,-1.149162
5845,-102,836,75,386,14,12,187,-3.226967
5845,-102,831,75,386,17,13,187,-0.540474
5845,-102,833,75,386,16,13,187,-1.315948
5845,-102,830,75,386,14,12,187,-4.349762
5845,-102,832,75,386,14,11,187,-3.589493
5845,-102,830,75,386,15,11,187,-2.178787
5845,-102,832,75,386,15,12,187,-2.224701
5845,-102,840,75,386,14,14,188,-3.250732
5845,-102,832,75,386,15,11,186,-2.444321
5845,-102,838,75,386,15,14,187,-2.402374
5845,-102,830,75,386,13,13,188,-4.447380
5845,-102,838,75,386,16,10,187,-1.422241
5845,-102,838,75,386,15,12,187,-2.553825
5845,-102,832,75,386,16,10,186,-1.916306
5845,-102,840,75,386,16,11,187,-1.782776
5845,-102,836,75,386,14,10,186,-3.371017
5845,-102,837,75,386,17,14,187,-0.271896
5845,-102,831,75,386,15,15,187,-2.926170
5845,-102,831,75,386,17,13,187,-0.268570
5845,-102,830,75,386,14,12,187,-3.871582
5845,-102,835,75,386,15,12,187,-2.480545
5845,-102,839,75,386,13,13,187,-4.013535
5845,-102,835,75,386,15,14,188,-3.030594
5845,-102,834,75,386,16,14,187,-2.013214
5845,-102,833,75,386,15,13,187,-2.210632
5845,-102,828,75,386,15,14,186,-2.552376
5845,-102,835,75,386,17,13,187,-0.551254
5845,-102,830,75,386,17,11,186,-0.706390
5845,-102,833,75,386,15,13,187,-2.671967
5845,-102,840,75,386,13,12,187,-4.266495
5845,-102,837,75,386,15,14,188,-2.841217
5845,-102,832,75,386,14,15,187,-4.343620
5845,-102,834,75,386,16,14,188,-1.270851
5845,-102,832,75,386,14,12,187,-3.854309
5845,-102,839,75,386,14,13,187,-3.497520
5845,-102,831,75,386,15,12,187,-2.783394
5845,-102,833,74,387,16,11,187,-1.385391
5845,-102,838,75,386,14,13,186,-3.357384
5845,-102,834,75,386,15,12,188,-2.228271
5845,-102,834,75,386,14,13,187,-2.991028
5845,-102,842,75,386,15,12,188,-2.491257
5845,-102,835,75,386,15,12,187,-2.059769
5845,-102,831,75,386,14,13,187,-3.579117
5845,-102,831,75,386,15,11,187,-2.149887
5845,-102,834,75,386,15,15,188,-2.448257
5845,-102,834,75,386,15,14,187,-3.328552
5845,-102,836,75,386,15,14,187,-2.253342
5845,-102,833,75,386,18,12,188,0.776260
5845,-102,836,75,386,14,14,187,-3.420944
5845,-102,836,75,386,15,14,188,-2.300690
5845,-102,836,75,386,14,13,188,-2.983887
5845,-102,839,75,386,16,12,187,-1.670914
5845,-102,836,75,386,16,15,187,-1.841873
5845,-102,839,75,386,14,12,187,-3.327499
5845,-102,830,75,386,14,11,185,-3.749161
5845,-102,833,75,386,16,12,187,-1.283371
5845,-102,829,75,386,14,12,187,-3.816299
5845,-102,838,75,386,16,13,186,-1.768326
5845,-102,834,75,386,13,14,187,-5.181068
5845,-102,838,75,386,15,13,187,-2.785988
5845,-102,832,75,386,15,15,187,-2.976250
5845,-102,830,75,386,14,13,187,-3.443199
5845,-102,836,75,386,16,12,187,-1.456299
5845,-102,833,75,386,14,14,187,-3.656204
5845,-102,834,75,386,12,13,187,-5.955246
5845,-102,828,75,386,15,13,187,-2.201714
5845,-102,842,75,386,17,14,188,-0.733894
5845,-102,834,75,386,15,13,187,-2.283501
5845,-102,837,75,386,16,11,187,-1.083687
5845,-102,833,75,386,15,13,187,-2.227257
5845,-102,839,75,386,14,11,187,-3.445358
5845,-102,830,75,386,14,12,187,-3.809662
5845,-102,832,75,386,14,13,186,-3.472214
5845,-102,837,75,386,14,14,187,-3.433563
5845,-102,833,75,386,14,12,187,-3.361084
5845,-102,838,75,386,13,12,187,-4.091995
5845,-102,838,75,386,15,14,187,-2.105812
5845,-102,831,75,386,14,10,186,-3.921661
5845,-102,827,75,386,16,13,187,-1.161072
5845,-102,831,74,386,17,13,187,-0.457375
5845,-102,834,75,386,16,12,187,-1.656883
5845,-102,833,75,386,17,13,188,-0.460831
5845,-102,837,75,386,15,13,187,-2.232239
5845,-102,832,75,386,14,12,187,-3.343811
5845,-102,837,75,386,14,15,188,-3.389343
5845,-102,831,75,386,14,10,186,-3.119827
5845,-102,834,75,386,15,13,187,-2.415527
5845,-102,831,75,386,14,13,188,-3.247299
5845,-102,834,75,386,16,11,186,-1.764496
5845,-102,829,75,386,14,13,186,-4.147766
5845,-102,831,75,386,15,14,187,-2.237366
5845,-102,836,75,386,15,14,188,-2.115532
5845,-102,841,75,386,15,12,187,-2.048149
5845,-102,834,75,386,14,13,188,-3.296844
5845,-102,833,75,386,15,12,187,-2.312256
5845,-102,836,75,386,15,13,187,-2.624374
5845,-102,835,75,386,14,13,187,-3.456039
5845,-102,836,75,386,15,14,187,-2.556763
5845,-102,838,75,386,15,13,187,-2.814247
5845,-102,833,75,386,15,13,187,-2.428970
5845,-102,831,75,386,15,12,186,-2.462372
5845,-102,837,75,386,15,13,187,-2.786995
5845,-102,829,75,386,15,12,187,-3.154251
5845,-102,831,75,386,14,12,187,-3.639542
5845,-102,833,75,386,13,13,187,-3.972595
5845,-102,838,75,386,14,11,187,-3.381012
5845,-102,831,75,386,16,12,187,-1.470963
5845,-102,838,75,386,15,13,187,-2.143524
5845,-102,833,75,386,16,13,187,-1.475418
5845,-102,837,75,386,16,12,187,-2.141556
5845,-102,836,75,386,14,13,187,-3.333496
5845,-102,836,75,386,18,13,188,0.510941
5845,-102,837,75,386,16,13,188,-1.439278
5845,-102,832,75,386,14,10,186,-3.352615
5845,-102,838,75,386,15,13,188,-2.498672
5845,-102,832,75,386,16,12,187,-1.420807
5845,-102,831,75,386,15,11,186,-2.162155
5845,-102,840,75,386,15,11,187,-2.545227
5845,-102,832,75,386,15,12,187,-2.839630
5845,-102,835,75,386,15,14,187,-2.615852
5845,-102,845,75,386,14,14,187,-3.140015
5845,-102,833,75,386,17,11,187,-0.957947
5845,-102,831,75,386,16,16,187,-1.430099
5845,-102,833,75,386,15,12,188,-2.293854
5845,-102,837,75,386,16,14,187,-2.145416
5845,-102,831,75,386,14,12,187,-3.291656
5845,-102,831,74,386,16,12,187,-1.349442
5845,-102,830,75,386,15,14,188,-2.357468
5845,-102,833,75,386,14,12,187,-3.823883
5845,-102,832,75,386,16,13,188,-1.348755
5845,-102,838,75,386,14,14,188,-3.329605
5845,-102,832,75,386,15,14,188,-2.434021
5845,-102,836,75,386,16,13,187,-1.488525
5845,-102,838,75,386,15,13,187,-3.167175
5845,-102,838,75,386,16,12,187,-2.358864
5845,-102,832,75,386,13,12,187,-4.605797
5845,-102,830,75,386,15,15,187,-2.573532
5845,-102,828,75,386,12,14,187,-5.138687
5845,-102,832,75,386,14,12,187,-3.359238
5845,-102,838,75,386,15,13,188,-2.910461
5845,-102,840,75,386,12,12,187,-5.409760
5845,-102,833,75,386,15,11,187,-3.332558
5845,-102,833,75,386,17,12,187,-0.048172
5845,-102,832,75,386,16,12,187,-1.349586
5845,-102,835,75,386,16,13,187,-1.380127
5845,-102,829,74,386,16,13,186,-1.619980
5845,-102,835,75,386,16,13,187,-1.793091
5845,-102,837,75,386,15,12,187,-2.499359
5845,-102,834,75,386,15,11,187,-2.494316
5845,-102,830,75,386,16,9,187,-1.458778
5845,-102,831,75,386,15,11,187,-2.229721
5845,-102,830,75,386,15,15,187,-3.336090
5845,-102,832,75,386,15,13,187,-2.273392
5845,-102,827,75,386,16,11,186,-1.753815
5845,-102,834,75,386,16,13,187,-1.462097
5845,-102,834,75,386,14,13,187,-4.338806
5845,-102,841,75,386,15,13,187,-3.157326
5845,-102,842,75,386,16,14,187,-1.806046
5845,-102,832,75,386,16,13,187,-1.705055
5845,-102,838,75,386,14,12,188,-3.180389
5845,-102,841,75,386,16,11,187,-1.397293
5845,-102,837,74,387,17,13,187,-0.766159
5845,-102,828,75,386,15,12,187,-2.266113
5845,-102,834,75,386,15,12,186,-2.649078
5845,-102,831,75,386,16,14,188,-1.371872
5845,-102,839,75,386,16,12,187,-1.432251
5845,-102,831,75,386,17,15,187,-0.488953
5845,-102,835,75,386,15,12,186,-2.139297
5845,-102,842,75,386,16,13,187,-1.372040
5845,-102,834,75,386,16,12,188,-1.190323
5845,-102,832,75,386,15,12,187,-2.506638
5845,-102,844,75,386,15,13,187,-2.389282
5845,-102,834,75,386,15,14,188,-2.632751
5845,-102,834,75,386,15,14,187,-2.112503
5845,-102,840,75,386,16,13,188,-1.196686
5845,-102,830,75,386,14,12,187,-3.529808
5845,-102,833,75,386,15,12,187,-2.102570
5845,-102,835,75,386,15,13,188,-2.308372
5845,-102,830,75,386,15,13,187,-2.800903
5845,-102,833,75,386,16,12,187,-1.674988
5845,-102,832,75,386,16,14,187,-1.627686
5845,-102,831,75,386,16,11,187,-1.276443
5845,-102,837,75,386,15,12,188,-3.018967
5845,-102,833,75,386,15,11,188,-2.605164
5845,-102,832,75,386,15,11,187,-2.341797
5845,-102,837,75,386,17,13,188,-0.553284
5845,-102,843,75,386,15,14,187,-2.270279
5845,-102,830,75,386,14,14,187,-2.986557
5845,-102,837,75,386,14,12,187,-3.967705
5845,-102,838,75,386,14,15,188,-3.319138
5845,-102,838,75,386,14,15,188,-3.692093
5845,-102,833,75,386,16,12,187,-1.518585
5845,-102,842,75,386,13,12,188,-4.738159
5845,-102,832,75,386,15,12,186,-2.212753
5845,-102,837,75,386,15,11,187,-2.297943
5845,-102,836,75,386,16,12,188,-1.383194
5845,-102,828,75,386,15,11,187,-2.609619
5845,-102,834,75,386,16,12,187,-1.182220
5845,-102,831,75,386,15,14,187,-2.279358
5845,-102,840,75,386,13,13,187,-4.298141
5845,-102,832,75,386,16,13,187,-1.495155
5845,-102,830,75,386,17,13,187,-1.178253
5845,-102,832,75,386,14,15,188,-3.393631
5845,-102,831,75,386,13,13,187,-4.700020
5845,-102,838,75,386,15,14,187,-2.494446
5845,-102,840,75,386,15,13,188,-1.991913
5845,-102,839,75,386,13,14,188,-5.348969
5845,-102,833,75,386,15,13,187,-2.460526
5845,-102,833,75,386,16,15,187,-1.820267
5845,-102,840,75,386,15,14,188,-2.212021
5845,-102,839,75,386,15,12,187,-2.236641
5845,-102,830,75,386,17,13,187,-0.438675
5845,-102,840,75,386,14,13,187,-3.915375
5845,-102,832,75,386,17,13,187,-0.478149
5845,-102,830,75,386,15,13,187,-2.073853
5845,-102,832,75,386,16,13,187,-1.131424
5845,-102,834,75,386,16,12,187,-1.414917
5845,-102,828,75,386,16,10,186,-1.671799
5845,-102,832,75,386,15,12,187,-2.472809
5845,-102,828,75,386,15,12,187,-2.328613
5845,-102,837,75,386,13,12,187,-4.352570
5845,-102,831,75,386,16,12,187,-1.627541
5845,-102,833,75,386,14,11,186,-3.410797
5845,-102,836,75,386,15,11,186,-2.282104
5845,-102,838,75,386,15,13,187,-3.125168
5845,-102,832,75,386,15,11,188,-2.319946
5845,-102,833,75,386,15,11,187,-2.328789
5845,-102,829,75,386,15,13,187,-2.218292
5845,-102,834,75,386,14,12,187,-3.333725
5845,-102,839,75,386,15,14,188,-2.299026
5845,-102,835,75,386,15,12,188,-2.317398
5845,-102,840,75,386,16,12,187,-1.509628
5845,-102,840,75,386,16,13,187,-1.034805
5845,-102,842,75,386,15,13,187,-2.499176
5845,-102,832,75,386,14,12,187,-3.986526
5845,-102,832,75,386,14,13,187,-3.690643
5845,-102,837,75,386,16,11,187,-1.214607
5845,-102,836,75,386,15,13,188,-2.624222
5845,-102,832,75,386,15,14,187,-2.125824
5845,-102,838,75,386,15,13,187,-3.136703
5845,-102,830,75,386,15,12,187,-2.405891
5845,-102,840,75,386,13,12,187,-4.108093
5845,-102,834,75,386,15,13,188,-2.444977
5845,-102,832,75,386,16,16,189,-1.256271
5845,-102,838,75,386,15,14,188,-2.548729
5845,-102,830,75,386,17,11,187,-0.598251
5845,-102,832,75,386,15,12,187,-2.735764
5845,-102,836,75,386,16,14,187,-1.209885
5845,-102,833,75,386,15,12,186,-2.220238
5845,-102,835,75,386,15,13,188,-2.622421
5845,-102,831,75,386,15,11,187,-2.490578
5845,-102,829,75,386,16,14,187,-1.171417
5845,-102,832,75,386,16,11,186,-1.304054
5845,-102,834,75,386,13,11,187,-4.448296
5845,-102,836,75,386,13,10,186,-4.367996
5845,-102,831,75,386,16,12,187,-1.583527
5845,-102,836,75,386,15,12,187,-2.014526
5845,-102,842,75,386,13,13,187,-4.150597
5845,-102,828,75,386,13,12,187,-4.424919
5845,-102,830,75,386,15,14,188,-2.107956
5845,-102,830,75,386,15,14,187,-3.370934
5845,-102,833,75,386,17,11,186,-0.373177
5845,-102,833,75,386,17,13,187,-0.217880
5845,-102,832,75,386,16,13,187,-1.804886
5845,-102,837,75,386,15,12,187,-2.105667
5845,-102,832,75,386,15,13,187,-2.258026
5845,-102,833,75,386,15,14,187,-2.813095
5845,-102,838,75,386,16,14,187,-1.465286
5845,-102,835,75,386,14,11,187,-3.541000
5845,-102,832,75,386,13,11,187,-4.559174
5845,-102,841,75,386,15,15,187,-2.528641
5845,-102,832,75,386,15,13,186,-2.950302
5845,-102,840,75,386,14,14,188,-3.307968
5845,-102,840,75,386,17,14,187,-0.768944
5845,-102,835,75,386,14,12,188,-3.323189
5845,-102,831,75,386,14,12,187,-3.346939
5845,-102,837,75,386,16,12,187,-1.250381
5845,-102,832,75,386,14,13,187,-3.109383
5845,-102,833,75,386,14,14,187,-4.398399
5845,-102,835,75,386,16,12,188,-1.287483
5845,-102,829,75,386,15,12,187,-2.691818
5845,-102,832,75,386,16,13,187,-1.114960
5845,-102,836,75,386,15,14,186,-2.352554
5845,-102,833,75,386,17,11,186,-0.118355
5845,-102,831,75,386,13,12,187,-4.420959
5845,-102,834,75,386,14,12,187,-3.408585
5845,-102,837,75,386,16,12,186,-2.247177
5845,-102,828,75,386,15,12,187,-2.679718
5845,-102,832,75,386,16,11,187,-1.098953
5845,-102,834,75,386,17,13,188,-0.364227
5845,-102,833,75,386,14,13,186,-3.927505
5845,-102,828,75,386,14,11,187,-3.183578
5845,-102,832,75,386,16,13,188,-1.094345
5845,-102,838,75,386,15,14,187,-2.059540
5845,-102,834,75,386,15,13,188,-2.269852
5845,-102,842,75,386,16,14,188,-1.185066
5845,-102,840,75,386,16,12,187,-1.765137
5845,-102,838,75,386,16,15,188,-1.246635
5845,-102,833,75,386,18,14,187,0.544937
5845,-102,830,75,386,16,14,187,-1.318214
5845,-102,839,75,386,15,13,188,-2.292419
5845,-102,834,75,386,16,14,188,-1.274216
5845,-102,837,75,386,16,13,188,-1.439224
5845,-102,834,75,386,13,12,187,-5.127129
5845,-102,839,75,386,14,11,187,-3.312950
5845,-102,834,74,386,16,15,186,-1.791199
5845,-102,833,75,386,15,15,188,-2.306473
5845,-102,837,75,386,17,13,187,-0.266983
5845,-102,834,75,386,16,13,187,-1.317291
5845,-102,832,75,386,15,13,187,-2.565521
5845,-102,839,75,386,14,15,188,-3.583313
5845,-102,832,75,386,14,12,187,-3.620239
5845,-102,837,75,386,16,11,187,-1.489334
5845,-102,833,75,386,16,14,188,-1.213043
5845,-102,831,75,386,16,13,187,-1.826279
5845,-102,840,75,386,16,12,187,-1.324051
5845,-102,837,75,386,16,13,188,-1.649933
5845,-102,831,75,386,15,12,187,-2.239555
5845,-102,836,75,386,16,12,187,-1.559280
5845,-102,832,75,386,15,13,187,-2.577942
5845,-102,836,75,386,17,13,187,-0.244209
5845,-102,837,75,386,14,12,187,-3.336166
5845,-102,833,75,386,15,12,187,-2.113541
5845,-102,835,75,386,15,12,188,-2.182632
5845,-102,835,75,386,16,12,187,-1.456406
5845,-102,836,75,386,16,11,187,-1.658020
5845,-102,831,75,386,15,13,186,-2.427704
5845,-102,830,75,386,15,14,188,-2.390488
5845,-102,835,75,386,15,13,187,-2.535248
5845,-102,837,75,386,16,12,187,-2.329178
5845,-102,831,75,386,17,13,187,-0.584793
5845,-102,830,75,386,14,13,187,-3.770432
5845,-102,831,75,386,16,13,187,-1.505798
5845,-102,833,74,386,18,15,187,0.438416
5845,-102,836,75,386,15,12,187,-3.209381
5845,-102,834,75,386,16,12,187,-2.353577
5845,-102,839,75,386,15,11,188,-2.586670
5845,-102,832,75,386,14,13,187,-3.668167
5845,-102,833,75,386,14,15,187,-4.353928
5845,-102,834,75,386,16,11,186,-1.386284
5845,-102,840,75,386,16,13,187,-1.317566
5845,-102,830,75,386,16,12,187,-1.291214
5845,-102,838,75,386,16,12,187,-1.445427
5845,-102,829,75,386,16,14,187,-1.813820
5845,-102,836,75,386,16,11,187,-1.307724
5845,-102,834,75,386,14,13,187,-3.570229
5845,-102,838,75,386,15,13,187,-2.584854
5845,-102,834,75,386,15,12,187,-2.534142
5845,-102,837,75,386,16,13,186,-0.964264
5845,-102,830,75,386,16,13,187,-1.472115
5845,-102,830,75,386,14,13,187,-3.308121
5845,-102,833,75,386,15,12,187,-2.344948
5845,-102,838,75,386,16,12,187,-1.416176
5845,-102,831,75,386,16,10,186,-1.235962
5845,-102,836,75,386,17,13,187,-0.435181
5845,-102,834,75,386,14,13,188,-3.836151
5845,-102,833,75,386,16,12,187,-1.037827
5845,-102,832,75,386,15,14,187,-2.194427
5845,-102,840,75,386,15,13,187,-2.085144
5845,-102,831,75,386,15,14,187,-2.445702
5845,-102,841,75,386,14,10,187,-3.945465
5845,-102,841,75,386,14,11,187,-3.911148
5845,-102,836,75,386,15,12,187,-2.448563
5845,-102,835,75,386,16,13,187,-1.517700
5845,-102,838,75,386,17,14,187,-0.615860
5845,-102,834,75,386,16,12,187,-1.586700
5845,-102,838,75,386,15,11,187,-2.576218
5845,-102,836,75,386,16,14,187,-1.654144
5845,-102,833,75,386,14,12,186,-3.189301
5845,-102,834,75,386,15,14,187,-2.553535
5845,-102,840,75,386,14,14,188,-3.274490
5845,-102,841,75,386,14,14,187,-3.685165
5845,-102,839,75,386,16,14,187,-1.369156
5845,-102,835,75,386,13,12,187,-4.315414
5845,-102,832,75,386,16,13,186,-1.040421
5845,-102,833,75,386,14,12,187,-3.704506
5845,-102,836,75,386,14,11,187,-3.436172
5845,-102,832,75,386,15,12,187,-2.514175
5845,-102,830,75,386,15,14,187,-2.438683
5845,-102,841,75,386,14,12,187,-3.170967
5845,-102,838,75,386,16,9,186,-1.915344
5845,-102,829,75,386,13,12,187,-4.314819
5845,-102,838,75,386,17,13,187,-0.049423
5845,-102,828,75,386,15,13,187,-2.175186
5845,-102,828,75,386,14,12,187,-3.806465
5845,-102,834,75,386,14,13,188,-3.305237
5845,-102,838,75,386,16,12,188,-1.478828
5845,-102,837,75,386,16,13,188,-1.310043
5845,-102,836,75,386,15,12,187,-2.425171
5845,-102,832,75,386,14,12,187,-3.632248
5845,-102,833,75,386,14,14,188,-4.026405
5845,-102,835,75,386,15,12,187,-2.115891
5845,-102,835,75,386,15,12,187,-2.353973
5845,-102,833,75,386,16,14,187,-2.347038
5845,-102,832,75,386,16,12,187,-1.652298
5845,-102,835,75,386,14,13,187,-3.576103
5845,-102,835,75,386,16,13,187,-2.721924
5845,-102,830,75,386,15,14,187,-2.711578
5845,-102,833,75,386,16,12,187,-1.306709
5845,-102,830,75,386,17,14,187,-0.096603
5845,-102,839,75,386,14,14,187,-3.295586
5845,-102,828,75,386,15,13,187,-2.694229
5845,-102,840,75,386,15,13,187,-2.193604
5845,-102,832,75,386,14,12,187,-3.263443
5845,-102,833,75,386,16,12,187,-1.774933
5845,-102,833,75,386,15,13,187,-2.329391
5845,-102,835,75,386,14,13,187,-3.560989
5845,-102,831,74,386,16,12,186,-1.334618
5845,-102,833,75,386,16,13,187,-1.274918
5845,-102,838,75,386,15,11,187,-3.142662
5845,-102,840,75,386,15,14,188,-2.063843
5845,-102,831,75,386,14,12,187,-3.640121
5845,-102,831,75,386,15,15,187,-2.090591
5845,-102,831,75,386,15,13,187,-2.827271
5845,-102,833,75,386,15,13,187,-2.010147
5845,-102,831,75,386,15,12,187,-2.414963
5845,-102,842,75,386,15,14,188,-2.352257
5845,-102,835,75,386,16,12,187,-1.329391
5845,-102,838,75,386,15,13,187,-2.661263
5845,-102,832,75,386,16,12,187,-1.615753
5845,-102,830,74,386,15,13,186,-3.010071
5845,-102,835,75,386,16,11,187,-0.885834
5845,-102,837,75,386,17,11,187,-0.617683
5845,-102,838,75,386,17,12,187,0.105606
5845,-102,831,75,386,15,10,186,-2.924515
5845,-102,832,75,386,15,11,187,-2.093124
5845,-102,830,75,386,16,14,186,-1.330467
5845,-102,832,75,386,17,14,187,-0.352112
5845,-102,834,75,386,15,12,186,-2.548462
5845,-102,830,75,386,15,13,187,-3.338852
5845,-102,836,75,386,15,12,187,-2.219131
5845,-102,831,75,386,16,13,187,-1.924553
5845,-102,832,75,386,14,10,186,-4.054619
5845,-102,828,75,386,16,13,187,-1.309036
5845,-102,832,75,386,14,14,187,-3.804543
5845,-102,832,75,386,16,13,188,-1.317200
5845,-102,832,75,386,15,13,187,-2.791672
5845,-102,832,75,386,15,14,187,-1.987091
5845,-102,836,75,386,18,14,187,0.572571
5845,-102,828,75,386,16,12,187,-1.720444
