freq1,noise,max_magnitude,total_gain_db,base_pwr_db,rssi,relpwr_db,avgpwr_db,snr
2412,-95,34,81,373,255,13,56,221.806854
2412,-95,56,79,374,1,9,54,-17.945236
2412,-95,63,81,373,253,9,56,239.781952
2412,-95,44,81,373,0,13,57,-27.460495
2412,-95,53,81,373,0,8,57,-12.196716
2412,-95,51,81,373,0,10,56,-32.148438
2412,-95,44,81,373,255,11,57,238.644745
2412,-95,62,81,373,0,7,56,-20.739471
2412,-95,53,81,373,254,12,57,242.283859
2412,-95,56,81,373,0,11,56,-11.000351
2412,-95,49,81,373,255,9,57,241.599518
2412,-95,53,81,373,255,12,56,238.644745
2412,-95,50,81,373,0,11,57,-15.074768
2412,-95,45,81,373,0,7,56,-12.014198
2412,-95,58,81,373,0,9,56,-16.987289
2412,-95,44,81,373,255,11,57,242.376068
2412,-95,48,81,373,255,7,57,245.355118
2412,-95,60,81,373,254,12,56,234.730408
2412,-95,55,81,373,255,10,56,236.385849
2412,-95,53,81,373,255,8,57,227.896713
2412,-95,56,81,373,0,12,55,-20.061989
2412,-95,48,81,373,0,11,56,-18.900856
2412,-95,43,81,373,0,8,56,-27.333977
2412,-95,39,81,373,255,12,56,242.602005
2412,-95,63,81,373,1,10,57,-13.978798
2412,-95,40,81,373,255,13,57,242.042801
2412,-95,59,81,373,255,8,58,226.809494
2412,-95,44,81,373,255,13,57,233.810745
2412,-95,40,81,373,255,10,56,239.199829
2412,-95,57,81,373,0,8,57,-14.815659
2412,-95,65,81,373,255,11,56,243.399948
2412,-95,38,81,373,255,13,57,237.591980
2412,-95,48,81,373,1,7,57,-15.779045
2412,-95,35,81,373,255,10,55,240.504242
2412,-95,52,81,373,0,11,56,-26.429588
2412,-95,41,81,373,254,7,57,-inf
2412,-95,44,81,373,0,11,57,-27.795959
2412,-95,35,81,373,255,11,57,234.712662
2412,-95,45,81,373,253,8,57,228.270813
2412,-95,44,81,373,255,11,56,239.474060
2412,-95,55,81,373,1,10,57,-16.735016
2412,-95,58,81,373,0,9,57,-16.230377
2412,-95,60,81,373,255,14,57,231.226120
2412,-95,51,81,373,255,10,56,235.777939
2412,-95,43,81,373,0,7,55,-17.080429
2412,-95,63,81,373,1,12,57,-9.958450
2412,-95,53,81,373,0,12,57,-20.055237
2412,-95,44,81,373,255,10,57,235.984329
2412,-95,32,81,373,1,11,55,-17.332748
2412,-95,63,81,373,255,9,56,228.075928
2412,-95,40,81,373,255,9,56,-inf
2412,-95,48,81,373,255,10,55,244.213211
2412,-95,35,81,373,255,8,56,240.823547
2412,-95,44,81,373,0,10,56,-13.859810
2412,-95,63,81,373,1,13,57,-17.360428
2412,-95,55,80,374,0,6,54,-19.341827
2412,-95,47,81,373,0,11,56,-16.894562
2412,-95,65,81,373,255,12,57,233.991989
2412,-95,37,81,373,255,7,55,241.852493
2412,-95,53,81,373,255,11,56,236.249390
2412,-95,65,81,373,255,11,56,238.245773
2412,-95,56,81,373,253,7,56,235.698456
2412,-95,64,81,373,0,12,57,-15.570557
2412,-95,55,81,373,255,12,56,232.030914
2412,-95,80,81,373,0,8,56,-26.832718
2412,-95,51,81,373,255,11,57,237.380295
2412,-95,64,81,373,0,13,57,-21.453522
2412,-95,66,81,373,1,6,57,-26.126495
2412,-95,66,81,373,0,13,57,-12.937920
2412,-95,71,81,373,0,11,57,-23.304138
2412,-95,53,81,373,255,8,57,238.673569
2412,-95,56,81,373,0,12,56,-23.487373
2412,-95,64,81,373,255,10,55,236.757446
2412,-95,48,81,373,255,9,56,241.972366
2412,-95,53,81,373,255,13,57,237.332565
2412,-95,61,81,373,255,9,56,236.333588
2412,-95,88,81,373,255,8,57,233.397568
2412,-95,85,81,373,0,11,56,-26.224731
2412,-95,50,81,373,255,11,57,237.877625
2412,-95,53,81,373,0,6,55,-16.107193
2412,-95,55,81,373,255,10,55,246.230133
2412,-95,56,81,373,255,11,57,241.929321
2412,-95,50,81,373,0,10,57,-16.506439
2412,-95,71,81,373,0,13,56,-15.746216
2412,-95,56,81,373,0,9,55,-20.583313
2412,-95,55,81,373,255,11,58,232.921631
2412,-95,34,81,373,254,13,56,240.479370
2412,-95,66,81,373,255,10,57,227.670029
2412,-95,50,81,373,255,9,55,223.046539
2412,-95,52,81,373,0,15,57,-27.916908
2412,-95,56,81,373,255,7,55,240.977386
2412,-95,72,81,373,0,12,56,-23.377914
2412,-95,74,81,373,255,11,57,233.334213
2412,-95,43,81,373,255,7,57,240.764511
2412,-95,68,81,373,254,10,57,239.212982
2412,-95,58,81,373,255,11,56,239.256149
2412,-95,58,81,373,255,8,57,230.749359
2412,-95,60,81,373,0,13,57,-21.798752
2412,-95,54,81,373,0,11,56,-26.601540
2412,-95,50,81,373,255,7,56,228.580307
2412,-95,57,81,373,253,12,56,237.737671
2412,-95,74,81,373,255,12,58,239.268738
2412,-95,52,81,373,255,7,57,235.759277
2412,-95,73,81,373,0,10,55,-13.134064
2412,-95,50,81,373,254,12,57,240.241531
2412,-95,42,81,373,255,7,55,234.954102
2412,-95,52,81,373,255,14,57,239.647461
2412,-95,42,81,373,255,12,57,227.016937
2412,-95,67,81,373,254,9,57,226.884033
2412,-95,60,81,373,0,12,58,-22.168259
2412,-95,58,81,373,254,13,57,234.250275
2412,-95,63,81,373,0,7,56,-22.613953
2412,-95,66,81,373,0,12,57,-13.686584
2412,-95,48,81,373,0,10,56,-18.909798
2412,-95,64,81,373,255,9,57,227.586517
2412,-95,61,81,373,255,11,57,240.275513
2412,-95,63,81,373,255,11,56,237.886612
2412,-95,54,81,373,0,11,57,-inf
2412,-95,50,81,373,0,12,57,-15.450363
2412,-95,62,81,373,0,8,56,-16.938736
2412,-95,44,81,373,255,10,56,238.279022
2412,-95,40,81,373,255,12,57,230.853973
2412,-95,34,81,373,255,8,56,231.798523
2412,-95,63,81,373,0,11,56,-18.205956
2412,-95,41,81,373,1,12,56,-22.629845
2412,-95,53,81,373,254,8,56,230.608795
2412,-95,64,81,373,255,10,56,223.288589
2412,-95,53,81,373,0,12,55,-26.481155
2412,-95,54,81,373,1,9,57,-32.729118
2412,-95,58,81,373,254,11,56,238.628235
2412,-95,75,81,373,255,11,56,239.679993
2412,-95,66,81,373,1,7,56,-11.276299
2412,-95,54,81,373,0,11,57,-13.386559
2412,-95,52,81,373,255,12,57,221.538422
2412,-95,67,81,373,255,8,57,244.213730
2412,-95,66,81,373,255,14,57,235.089508
2412,-95,71,81,373,254,11,56,236.914841
2412,-95,57,81,373,0,8,57,-12.253525
2412,-95,43,81,373,0,12,56,-33.322357
2412,-95,44,81,373,0,10,56,-14.108292
2412,-95,59,81,373,0,7,56,-32.652893
2412,-95,81,81,373,254,12,57,220.861328
2412,-95,66,81,373,255,10,56,234.879547
2412,-95,62,81,373,0,8,56,-23.852089
2412,-95,54,81,373,255,12,57,235.506104
2412,-95,61,81,373,255,11,57,243.978790
2412,-95,71,81,373,255,9,57,231.116211
2412,-95,46,81,373,0,12,56,-19.009132
2412,-95,72,81,373,1,8,56,-19.625824
2412,-95,69,81,373,255,9,56,241.301895
2412,-95,60,81,373,255,12,56,244.338623
2412,-95,57,81,373,255,9,56,234.777771
2412,-95,71,81,373,0,11,57,-12.409653
2412,-95,70,81,373,255,13,57,235.742752
2412,-95,66,81,373,0,10,57,-19.588501
2412,-95,63,81,373,255,9,56,239.298859
2412,-95,64,81,373,254,12,57,244.079865
2412,-95,47,81,373,0,10,57,-16.344147
2412,-95,52,81,373,255,10,55,241.844711
2412,-95,56,81,373,255,11,56,241.160080
2412,-95,67,81,373,1,9,56,-16.436401
2412,-95,53,81,373,255,10,57,239.796387
2412,-95,52,81,373,254,10,55,235.807190
2412,-95,64,81,373,1,8,56,-16.254120
2412,-95,58,81,373,0,10,57,-19.371170
2412,-95,65,81,373,0,13,56,-inf
2412,-95,66,81,373,255,7,56,240.161453
2412,-95,42,81,373,255,11,56,231.840286
2412,-95,62,81,373,255,13,56,231.707153
2412,-95,45,81,373,0,8,57,-15.525162
2412,-95,57,81,373,255,10,56,242.441284
2412,-95,53,81,373,255,10,55,242.274994
2412,-95,55,81,373,255,8,56,243.768738
2412,-95,47,81,373,255,12,56,243.987671
2412,-95,55,81,373,0,10,56,-31.956230
2412,-95,60,81,373,255,8,57,235.533508
2412,-95,66,81,373,254,11,56,246.092987
2412,-95,64,81,373,255,11,56,240.186020
2412,-95,52,81,373,255,9,57,231.045761
2412,-95,55,81,373,0,10,56,-13.718651
2412,-95,42,81,373,254,11,56,233.327423
2412,-95,60,81,373,255,7,55,238.516388
2412,-95,69,81,373,254,11,56,233.534561
2412,-95,62,81,373,1,12,57,-14.600563
2412,-95,57,81,373,0,11,57,-13.543312
2412,-95,39,81,373,0,12,57,-16.224045
2412,-95,60,81,373,254,9,55,231.931732
2412,-95,69,81,373,255,11,57,241.048584
2412,-95,52,81,373,255,13,57,242.602478
2412,-95,40,81,373,0,11,56,-17.341774
2412,-95,70,81,373,1,11,57,-16.355103
2412,-95,64,81,373,255,13,57,242.368378
2412,-95,56,81,373,0,10,57,-12.840118
2412,-95,55,81,373,254,12,57,239.022858
2412,-95,66,81,373,255,13,57,231.727539
2412,-95,61,81,373,255,9,56,238.063705
2412,-95,46,81,373,254,9,56,238.424683
2412,-95,50,81,373,255,13,57,239.678909
2412,-95,56,81,373,255,9,57,230.434647
2412,-95,56,81,373,253,12,57,228.749359
2412,-95,38,81,373,255,12,56,238.957306
2412,-95,56,81,373,255,8,57,238.622253
2412,-95,64,81,373,0,11,56,-10.969101
2417,-100,52,81,378,5,12,57,-12.204124
2417,-100,50,81,378,3,13,56,-12.860359
2417,-100,66,81,378,4,12,57,-10.538086
2417,-100,52,81,378,7,10,56,-25.662323
2417,-100,50,81,378,5,13,56,-11.190079
2417,-100,88,81,378,4,13,57,-9.019272
2417,-100,60,81,378,5,11,56,-8.775223
2417,-100,53,81,378,5,12,57,-10.181030
2417,-100,34,81,378,5,11,56,-15.975616
2417,-100,45,81,378,4,13,57,-8.559418
2417,-100,39,81,378,4,13,56,-19.145691
2417,-100,57,81,378,5,12,56,-17.858070
2417,-100,50,81,378,4,12,57,-6.548782
2417,-100,25,81,378,5,12,55,-27.003029
2417,-100,56,81,378,5,12,57,-14.986084
2417,-100,63,81,378,5,13,56,-7.918121
2417,-100,54,81,378,5,12,57,-9.991714
2417,-100,56,81,378,4,12,57,-17.560944
2417,-100,51,81,378,5,13,57,-12.560867
2417,-100,57,81,378,4,12,56,-inf
2417,-100,44,81,378,5,13,57,-19.270531
2417,-100,58,81,378,4,12,57,-23.244812
2417,-100,70,81,378,4,12,57,-15.104111
2417,-100,79,81,378,5,12,57,-28.275635
2417,-100,55,81,378,5,14,57,-8.723595
2417,-100,63,81,378,4,11,57,-10.221313
2417,-100,60,81,378,4,15,57,-20.662079
2417,-100,44,81,378,3,12,57,-9.665192
2417,-100,39,81,378,4,10,56,-16.540382
2417,-100,40,81,378,5,12,56,-13.909798
2417,-100,57,81,378,5,11,57,-18.500320
2417,-100,53,81,378,4,14,58,-12.571159
2417,-100,58,81,378,5,11,56,-10.665215
2417,-100,49,81,378,6,11,57,-27.562172
2417,-100,45,81,378,5,12,57,-15.173676
2417,-100,53,81,378,5,13,57,-8.649788
2417,-100,55,81,378,5,11,56,-22.195389
2417,-100,56,81,378,5,11,56,-22.015678
2417,-100,54,81,378,4,11,57,-8.787537
2417,-100,52,81,378,5,11,56,-10.708282
2417,-100,48,81,378,4,9,55,-9.520630
2417,-100,35,81,378,4,11,56,-9.642838
2417,-100,51,81,378,4,11,57,-12.151550
2417,-100,68,81,378,5,11,56,-18.148033
2417,-100,59,81,378,5,13,57,-19.354553
2417,-100,55,81,378,4,13,57,-13.037292
2417,-100,43,81,378,3,14,57,-10.492775
2417,-100,41,81,378,4,11,56,-11.993927
2417,-100,60,81,378,5,12,57,-22.331970
2417,-100,60,81,378,6,14,58,-28.727570
2417,-100,73,81,378,4,13,58,-10.517868
2417,-100,63,81,378,5,9,57,-14.041748
2417,-100,68,81,378,5,14,57,-10.682022
2417,-100,56,81,378,5,13,57,-9.978844
2417,-100,44,81,378,4,12,57,-8.847572
2417,-100,47,81,378,4,14,57,-16.942963
2417,-100,56,81,378,5,13,56,-8.556236
2417,-100,43,81,378,5,14,57,-4.840836
2417,-100,71,81,378,3,14,56,-10.172272
2417,-100,64,81,378,5,12,57,-10.669159
2417,-100,66,81,378,5,11,57,-9.887589
2417,-100,57,81,378,3,13,57,-30.253113
2417,-100,59,81,378,5,13,58,-17.396126
2417,-100,50,81,378,3,11,56,-9.961777
2417,-100,49,81,378,6,11,56,-10.862389
2417,-100,44,81,378,5,11,57,-13.014420
2417,-100,40,81,378,4,11,56,-18.897873
2417,-100,60,81,378,4,13,57,-29.070679
2417,-100,42,80,378,6,9,55,-19.071808
2417,-100,62,81,378,5,14,58,-17.482803
2417,-100,54,81,378,6,11,57,-15.950348
2417,-100,53,81,378,5,11,57,-13.835480
2417,-100,33,81,378,5,13,57,-7.018524
2417,-100,50,81,378,5,12,56,-19.029297
2417,-100,34,81,378,3,10,56,-23.613396
2417,-100,57,81,378,3,13,57,-18.465157
2417,-100,48,81,378,5,12,56,-15.986435
2417,-100,44,81,378,5,12,57,-19.398590
2417,-100,45,81,378,4,11,56,-16.188568
2417,-100,56,81,378,5,12,57,-23.364822
2417,-100,61,81,378,5,10,56,-12.363960
2417,-100,61,81,378,5,12,56,-21.146332
2417,-100,31,81,378,4,14,57,-23.539658
2417,-100,47,81,378,3,11,57,-12.877457
2417,-100,53,81,378,4,12,56,-11.858055
2417,-100,55,81,378,5,12,57,-10.967087
2417,-100,56,81,378,5,11,57,-13.860390
2417,-100,74,81,378,4,12,57,-12.187943
2417,-100,58,81,378,4,10,56,-inf
2417,-100,60,81,378,3,13,57,-16.493896
2417,-100,52,81,378,5,14,57,-15.053520
2417,-100,38,81,378,5,13,56,-11.330559
2417,-100,51,81,378,5,12,56,-21.789734
2417,-100,33,81,378,6,12,57,-10.166580
2417,-100,66,81,378,4,13,57,-8.530884
2417,-100,61,81,378,5,11,57,-16.678711
2417,-100,59,81,378,5,13,57,-11.889282
2417,-100,60,81,378,4,13,57,-10.496399
2417,-100,58,81,378,5,12,57,-8.013885
2417,-100,42,81,378,4,14,57,-17.678711
2417,-100,62,81,378,5,11,57,-8.195221
2417,-100,44,81,378,4,12,56,-7.198334
2417,-100,63,81,378,6,14,57,-8.001923
2417,-100,58,81,378,4,10,57,-15.251053
2417,-100,57,81,378,4,14,57,-10.958351
2417,-100,47,81,378,4,14,57,-15.575119
2417,-100,39,81,378,4,11,56,-6.868225
2417,-100,49,81,378,5,14,56,-12.405823
2417,-100,67,81,378,4,12,57,-16.986435
2417,-100,69,81,378,6,12,58,-16.100174
2417,-100,65,81,378,6,14,56,-inf
2417,-100,48,81,378,4,13,56,-28.871292
2417,-100,44,81,378,4,12,56,-14.668777
2417,-100,56,81,378,4,13,57,-13.775475
2417,-100,46,81,378,5,12,57,-16.887527
2417,-100,56,81,378,5,11,57,-8.086792
2417,-100,60,81,378,6,13,56,-5.157951
2417,-100,37,81,378,5,10,56,-14.697884
2417,-100,47,81,378,5,11,57,-14.385193
2417,-100,37,81,378,4,12,57,-inf
2417,-100,64,81,378,5,13,56,-10.696365
2417,-100,45,81,378,5,11,56,-7.790352
2417,-100,40,81,378,5,11,56,-18.310898
2417,-100,39,81,378,5,11,57,-14.530830
2417,-100,56,81,378,4,10,57,-12.268219
2417,-100,41,81,378,5,13,56,-11.036087
2417,-100,53,81,378,4,11,57,-11.141739
2417,-100,44,81,378,5,11,55,-8.237480
2417,-100,58,81,378,5,13,57,-11.662125
2417,-100,47,81,378,4,11,57,-16.850235
2417,-100,59,81,378,4,13,57,-10.251633
2417,-100,47,81,378,5,13,57,-16.912064
2417,-100,54,81,378,4,12,57,-16.024254
2417,-100,43,81,378,5,13,57,-12.623871
2417,-100,37,81,378,4,15,57,-10.122925
2417,-100,50,81,378,5,11,57,-6.624069
2417,-100,46,81,378,4,15,57,-20.239731
2417,-100,56,81,378,6,11,57,-9.665482
2417,-100,51,81,378,4,10,56,-23.143295
2417,-100,39,81,378,6,11,55,-inf
2417,-100,40,81,378,4,11,57,-20.517868
2417,-100,52,81,378,5,11,56,-8.482323
2417,-100,57,81,378,4,11,57,-13.028519
2417,-100,34,81,378,4,13,56,-7.718483
2417,-100,57,81,378,5,11,56,-16.230347
2417,-100,45,81,378,4,10,56,-28.922562
2417,-100,42,81,378,6,11,56,-26.878021
2417,-100,39,81,378,5,11,57,-16.345360
2417,-100,38,81,378,5,12,57,-10.055740
2417,-100,56,81,378,4,14,58,-18.304489
2417,-100,56,81,378,3,12,57,-13.270309
2417,-100,38,81,378,6,11,56,-12.862648
2417,-100,39,81,378,3,12,56,-20.355690
2417,-100,40,81,378,4,12,57,-20.288544
2417,-100,46,81,378,3,13,56,-20.538948
2417,-100,61,81,378,6,12,56,-12.708717
2417,-100,31,81,378,4,13,56,-7.700172
2417,-100,57,81,378,4,12,56,-10.834091
2417,-100,54,81,378,5,10,56,-13.687622
2417,-100,33,81,378,5,11,56,-21.855179
2417,-100,54,81,378,4,10,56,-14.998199
2417,-100,45,81,378,5,13,57,-18.483047
2417,-100,31,81,378,5,10,55,-9.726669
2417,-100,37,81,378,5,13,57,-10.029663
2417,-100,34,81,378,3,11,56,-12.083191
2417,-100,42,81,378,4,13,57,-10.191292
2417,-100,44,81,378,5,14,57,-10.422256
2417,-100,57,81,378,6,11,56,-4.724915
2417,-100,36,81,378,5,13,57,-14.860550
2417,-100,43,81,378,6,11,57,-18.050232
2417,-100,52,81,378,4,10,56,-16.329208
2417,-100,41,81,378,5,13,56,-14.474335
2417,-100,48,81,378,4,13,56,-9.008125
2417,-100,32,81,378,4,13,56,-17.089035
2417,-100,55,81,378,4,11,55,-10.705719
2417,-100,55,81,378,5,11,57,-14.751556
2417,-100,47,81,378,5,11,57,-15.960403
2417,-100,42,81,378,5,11,56,-16.055099
2417,-100,70,81,378,4,12,56,-22.468933
2417,-100,52,81,378,5,10,55,-13.304604
2417,-100,48,81,378,4,11,56,-23.211922
2417,-100,50,81,378,4,13,57,-29.886337
2417,-100,60,81,378,3,10,56,-15.824104
2417,-100,38,81,378,4,10,56,-29.356583
2417,-100,62,81,378,5,12,57,-12.837448
2417,-100,66,81,378,5,12,57,-10.624786
2417,-100,43,81,378,5,13,57,-9.849144
2417,-100,38,81,378,4,13,57,-23.397705
2417,-100,49,81,378,5,10,56,-16.305351
2417,-100,45,81,378,4,13,57,-9.773064
2417,-100,40,81,378,5,12,57,-16.509483
2417,-100,63,81,378,4,10,56,-14.163742
2417,-100,60,81,378,4,12,57,-13.494781
2417,-100,61,81,378,5,13,57,-inf
2417,-100,65,81,378,5,10,57,-14.800941
2417,-100,46,81,378,4,13,57,-inf
2417,-100,67,81,378,6,14,57,-13.493896
2417,-100,55,81,378,4,12,57,-19.818161
2417,-100,53,81,378,4,12,57,-9.562172
2417,-100,52,81,378,4,11,57,-20.192207
2417,-100,39,81,378,5,11,57,-12.941391
2417,-100,66,81,378,4,16,57,-inf
2417,-100,45,81,378,4,12,57,-13.264442
2417,-100,58,81,378,4,12,57,-10.002922
2417,-100,53,81,378,4,15,57,-12.823471
2417,-100,36,81,378,3,12,57,-10.535316
2417,-100,48,81,378,5,14,57,-22.704834
2417,-100,52,81,378,4,12,56,-6.861908
2417,-100,57,81,378,6,12,56,-6.143188
2417,-100,39,81,378,6,12,56,-10.551773
2417,-100,64,81,378,3,12,56,-19.744141
2417,-100,59,81,378,4,11,57,-8.843842
2417,-100,45,81,378,4,12,56,-11.399780
2417,-100,46,81,378,4,13,56,-29.271545
2417,-100,62,81,378,5,10,57,-12.078064
2417,-100,54,81,378,2,12,57,-10.604355
2417,-100,45,81,378,4,13,57,-12.377754
2422,-99,58,81,377,4,13,58,-12.518532
2422,-99,56,81,377,5,15,57,-14.607559
2422,-99,55,81,377,4,11,56,-14.580559
2422,-99,43,81,377,5,13,57,-29.005371
2422,-99,62,81,377,3,13,57,-24.649231
2422,-99,58,81,377,3,11,56,-9.308716
2422,-99,49,81,377,5,13,57,-6.813698
2422,-99,39,81,377,4,12,57,-7.754997
2422,-99,58,81,377,4,12,57,-15.450745
2422,-99,71,81,377,4,12,56,-9.985825
2422,-99,46,81,377,6,12,56,-26.681099
2422,-99,48,81,377,3,12,57,-10.102631
2422,-99,44,81,377,2,12,57,-18.459488
2422,-99,46,81,377,4,11,55,-27.708481
2422,-99,41,81,377,3,13,57,-7.554642
2422,-99,53,81,377,5,13,57,-10.399780
2422,-99,54,81,377,3,12,57,-12.059975
2422,-99,58,81,377,5,13,57,-8.312248
2422,-99,53,81,377,4,12,57,-6.796089
2422,-99,72,81,377,4,11,57,-20.372223
2422,-99,51,81,377,3,13,57,-11.323547
2422,-99,52,81,377,3,12,56,-15.907562
2422,-99,52,81,377,5,12,56,-11.632820
2422,-99,44,81,377,5,13,57,-19.543365
2422,-99,60,81,377,3,14,57,-13.871101
2422,-99,33,81,377,4,15,57,-12.980827
2422,-99,31,81,377,6,12,57,-4.796631
2422,-99,52,81,377,6,14,57,-17.779938
2422,-99,69,81,377,3,15,58,-11.616486
2422,-99,56,81,377,4,14,57,-13.571426
2422,-99,44,81,377,4,14,57,-15.883804
2422,-99,25,81,377,6,11,56,-9.006744
2422,-99,56,81,377,3,11,56,-16.300316
2422,-99,41,81,377,4,13,57,-23.750641
2422,-99,58,81,377,5,12,56,-15.450790
2422,-99,49,81,377,3,12,57,-18.827362
2422,-99,52,81,377,3,12,57,-24.349998
2422,-99,41,81,377,3,11,57,-18.818436
2422,-99,49,81,377,5,12,57,-28.449814
2422,-99,46,81,377,5,14,57,-10.434860
2422,-99,48,81,377,5,13,57,-11.219551
2422,-99,40,81,377,4,13,56,-19.602570
2422,-99,60,69,388,5,12,46,-15.718819
2422,-99,58,69,388,3,12,47,-inf
2422,-99,58,69,388,4,12,47,-16.827850
2422,-99,55,69,388,4,15,47,-8.304489
2422,-99,59,69,388,5,16,47,-16.398788
2422,-99,60,69,388,5,15,47,-17.253098
2422,-99,61,69,388,5,13,47,-inf
2422,-99,46,69,388,3,9,45,-11.191292
2422,-99,61,69,388,3,12,46,-11.191292
2422,-99,50,69,388,4,13,47,-11.532761
2422,-99,49,69,388,5,12,46,-9.149734
2422,-99,54,69,388,3,16,47,-12.622925
2422,-99,50,69,388,5,11,46,-16.238518
2422,-99,62,69,388,2,12,47,-11.756638
2422,-99,53,69,388,3,16,47,-inf
2422,-99,52,74,383,4,11,50,-15.777237
2422,-99,58,74,383,5,14,51,-15.482475
2422,-99,61,69,388,5,16,47,-inf
2422,-99,48,74,384,5,13,50,-14.493896
2422,-99,59,74,384,5,14,51,-16.295288
2422,-99,54,74,384,6,12,51,-20.655807
2422,-99,60,74,384,4,12,50,-22.138420
2422,-99,62,74,384,4,12,51,-17.189255
2422,-99,57,74,384,3,11,51,-13.710693
2422,-99,58,74,384,5,13,50,-14.614212
2422,-99,61,74,384,5,14,52,-7.922562
2422,-99,48,74,384,4,13,50,-21.899498
2422,-99,47,74,384,4,12,51,-13.306030
2422,-99,58,74,384,5,13,51,-21.901962
2422,-99,51,74,384,5,10,50,-21.314438
2422,-99,55,74,384,5,11,51,-inf
2422,-99,57,74,384,5,16,51,-15.482475
2422,-99,60,74,384,4,14,51,-17.279144
2422,-99,64,74,384,5,14,51,-inf
2422,-99,57,74,384,4,12,51,-13.642593
2422,-99,61,74,384,3,13,51,-11.698227
2422,-99,55,74,384,5,13,51,-12.056732
2422,-99,54,69,389,4,14,47,-11.152115
2422,-99,55,69,389,4,12,47,-11.085297
2422,-99,51,74,383,4,12,51,-9.455696
2422,-99,46,74,383,3,13,50,-22.943924
2422,-99,47,74,383,4,14,50,-9.745193
2422,-99,51,74,383,4,12,52,-13.765396
2422,-99,52,74,383,3,12,52,-18.303337
2422,-99,43,74,383,4,13,50,-22.232491
2422,-99,46,74,383,4,12,50,-12.092384
2422,-99,49,74,383,4,14,50,-15.566483
2422,-99,43,74,383,4,11,50,-15.923325
2422,-99,53,74,383,5,12,50,-15.242805
2422,-99,54,74,383,4,11,50,-inf
2422,-99,46,74,383,3,13,51,-11.869614
2422,-99,45,69,389,4,12,46,-16.681854
2422,-99,50,69,389,4,11,47,-11.652573
2422,-99,43,69,389,5,13,45,-5.791809
2422,-99,47,69,389,3,14,46,-8.918854
2422,-99,51,69,389,4,12,46,-16.569046
2422,-99,39,69,389,4,12,46,-16.085999
2422,-99,42,69,389,4,12,46,-16.681854
2422,-99,41,69,389,4,14,46,-17.271049
2422,-99,46,69,389,3,14,47,-inf
2422,-99,46,69,388,3,11,46,-12.152115
2422,-99,54,69,388,4,13,46,-17.238518
2422,-99,56,69,388,4,17,48,-12.334686
2422,-99,52,69,388,4,12,46,-inf
2422,-99,45,69,388,3,12,46,-17.791809
2422,-99,47,69,388,5,16,47,-7.189438
2422,-99,44,69,389,4,9,45,-10.191292
2422,-99,55,69,389,4,13,46,-16.492180
2422,-99,50,69,389,4,11,46,-inf
2422,-99,51,69,389,3,14,46,-17.681854
2422,-99,49,69,389,4,16,46,-10.273239
2422,-99,46,69,389,4,12,46,-16.413925
2422,-99,48,69,389,4,15,46,-16.334236
2422,-99,52,74,384,4,12,51,-14.031532
2422,-99,51,74,384,5,13,51,-15.149406
2422,-99,55,74,384,5,11,51,-21.637009
2422,-99,53,74,384,3,12,51,-22.899498
2422,-99,55,74,384,5,11,49,-10.536133
2422,-99,62,74,384,4,12,51,-21.774918
2422,-99,58,74,384,4,14,51,-13.634277
2422,-99,54,74,384,4,14,51,-11.076874
2422,-99,54,74,384,4,14,51,-inf
2422,-99,52,74,384,4,12,50,-15.493896
2422,-99,49,74,384,4,9,50,-22.159500
2422,-99,49,74,384,4,13,51,-16.827850
2422,-99,52,74,384,4,12,51,-10.442398
2422,-99,59,74,384,5,13,51,-15.482475
2422,-99,44,74,384,5,12,49,-inf
2422,-99,45,74,384,4,11,51,-22.766937
2422,-99,58,74,384,4,14,51,-22.693169
2422,-99,52,74,384,4,12,50,-11.214287
2422,-99,58,74,384,3,13,52,-13.154236
2422,-99,46,74,384,4,11,51,-16.064659
2422,-99,53,74,384,4,12,51,-10.490929
2422,-99,51,74,384,4,12,51,-22.655807
2422,-99,53,74,384,4,13,52,-11.563026
2422,-99,49,74,384,5,14,51,-16.180992
2422,-99,50,74,384,5,12,51,-inf
2422,-99,56,74,384,5,12,49,-inf
2422,-99,47,74,384,4,13,51,-16.096634
2422,-99,42,74,384,3,13,50,-13.802345
2422,-99,45,74,384,4,15,51,-17.172714
2422,-99,49,74,384,5,12,50,-10.708023
2422,-99,49,74,384,4,13,51,-13.132103
2422,-99,60,74,384,3,12,51,-5.565781
2422,-99,53,74,384,4,14,50,-12.243965
2422,-99,45,74,384,4,14,51,-13.279022
2422,-99,52,74,384,4,13,51,-10.481262
2422,-99,68,74,384,4,14,51,-22.757782
2422,-99,54,74,384,4,12,51,-13.412392
2422,-99,48,74,384,4,12,51,-22.273659
2422,-99,52,74,384,4,12,51,-9.463531
2422,-99,45,74,384,5,11,50,-12.499077
2422,-99,53,74,384,4,11,50,-15.138138
2422,-99,55,74,384,4,14,51,-6.302849
2422,-99,48,74,384,4,13,51,-16.521164
2422,-99,53,74,384,5,14,51,-14.967300
2422,-99,48,74,384,4,10,50,-16.128372
2422,-99,59,74,384,5,13,51,-15.951691
2422,-99,55,74,384,4,14,51,-16.180763
2422,-99,43,74,384,4,15,51,-17.746414
2422,-99,57,74,384,5,11,51,-14.673141
2422,-99,55,74,384,4,11,51,-13.700333
2422,-99,52,74,384,3,12,51,-14.368393
2422,-99,53,74,384,4,12,50,-6.391937
2422,-99,47,74,384,3,14,51,-17.540382
2422,-99,59,74,384,2,10,50,-7.987915
2422,-99,52,74,384,4,12,51,-10.413025
2422,-99,52,74,384,4,13,51,-22.541763
2422,-99,52,74,384,5,11,51,-9.471581
2422,-99,57,74,384,4,12,51,-16.644577
2422,-99,51,74,384,4,14,50,-15.469437
2422,-99,54,74,384,4,12,51,-8.494431
2422,-99,45,74,384,3,13,51,-14.667427
2422,-99,51,74,384,5,10,49,-19.983109
2422,-99,51,74,384,3,10,51,-16.901169
2422,-99,51,74,384,3,11,51,-13.690063
2422,-99,47,74,384,5,13,50,-7.591156
2422,-99,57,74,384,4,15,51,-13.541779
2422,-99,45,74,384,4,13,51,-16.872490
2422,-99,56,74,384,3,12,50,-16.370163
2422,-99,40,74,384,4,14,51,-9.517960
2422,-99,49,74,384,4,16,51,-16.521164
2422,-99,54,74,384,3,10,50,-16.294189
2422,-99,65,74,384,5,13,52,-8.416321
2422,-99,49,74,384,3,10,50,-11.065399
2422,-99,49,74,384,5,14,51,-15.021660
2422,-99,52,74,384,4,12,51,-17.105896
2422,-99,45,74,384,3,12,51,-24.126495
2422,-99,54,74,384,4,13,51,-10.170563
2422,-99,57,74,384,4,12,51,-17.484482
2422,-99,56,74,384,4,11,51,-7.504150
2422,-99,54,74,384,3,13,50,-16.719711
2422,-99,53,74,384,5,10,49,-14.294189
2422,-99,52,74,384,3,10,50,-13.489014
2422,-99,56,74,384,4,12,51,-12.892097
2422,-99,63,74,384,4,13,52,-17.515228
2422,-99,51,74,384,4,12,50,-inf
2422,-99,49,74,384,5,13,51,-inf
2422,-99,50,74,384,4,12,50,-21.132179
2422,-99,56,74,384,5,12,50,-10.947609
2422,-99,50,74,384,6,12,50,-7.835907
2422,-99,42,74,384,5,12,50,-inf
2422,-99,41,74,384,3,11,50,-16.673141
2422,-99,63,74,384,6,11,51,-8.353668
2422,-99,54,74,384,5,12,50,-inf
2422,-99,45,74,384,4,9,50,-15.754318
2422,-99,53,74,384,4,11,51,-7.130142
2422,-99,48,74,384,4,14,51,-12.812408
2422,-99,48,74,384,5,13,51,-inf
2422,-99,50,74,384,5,12,51,-inf
2422,-99,44,74,384,3,14,52,-18.545761
2422,-99,47,74,384,5,12,50,-14.684830
2422,-99,54,74,384,5,12,51,-15.578560
2422,-99,56,74,384,5,12,50,-14.281403
2427,-99,50,74,384,4,12,51,-16.324173
2427,-99,59,74,384,4,13,51,-22.618126
2427,-99,52,74,384,5,11,50,-11.412537
2427,-99,43,74,384,6,12,50,-inf
2427,-99,49,74,384,4,15,52,-14.151344
2427,-99,63,74,384,5,13,51,-21.739426
2427,-99,52,74,384,5,12,51,-11.445480
2427,-99,46,74,384,5,11,50,-11.186295
2427,-99,50,74,384,3,14,51,-17.578560
2427,-99,54,74,384,5,14,51,-21.803360
2427,-99,65,74,384,4,11,50,-7.099159
2427,-99,48,74,384,3,14,51,-17.800850
2427,-99,51,74,384,4,10,50,-21.132179
2427,-99,51,74,384,6,15,51,-3.458687
2427,-99,56,74,384,5,11,49,-10.066551
2427,-99,57,74,384,4,13,51,-16.453232
2427,-99,67,74,384,4,13,51,-7.816849
2427,-99,55,74,384,5,14,51,-9.107773
2427,-99,53,74,384,3,13,51,-12.068436
2427,-99,51,74,384,4,11,50,-7.875206
2427,-99,53,74,384,2,13,52,-13.266624
2427,-99,51,74,384,5,11,51,-11.772011
2427,-99,65,74,384,6,12,51,-20.374893
2427,-99,56,74,384,5,10,51,-15.925453
2427,-99,57,74,384,3,15,51,-17.644577
2427,-99,52,74,384,4,10,50,-inf
2427,-99,41,74,384,3,11,49,-10.448837
2427,-99,59,74,384,6,13,52,-11.805573
2427,-99,51,74,384,4,10,51,-22.222137
2427,-99,34,74,384,4,13,50,-21.910645
2427,-99,67,74,384,5,11,51,-11.300888
2427,-99,52,74,384,5,14,51,-9.422836
2427,-99,59,74,384,5,13,51,-15.827850
2427,-99,55,74,384,3,12,51,-17.222221
2427,-99,46,74,384,4,13,51,-8.657608
2427,-99,61,74,384,3,13,52,-14.306030
2427,-99,63,74,384,5,12,51,-inf
2427,-99,47,74,384,4,12,51,-13.575645
2427,-99,53,74,384,4,11,51,-10.974480
2427,-99,50,74,384,5,13,51,-15.170334
2427,-99,38,74,384,4,11,50,-22.085258
2427,-99,51,74,384,5,12,50,-11.020599
2427,-99,47,74,384,4,12,50,-16.423782
2427,-99,52,74,384,5,8,50,-7.395493
2427,-99,47,74,384,4,11,50,-15.590416
2427,-99,50,74,384,4,13,51,-17.046577
2427,-99,60,74,384,4,11,51,-22.042259
2427,-99,41,74,384,4,12,51,-9.408401
2427,-99,47,74,384,4,13,51,-13.323936
2427,-99,61,74,384,3,13,51,-inf
2427,-99,49,74,384,6,11,49,-12.850784
2427,-99,54,74,384,3,12,50,-inf
2427,-99,45,74,384,4,14,51,-10.878448
2427,-99,54,74,384,4,13,52,-14.158722
2427,-99,55,74,384,5,12,49,-10.959854
2427,-99,43,74,384,3,11,50,-12.733871
2427,-99,47,74,384,5,13,51,-12.323936
2427,-99,37,74,384,5,13,51,-15.809875
2427,-99,46,74,384,4,14,51,-16.616409
2427,-99,52,74,384,3,13,50,-17.232529
2427,-99,57,74,384,4,14,51,-17.197510
2427,-99,51,74,384,6,11,51,-inf
2427,-99,51,74,384,4,12,52,-13.464607
2427,-99,58,74,384,5,11,51,-11.822449
2427,-99,46,74,384,5,11,50,-21.404816
2427,-99,43,74,384,5,12,51,-22.075699
2427,-99,47,74,384,5,14,50,-10.972076
2427,-99,45,74,384,4,13,51,-13.724846
2427,-99,45,74,384,5,15,52,-22.363968
2427,-99,50,74,384,4,11,50,-10.383446
2427,-99,48,74,384,6,12,51,-20.294098
2427,-99,60,74,384,3,15,51,-14.350662
2427,-99,61,74,384,3,14,51,-14.233643
2427,-99,50,74,384,4,14,51,-9.053513
2427,-99,55,74,384,4,13,51,-12.772011
2427,-99,55,74,384,4,13,51,-12.700394
2427,-99,58,74,384,5,13,51,-inf
2427,-99,60,74,384,5,14,51,-21.803360
2427,-99,53,74,384,3,12,51,-14.141434
2427,-99,51,74,384,3,13,50,-11.242691
2427,-99,42,74,384,3,13,51,-inf
2427,-99,48,74,384,4,13,50,-15.845276
2427,-99,47,74,384,4,12,50,-10.343689
2427,-99,46,74,384,4,14,51,-16.263290
2427,-99,56,74,384,4,13,51,-inf
2427,-99,42,74,384,4,10,50,-inf
2427,-99,37,74,384,3,13,51,-18.020905
2427,-99,45,74,384,3,12,51,-12.322769
2427,-99,50,74,384,3,14,51,-14.260925
2427,-99,42,74,384,5,13,51,-16.238518
2427,-99,44,74,384,4,11,50,-12.510620
2427,-99,37,74,384,6,11,51,-8.931091
2427,-99,43,74,384,3,13,52,-18.390915
2427,-99,47,74,384,4,13,50,-inf
2427,-99,51,74,384,5,13,51,-8.780342
2427,-99,49,74,384,4,11,51,-10.529358
2427,-99,48,74,384,4,12,51,-9.400475
2427,-99,51,74,384,3,14,51,-8.312263
2427,-99,46,74,384,4,15,51,-22.766937
2427,-99,42,74,384,4,14,51,-23.520485
2427,-99,46,74,384,5,13,51,-6.258423
2427,-99,45,74,384,5,13,50,-14.673141
2427,-99,53,74,384,4,12,50,-21.899498
2427,-99,47,74,384,4,12,51,-11.102097
2427,-99,40,74,384,3,12,50,-22.820633
2427,-99,43,74,384,4,13,51,-11.258545
2427,-99,51,74,384,5,14,51,-12.113380
2427,-99,48,74,384,3,12,50,-16.673141
2427,-99,42,74,384,4,14,51,-7.258423
2427,-99,52,74,384,4,14,51,-12.445480
2427,-99,50,74,384,4,14,51,-23.458549
2427,-99,43,74,384,2,13,51,-19.739143
2427,-99,45,74,384,3,14,51,-17.530785
2427,-99,51,74,384,4,12,50,-7.760910
2427,-99,51,74,384,4,13,51,-16.201538
2427,-99,41,74,384,4,15,51,-22.766937
2427,-99,51,74,384,4,12,51,-10.939804
2427,-99,44,74,384,4,13,51,-12.931404
2427,-99,46,74,384,5,12,51,-5.648735
2427,-99,47,74,384,4,12,51,-17.046577
2427,-99,57,74,384,4,15,51,-22.283890
2427,-99,45,74,384,4,13,50,-15.469437
2427,-99,51,74,384,4,11,51,-22.473831
2427,-99,50,74,384,5,12,51,-12.047226
2427,-99,42,74,384,4,11,50,-21.378189
2427,-99,52,74,384,3,10,50,-13.445480
2427,-99,46,74,384,4,11,51,-22.711731
2427,-99,54,74,384,5,11,50,-15.549957
2427,-99,50,74,384,5,13,50,-8.722214
2427,-99,50,74,384,5,14,51,-9.825165
2427,-99,50,74,384,5,13,51,-9.557961
2427,-99,44,74,384,4,12,51,-17.319397
2427,-99,41,74,384,4,14,51,-inf
2427,-99,59,74,384,4,12,50,-15.566483
2427,-99,48,74,384,4,13,52,-14.173447
2427,-99,52,74,384,4,13,51,-11.059975
2427,-99,51,74,384,4,12,50,-22.117233
2427,-99,48,74,384,4,12,50,-7.931244
2427,-99,48,74,384,4,12,51,-10.529358
2427,-99,52,74,384,5,10,50,-11.255409
2427,-99,45,74,384,4,14,51,-17.038040
2427,-99,43,74,384,5,12,51,-9.851891
2427,-99,44,74,384,5,14,50,-15.423782
2427,-99,47,74,384,4,12,52,-18.020798
2427,-99,41,74,384,3,14,51,-13.960648
2427,-99,49,74,384,6,10,50,-13.822716
2427,-99,45,74,384,3,12,51,-11.698227
2427,-99,38,74,384,2,13,50,-18.075348
2427,-99,47,74,384,4,13,51,-16.000000
2427,-99,49,74,384,5,11,51,-15.149406
2427,-99,47,74,384,4,13,50,-22.009727
2427,-99,54,74,384,3,13,51,-24.118073
2427,-99,55,74,384,4,11,51,-7.007530
2427,-99,50,74,384,6,12,50,-2.741562
2427,-99,41,74,384,5,14,50,-14.834007
2427,-99,55,74,384,5,14,52,-12.683914
2427,-99,50,74,384,4,13,51,-16.827850
2427,-99,43,74,384,4,10,50,-15.777237
2427,-99,44,74,384,4,13,51,-8.966652
2427,-99,46,74,384,3,14,51,-10.571716
2427,-99,44,74,384,5,11,50,-inf
2427,-99,49,74,384,5,13,50,-21.294098
2427,-99,55,74,384,3,11,51,-23.901962
2427,-99,36,74,384,4,13,51,-13.196991
2427,-99,45,74,384,2,13,50,-7.161850
2427,-99,52,74,384,5,10,49,-10.536133
2427,-99,42,74,384,5,13,51,-11.842468
2427,-99,50,74,384,4,14,52,-9.669830
2427,-99,59,74,384,3,12,51,-17.681862
2427,-99,50,74,384,3,13,50,-13.445480
2427,-99,50,74,384,4,13,51,-13.634277
2427,-99,49,74,384,4,13,51,-10.471581
2427,-99,48,74,384,4,14,51,-13.037689
2427,-99,59,74,384,4,10,51,-16.191162
2427,-99,55,74,384,4,11,51,-15.989128
2427,-99,58,74,384,4,13,51,-16.907867
2427,-99,59,74,384,4,12,51,-16.907867
2427,-99,43,74,384,2,13,51,-15.332863
2427,-99,53,74,384,2,14,51,-13.242340
2427,-99,48,74,384,3,13,51,-11.825165
2427,-99,45,74,384,4,11,50,-12.345886
2427,-99,59,74,384,5,12,51,-15.462997
2427,-99,55,74,384,4,13,51,-11.532761
2427,-99,41,74,384,3,11,49,-12.972076
2427,-99,50,74,384,6,12,51,-21.339996
2427,-99,59,74,384,3,10,50,-12.243240
2427,-99,58,74,384,5,12,51,-9.363617
2427,-99,44,74,384,5,13,51,-22.143295
2427,-99,44,74,384,5,14,50,-15.644577
2427,-99,52,74,384,4,14,51,-23.015678
2427,-99,48,74,384,4,14,52,-18.207619
2427,-99,47,74,384,4,11,51,-8.704460
2427,-99,52,74,384,4,14,51,-13.196991
2427,-99,50,74,384,4,13,52,-9.823776
2427,-99,54,74,384,3,15,51,-24.109634
2427,-99,50,74,384,5,14,51,-22.176704
2427,-99,51,74,384,4,14,51,-11.093704
2427,-99,49,74,384,3,13,51,-18.055099
2427,-99,43,74,384,4,12,50,-21.843315
2427,-99,50,74,384,4,15,51,-13.700333
2427,-99,51,74,384,4,12,51,-16.201538
2427,-99,50,74,384,5,11,51,-21.374893
2427,-99,66,74,384,4,11,52,-13.368393
2427,-99,51,74,384,4,13,50,-22.117233
2427,-99,40,74,384,4,11,49,-15.554474
2427,-99,54,74,384,4,14,51,-23.075699
2427,-99,51,74,384,4,12,51,-22.512779
2427,-99,58,74,384,4,13,51,-10.413025
2427,-99,59,74,384,4,13,51,-22.190933
2427,-99,62,74,384,5,13,51,-15.492180
2427,-99,56,74,384,3,14,52,-10.714371
2427,-99,65,74,384,5,13,51,-11.970352
2427,-99,50,74,384,5,13,51,-15.170334
2427,-99,53,74,384,4,12,51,-22.414742
2427,-99,56,74,384,4,14,52,-7.303337
2427,-99,52,74,384,3,13,52,-15.158722
2427,-99,53,74,384,4,11,51,-9.027634
2432,-99,47,69,389,5,13,47,-7.863068
2432,-99,71,74,384,4,12,51,-12.741463
2432,-99,43,69,388,4,11,47,-11.711266
2432,-99,52,69,388,3,12,46,-8.760910
2432,-99,44,69,388,5,12,46,-9.273239
2432,-99,47,69,388,4,12,47,-10.983109
2432,-99,45,69,388,4,11,46,-16.827850
2432,-99,40,69,388,4,13,47,-inf
2432,-99,50,69,388,3,13,46,-8.824783
2432,-99,44,69,388,4,12,46,-17.271049
2432,-99,52,69,388,5,14,47,-16.430145
2432,-99,47,69,388,3,11,46,-12.378189
2432,-99,39,69,388,4,13,46,-16.827850
2432,-99,45,69,388,4,12,47,-11.250450
2432,-99,46,69,388,5,13,46,-inf
2432,-99,49,69,388,4,13,46,-16.043213
2432,-99,48,69,388,3,14,47,-18.492188
2432,-99,49,69,388,4,12,46,-10.586380
2432,-99,50,69,388,4,12,47,-18.121872
2432,-99,52,69,388,4,13,47,-16.827850
2432,-99,46,69,388,3,13,46,-17.718819
2432,-99,47,69,389,3,11,47,-9.276009
2432,-99,50,69,389,5,12,46,-15.644577
2432,-99,45,69,389,4,12,46,-inf
2432,-99,44,69,389,5,10,46,-inf
2432,-99,47,69,388,3,13,47,-19.253098
2432,-99,51,69,389,3,10,45,-17.334236
2432,-99,46,69,389,5,13,46,-10.118835
2432,-99,44,69,389,3,12,46,-11.471581
2432,-99,43,69,389,4,12,47,-12.532120
2432,-99,43,74,383,4,12,51,-9.044907
2432,-99,41,69,389,4,12,46,-17.003708
2432,-99,52,69,389,5,11,46,-15.000000
2432,-99,53,69,389,6,12,47,-inf
2432,-99,55,69,389,5,12,47,-11.532120
2432,-99,51,74,384,4,11,51,-22.637009
2432,-99,42,74,384,5,11,52,-16.303337
2432,-99,60,74,383,3,13,51,-11.586380
2432,-99,53,74,383,4,13,51,-16.159882
2432,-99,47,74,383,3,13,51,-23.589645
2432,-99,61,74,383,4,11,51,-22.253128
2432,-99,53,74,383,3,11,51,-11.878448
2432,-99,40,74,383,3,12,51,-14.708519
2432,-99,55,74,383,4,15,51,-10.834091
2432,-99,58,74,383,4,13,51,-22.159500
2432,-99,49,74,383,4,13,51,-16.273499
2432,-99,50,74,383,6,12,51,-8.957176
2432,-99,45,74,383,4,14,51,-16.096634
2432,-99,56,74,383,4,11,51,-12.401497
2432,-99,52,74,383,3,14,51,-23.637009
2432,-99,51,74,383,3,11,51,-23.117233
2432,-99,46,74,383,3,11,51,-14.288040
2432,-99,48,74,383,4,11,50,-15.111580
2432,-99,47,74,383,4,12,50,-21.921768
2432,-99,49,74,383,5,12,50,-11.423546
2432,-99,42,74,383,5,9,50,-14.590416
2432,-99,50,74,383,4,13,51,-23.259117
2432,-99,51,69,388,4,13,46,-16.899048
2432,-99,54,69,388,5,13,47,-15.681854
2432,-99,43,69,388,3,14,46,-17.413925
2432,-99,50,69,388,4,12,47,-17.613678
2432,-99,60,74,384,3,12,52,-18.003708
2432,-99,58,74,384,4,12,50,-12.467300
2432,-99,52,74,384,5,12,51,-21.127838
2432,-99,48,74,384,3,13,51,-17.863602
2432,-99,48,74,384,3,12,51,-14.481880
2432,-99,59,74,384,6,11,51,-inf
2432,-99,45,74,384,4,12,51,-13.233643
2432,-99,51,74,384,2,13,52,-16.039124
2432,-99,47,74,384,4,14,51,-inf
2432,-99,56,74,384,4,13,51,-22.785187
2432,-99,36,74,384,5,13,51,-12.028130
2432,-99,51,74,384,4,13,52,-13.773460
2432,-99,59,74,384,4,13,51,-inf
2432,-99,57,74,384,5,10,50,-inf
2432,-99,55,74,384,5,13,50,-8.858299
2432,-99,54,74,384,5,12,51,-12.455948
2432,-99,58,74,384,5,12,51,-21.190933
2432,-99,44,74,384,4,12,51,-22.364883
2432,-99,50,74,384,5,12,51,-11.345886
2432,-99,51,74,384,4,12,52,-23.846176
2432,-99,47,74,384,4,11,51,-22.972290
2432,-99,45,74,384,3,14,50,-13.357071
2432,-99,38,69,388,4,12,46,-17.367203
2432,-99,42,69,389,4,13,47,-17.789772
2432,-99,50,69,389,5,14,46,-10.017441
2432,-99,50,69,389,3,12,47,-13.047661
2432,-99,43,69,389,4,11,46,-17.367203
2432,-99,55,69,389,3,13,46,-11.313637
2432,-99,44,69,389,4,12,47,-inf
2432,-99,46,69,389,4,11,46,-16.374268
2432,-99,61,69,389,5,13,47,-15.569046
2432,-99,55,69,389,3,10,46,-inf
2432,-99,48,69,389,4,11,46,-10.432632
2432,-99,52,69,389,5,11,46,-5.627907
2432,-99,52,69,389,5,13,47,-15.530785
2432,-99,48,69,389,4,12,47,-inf
2432,-99,56,69,389,3,12,47,-8.563469
2432,-99,54,69,389,3,11,47,-inf
2432,-99,55,74,383,5,10,50,-11.532120
2432,-99,49,69,388,4,14,47,-11.563026
2432,-99,47,69,388,5,10,46,-15.863602
2432,-99,50,69,388,3,12,46,-inf
2432,-99,53,69,388,5,11,45,-5.413925
2432,-99,46,69,388,4,13,47,-9.245110
2432,-99,46,69,388,3,14,46,-8.495605
2432,-99,52,69,388,4,12,47,-inf
2432,-99,51,69,388,5,13,47,-10.797836
2432,-99,46,69,388,4,12,47,-17.367203
2432,-99,46,69,388,4,14,47,-5.834007
2432,-99,49,69,389,5,11,47,-10.282738
2432,-99,51,69,389,3,14,47,-17.530785
2432,-99,50,69,389,3,12,48,-19.253098
2432,-99,48,69,389,4,12,47,-11.471588
2432,-99,48,69,389,3,12,46,-18.303337
2432,-99,46,69,389,5,12,46,-10.217918
2432,-99,44,69,389,5,12,47,-10.532761
2432,-99,50,69,389,4,14,47,-17.731865
2432,-99,54,69,389,5,13,47,-15.334236
2432,-99,48,69,389,5,12,45,-14.867722
2432,-99,59,69,388,4,11,47,-16.644577
2432,-99,50,69,388,3,14,46,-8.139435
2432,-99,47,69,388,4,11,46,-11.017441
2432,-99,51,69,388,5,15,47,-16.072098
2432,-99,52,69,388,4,11,46,-11.563026
2432,-99,56,69,388,5,13,47,-15.791809
2432,-99,51,69,388,3,10,46,-18.003708
2432,-99,47,69,388,4,12,46,-inf
2432,-99,47,69,388,4,12,46,-11.051498
2432,-99,46,69,388,4,13,47,-8.218483
2432,-99,47,69,388,5,13,46,-10.118835
2432,-99,46,74,384,5,12,51,-15.681862
2432,-99,49,74,384,5,12,51,-9.576927
2432,-99,57,74,384,4,14,51,-13.829498
2432,-99,44,69,389,4,13,46,-7.285431
2432,-99,56,69,388,5,10,47,-10.409546
2432,-99,44,69,388,3,12,46,-inf
2432,-99,46,69,388,4,12,46,-inf
2432,-99,52,69,388,4,11,47,-17.303337
2432,-99,45,69,388,4,13,46,-10.022614
2432,-99,42,69,388,5,14,46,-15.569046
2432,-99,52,69,389,4,12,46,-16.755470
2432,-99,53,69,389,3,10,46,-16.138138
2432,-99,49,74,384,5,13,51,-22.126495
2432,-99,52,74,384,5,12,50,-20.888321
2432,-99,48,74,384,6,7,49,-19.352936
2432,-99,59,74,384,4,11,51,-8.030327
2432,-99,46,74,384,4,11,51,-8.571983
2432,-99,55,69,389,5,11,46,-9.432632
2432,-99,49,74,383,6,12,51,-14.242805
2432,-99,40,74,383,4,12,51,-12.822449
2432,-99,43,74,383,5,12,50,-inf
2432,-99,45,74,383,5,12,50,-15.211891
2432,-99,47,74,383,4,11,50,-21.646660
2432,-99,56,74,383,5,11,51,-10.417351
2432,-99,41,74,383,4,15,50,-12.921616
2432,-99,52,74,383,4,14,51,-16.549957
2432,-99,52,74,383,4,13,51,-16.211891
2432,-99,47,74,383,4,14,52,-11.776352
2432,-99,57,74,383,4,12,51,-12.499832
2432,-99,54,74,383,6,14,52,-5.792961
2432,-99,66,74,383,5,13,51,-9.753082
2432,-99,51,74,383,5,13,51,-12.260925
2432,-99,62,74,383,4,12,50,-21.751877
2432,-99,50,69,388,4,13,47,-4.325089
2432,-99,53,69,388,4,12,47,-11.797836
2432,-99,51,69,388,3,13,47,-inf
2432,-99,52,69,388,3,12,46,-inf
2432,-99,55,69,388,4,12,46,-16.755470
2432,-99,56,69,389,5,11,46,-14.542427
2432,-99,49,69,389,5,11,46,-16.430145
2432,-99,50,69,389,4,12,46,-17.139435
2432,-99,55,74,383,4,11,51,-17.139435
2432,-99,57,74,383,4,10,50,-9.847122
2432,-99,51,74,383,3,10,51,-17.809875
2432,-99,45,74,383,4,10,50,-22.551384
2432,-99,62,74,383,4,14,51,-13.675674
2432,-99,56,74,383,4,13,50,-22.042259
2432,-99,47,74,383,5,12,51,-12.269989
2432,-99,58,74,383,3,13,51,-23.839470
2432,-99,48,74,383,3,12,51,-23.608658
2432,-99,47,74,383,5,9,49,-inf
2432,-99,52,74,383,4,13,51,-17.739143
2432,-99,54,74,383,4,13,51,-13.575645
2432,-99,58,74,383,4,11,51,-12.521385
2432,-99,47,74,383,3,13,51,-11.054749
2432,-99,62,74,383,4,10,51,-9.687515
2432,-99,60,74,383,4,11,51,-11.258545
2432,-99,61,74,383,4,12,51,-9.913765
2432,-99,52,74,383,3,13,51,-14.028130
2432,-99,64,74,383,4,11,51,-12.911797
2432,-99,51,74,383,4,11,51,-22.483597
2432,-99,63,74,383,4,11,51,-inf
2432,-99,55,74,383,4,10,51,-9.255157
2432,-99,61,74,383,4,13,51,-7.679077
2432,-99,63,74,383,3,14,52,-18.254814
2432,-99,67,74,383,4,14,52,-13.550278
2432,-99,59,69,388,5,12,47,-9.771210
2432,-99,58,69,388,4,14,46,-16.293839
2432,-99,53,69,388,3,14,47,-inf
2432,-99,60,69,388,5,12,47,-10.185143
2432,-99,56,69,389,4,12,47,-7.426674
2432,-99,50,69,389,4,13,47,-12.180481
2432,-99,56,69,389,4,12,46,-6.988358
2432,-99,62,69,389,3,14,47,-18.172714
2432,-99,49,69,389,4,13,46,-16.569046
2432,-99,59,69,389,5,12,47,-10.711266
2432,-99,54,69,389,6,13,47,-16.041199
2432,-99,43,69,389,4,11,46,-10.510185
2432,-99,53,69,389,5,11,46,-9.548447
2432,-99,52,69,389,4,11,46,-16.293839
2432,-99,53,69,389,5,11,47,-16.702614
2432,-99,58,69,389,5,13,47,-16.492188
2432,-99,49,69,389,6,12,46,-inf
2432,-99,47,69,388,5,12,46,-6.249390
2432,-99,52,69,388,3,14,48,-13.674530
2432,-99,52,69,388,5,12,46,-inf
2437,-99,60,74,383,3,14,51,-9.533379
2437,-99,52,74,383,5,12,51,-6.409271
2437,-99,47,74,383,4,13,51,-22.599159
2437,-99,50,69,389,4,12,46,-16.211891
2437,-99,53,69,389,4,15,47,-17.931244
2437,-99,55,69,389,5,13,48,-11.232498
2437,-99,54,69,389,2,11,46,-inf
2437,-99,58,69,389,5,13,47,-7.632416
2437,-99,54,69,389,5,13,47,-7.160187
2437,-99,56,69,389,4,12,47,-16.969101
2437,-99,54,69,389,4,12,46,-16.606979
2437,-99,56,69,389,4,13,47,-inf
2437,-99,51,69,389,5,12,47,-6.824783
2437,-99,59,69,389,3,12,47,-13.047661
2437,-99,47,69,389,3,12,47,-9.444145
2437,-99,57,69,389,6,11,46,-inf
2437,-99,51,69,389,4,11,46,-16.791809
2437,-99,54,69,389,3,12,47,-6.661415
2437,-99,52,69,389,4,13,46,-16.569046
2437,-99,51,69,389,4,13,47,-17.430145
2437,-99,53,69,389,4,12,46,-10.393326
2437,-99,47,69,389,5,11,46,-15.863602
2437,-99,49,69,389,5,12,47,-16.760910
2437,-99,52,69,389,5,12,47,-17.174835
2437,-99,50,69,389,5,11,47,-16.105896
2437,-99,52,69,389,5,13,46,-15.863602
2437,-99,55,69,389,5,12,47,-10.593079
2437,-99,58,74,383,5,10,50,-9.283371
2437,-99,45,69,388,4,13,47,-inf
2437,-99,52,69,388,4,12,46,-16.863602
2437,-99,53,69,388,4,13,48,-9.659035
2437,-99,58,69,388,4,11,47,-inf
2437,-99,61,69,388,5,12,47,-9.948502
2437,-99,60,69,388,3,11,47,-18.139435
2437,-99,49,69,388,5,11,47,-16.522888
2437,-99,51,69,389,5,13,47,-15.934219
2437,-99,47,69,389,7,11,47,-8.854607
2437,-99,51,69,389,5,13,47,-inf
2437,-99,45,69,389,4,12,46,-17.205742
2437,-99,55,69,389,4,12,46,-inf
2437,-99,50,69,389,4,14,47,-18.552719
2437,-99,52,69,389,5,10,47,-17.355286
2437,-99,57,69,389,4,13,47,-8.160187
2437,-99,59,69,389,5,12,47,-9.734871
2437,-99,61,69,389,7,12,47,-7.393326
2437,-99,56,69,389,4,14,47,-17.430145
2437,-99,55,69,389,3,12,46,-17.791809
2437,-99,52,69,389,5,12,47,-3.996841
2437,-99,54,69,389,5,11,46,-9.807251
2437,-99,51,69,389,4,13,47,-17.903320
2437,-99,49,69,389,4,12,46,-10.807251
2437,-99,51,69,389,5,13,47,-10.532761
2437,-99,48,69,389,6,13,47,-inf
2437,-99,52,69,389,5,12,47,-15.334236
2437,-99,53,69,389,4,10,46,-16.000000
2437,-99,58,69,389,4,13,47,-10.948502
2437,-99,58,74,384,5,10,51,-15.718826
2437,-99,61,74,383,3,15,52,-17.718826
2437,-99,56,69,388,5,12,47,-16.271049
2437,-99,48,69,388,5,13,47,-10.740311
2437,-99,48,69,388,5,12,47,-10.051498
2437,-99,49,69,388,3,13,47,-18.702614
2437,-99,50,69,388,4,14,46,-17.172714
2437,-99,50,69,388,4,12,46,-10.586380
2437,-99,50,69,388,4,12,47,-11.563026
2437,-99,50,69,388,4,12,46,-16.681854
2437,-99,50,69,388,3,12,47,-13.020599
2437,-99,51,69,389,4,11,46,-10.948502
2437,-99,41,69,389,4,12,47,-17.105896
2437,-99,55,69,389,5,13,47,-16.335388
2437,-99,55,69,389,4,10,47,-17.303337
2437,-99,55,69,389,4,15,48,-12.697815
2437,-99,49,69,389,5,15,47,-10.346603
2437,-99,47,69,388,3,11,46,-17.253059
2437,-99,56,69,388,5,13,47,-inf
2437,-99,56,69,388,4,14,46,-10.586380
2437,-99,50,69,388,4,15,48,-inf
2437,-99,55,69,388,5,13,47,-9.771210
2437,-99,57,69,388,4,12,47,-18.148438
2437,-99,57,69,388,5,14,47,-inf
2437,-99,55,69,389,6,12,47,-5.321167
2437,-99,54,69,389,4,12,47,-5.602325
2437,-99,63,69,389,5,11,47,-16.271049
2437,-99,64,74,384,5,12,51,-9.529358
2437,-99,45,74,384,5,14,51,-15.899048
2437,-99,61,74,384,5,13,52,-10.776352
2437,-99,52,74,384,4,14,52,-11.945312
2437,-99,55,74,384,5,11,50,-20.327545
2437,-99,67,74,384,5,14,52,-16.560944
2437,-99,54,69,389,4,13,47,-17.522888
2437,-99,52,69,389,4,12,47,-17.522888
2437,-99,47,69,389,5,13,47,-16.846916
2437,-99,52,69,389,3,11,47,-18.553360
2437,-99,50,69,389,5,10,47,-6.597008
2437,-99,54,69,388,3,12,47,-18.205742
2437,-99,54,69,389,5,13,48,-11.459137
2437,-99,59,69,388,4,13,47,-17.760910
2437,-99,57,69,388,4,10,46,-7.391792
2437,-99,55,69,388,5,14,47,-6.563469
2437,-99,55,69,388,5,12,47,-16.903320
2437,-99,48,69,389,4,11,47,-11.797836
2437,-99,41,69,389,4,11,46,-7.663315
2437,-99,56,69,389,5,12,47,-10.652573
2437,-99,55,69,389,6,14,47,-9.652573
2437,-99,52,69,389,5,12,47,-10.532761
2437,-99,58,69,388,5,15,47,-15.681854
2437,-99,52,69,388,5,12,46,-15.791809
2437,-99,55,69,388,5,12,47,-16.335388
2437,-99,53,69,388,4,12,47,-18.013969
2437,-99,49,69,389,4,12,46,-16.899048
2437,-99,58,74,384,5,14,51,-15.995079
2437,-99,55,74,384,5,15,52,-7.261703
2437,-99,64,74,384,6,10,51,-8.869614
2437,-99,44,74,384,5,11,50,-15.170334
2437,-99,55,74,384,5,13,51,-15.530785
2437,-99,58,74,384,5,13,52,-13.750610
2437,-99,57,69,389,5,13,46,-15.211891
2437,-99,56,69,389,4,13,47,-17.335388
2437,-99,52,69,389,5,11,46,-9.807251
2437,-99,47,69,389,5,10,46,-inf
2437,-99,57,69,389,4,14,47,-18.121872
2437,-99,47,69,389,6,13,47,-inf
2437,-99,56,69,389,6,11,47,-15.818436
2437,-99,49,69,389,5,9,46,-15.755470
2437,-99,53,81,377,5,11,57,-10.173752
2437,-99,38,81,377,5,10,57,-14.837158
2437,-99,45,81,377,3,11,56,-23.641724
2437,-99,42,81,377,4,14,58,-30.740707
2437,-99,37,81,377,4,13,57,-15.326767
2437,-99,45,81,377,5,13,58,-14.360382
2437,-99,65,81,377,5,11,56,-12.288040
2437,-99,46,81,377,4,12,57,-23.785126
2437,-99,65,81,377,4,12,57,-15.532761
2437,-99,42,81,377,4,13,57,-19.688034
2437,-99,47,74,383,4,10,50,-7.559433
2437,-99,60,74,383,4,12,51,-16.191162
2437,-99,49,74,383,5,11,50,-21.414742
2437,-99,55,74,383,4,11,52,-11.282738
2437,-99,48,74,383,4,12,50,-9.891663
2437,-99,61,74,383,5,13,51,-11.950920
2437,-99,51,74,383,4,12,51,-11.517548
2437,-99,55,74,383,3,13,51,-17.549957
2437,-99,60,74,383,4,13,51,-12.862389
2437,-99,62,74,383,4,10,51,-8.159019
2437,-99,42,74,383,3,12,51,-10.053513
2437,-99,55,74,383,4,12,51,-16.530785
2437,-99,61,74,383,4,12,52,-13.861198
2437,-99,64,74,383,2,12,52,-25.267273
2437,-99,56,74,383,5,12,51,-12.421135
2437,-99,68,74,383,5,15,51,-15.881363
2437,-99,55,74,383,5,13,51,-15.521164
2437,-99,46,74,383,4,12,51,-17.197510
2437,-99,68,74,383,4,10,51,-13.169304
2437,-99,56,74,383,5,14,51,-12.066231
2437,-99,55,74,383,3,12,51,-9.638725
2437,-99,49,74,383,4,10,51,-16.032448
2437,-99,42,74,383,3,12,50,-inf
2437,-99,52,74,383,4,14,51,-7.338936
2437,-99,41,74,383,4,15,52,-23.596680
2437,-99,50,74,383,5,12,51,-9.118301
2437,-99,56,74,383,4,14,52,-13.122757
2437,-99,52,74,383,4,12,51,-8.895889
2437,-99,44,74,383,5,11,50,-14.151360
2437,-99,45,74,383,2,11,50,-11.990250
2437,-99,56,74,383,5,11,51,-12.412392
2437,-99,47,74,383,5,11,50,-10.772362
2437,-99,42,74,383,5,13,50,-20.611015
2437,-99,61,74,383,4,12,52,-17.484482
2437,-99,55,74,383,6,12,51,-14.845764
2437,-99,61,74,383,5,12,51,-14.518234
2437,-99,52,74,383,5,13,51,-15.472748
2437,-99,51,74,383,3,12,51,-6.022415
2437,-99,54,74,383,4,11,51,-12.553513
2437,-99,53,74,383,6,10,51,-5.752861
2437,-99,57,74,383,4,13,52,-23.299744
2437,-99,55,74,383,5,14,52,-9.957176
2437,-99,47,74,383,5,13,51,-8.376587
2437,-99,56,74,383,4,14,51,-22.693169
2437,-99,53,74,383,4,13,52,-9.669830
2437,-99,51,74,383,4,13,51,-13.692131
2437,-99,56,74,383,4,12,52,-13.490486
2437,-99,47,74,383,4,12,50,-15.811386
2437,-99,55,74,383,5,10,51,-15.549957
2437,-99,58,74,383,3,13,52,-14.789543
2437,-99,50,74,383,4,14,51,-13.066231
2437,-99,56,74,383,5,15,52,-8.463531
2437,-99,52,74,383,4,14,51,-11.290771
2437,-99,60,74,383,4,13,51,-17.414497
2437,-99,57,74,383,5,13,51,-16.063614
2437,-99,53,74,383,3,12,50,-11.490929
2437,-99,55,74,383,3,13,52,-10.287872
2437,-99,53,74,383,5,12,51,-11.710693
2437,-99,56,74,383,5,10,51,-21.839470
2437,-99,61,74,383,5,8,51,-20.717087
2437,-99,61,74,383,5,9,50,-10.947609
2437,-99,58,74,383,3,11,51,-14.141434
2437,-99,54,74,383,5,12,51,-21.674530
2437,-99,48,74,383,4,10,51,-10.252899
2437,-99,51,74,383,3,10,50,-inf
2437,-99,57,74,383,5,13,51,-12.438583
2437,-99,37,74,383,5,12,51,-15.423782
2437,-99,60,74,383,5,13,51,-9.432632
2437,-99,56,74,383,4,12,52,-17.437950
2437,-99,59,74,383,5,11,51,-12.377228
2437,-99,54,74,383,5,15,51,-inf
2437,-99,53,74,383,4,9,50,-11.810516
2437,-99,51,74,383,4,11,51,-16.263290
2437,-99,57,74,383,5,14,51,-15.872490
2437,-99,58,74,383,5,14,52,-10.689346
2437,-99,55,74,383,4,11,51,-12.761856
2437,-99,47,74,383,3,10,51,-18.003708
2437,-99,58,74,383,5,11,51,-6.055099
2437,-99,50,74,383,5,15,51,-22.160034
2437,-99,53,74,383,5,12,51,-14.637878
2437,-99,56,74,383,4,12,52,-17.583626
2437,-99,55,74,383,3,14,52,-18.453522
2437,-99,54,74,383,5,14,51,-15.827850
2442,-99,49,74,383,4,14,52,-8.512321
2442,-99,54,74,383,6,13,52,-14.663261
2442,-99,53,74,383,4,13,51,-9.180634
2442,-99,61,74,383,5,12,51,-9.107773
2442,-99,59,74,383,5,13,51,-15.443436
2442,-99,54,74,383,5,13,51,-7.851074
2442,-99,56,74,383,3,13,52,-18.164421
2442,-99,60,74,383,4,13,51,-12.960648
2442,-99,61,74,383,4,12,51,-8.904800
2442,-99,60,74,383,5,12,52,-6.173386
2442,-99,51,74,383,5,13,53,-17.793243
2442,-99,59,74,383,5,14,52,-12.931686
2442,-99,64,74,383,2,13,52,-20.246628
2442,-99,58,74,383,6,12,52,-21.218109
2442,-99,53,74,383,5,11,51,-16.063614
2442,-99,52,74,383,4,15,52,-14.672714
2442,-99,50,74,383,4,11,51,-21.658478
2442,-99,59,74,383,6,12,52,-15.538147
2442,-99,55,74,383,5,14,51,-12.765396
2442,-99,65,74,383,5,12,52,-5.525291
2442,-99,61,74,383,5,12,51,-15.159882
2442,-99,49,74,383,4,12,51,-6.006783
2442,-99,50,74,383,5,10,51,-12.507652
2442,-99,58,74,383,4,12,51,-23.641762
2442,-99,55,74,383,4,14,52,-5.458687
2442,-99,59,74,383,4,12,52,-13.845383
2442,-99,51,74,383,6,16,52,-9.993370
2442,-99,42,74,383,4,12,50,-12.044662
2442,-99,41,74,383,5,11,51,-6.872070
2442,-99,44,74,383,5,13,51,-15.691132
2442,-99,53,74,383,4,12,51,-12.617073
2442,-99,51,74,383,4,13,51,-17.717270
2442,-99,48,74,383,4,12,51,-13.429871
2442,-99,50,74,383,4,12,51,-5.542427
2442,-99,55,74,383,5,12,52,-8.556427
2442,-99,55,74,383,4,11,51,-9.121773
2442,-99,47,74,383,4,11,51,-16.364288
2442,-99,54,74,383,5,14,51,-15.635208
2442,-99,60,74,383,2,12,52,-13.306801
2442,-99,55,74,383,4,12,52,-23.497360
2442,-99,53,74,383,4,13,52,-14.724800
2442,-99,53,74,383,4,12,51,-22.875290
2442,-99,65,74,383,5,10,51,-21.483597
2442,-99,52,74,383,4,13,51,-9.222191
2442,-99,55,74,383,5,12,52,-10.540344
2442,-99,56,74,383,4,11,52,-18.624512
2442,-99,60,74,383,5,14,52,-12.323936
2442,-99,69,74,383,3,12,52,-10.830963
2442,-99,54,74,383,4,13,52,-9.609718
2442,-99,54,74,383,4,14,51,-4.470329
2442,-99,49,74,383,3,15,51,-23.901962
2442,-99,39,74,383,2,14,51,-15.150742
2442,-99,53,74,383,4,10,51,-13.412392
2442,-99,47,74,383,3,12,51,-9.869049
2442,-99,45,74,383,5,13,52,-5.958450
2442,-99,50,74,383,5,14,52,-8.944519
2442,-99,55,74,383,3,13,52,-10.845322
2442,-99,54,74,383,4,11,50,-9.362091
2442,-99,58,74,383,4,13,51,-23.481880
2442,-99,58,74,383,5,12,51,-21.821449
2442,-99,50,74,383,4,12,51,-22.483597
2442,-99,49,74,383,4,11,51,-12.989700
2442,-99,50,74,383,5,12,52,-8.624825
2442,-99,51,74,383,4,13,51,-17.262939
2442,-99,58,74,383,6,14,52,-10.027382
2442,-99,55,74,383,5,12,51,-11.521385
2442,-99,61,74,383,5,14,51,-9.097221
2442,-99,53,74,383,6,13,52,-11.575645
2442,-99,48,74,383,5,13,51,-22.512787
2442,-99,37,74,383,5,12,51,-inf
2442,-99,55,74,383,5,13,52,-8.937508
2442,-99,49,74,383,4,10,50,-10.242691
2442,-99,40,74,383,5,11,51,-22.387802
2442,-99,45,74,383,4,13,51,-16.977776
2442,-99,47,74,383,4,12,51,-24.061798
2442,-99,54,74,383,4,12,51,-13.507652
2442,-99,39,74,383,3,10,51,-9.940247
2442,-99,52,74,383,4,14,51,-9.172272
2442,-99,53,74,383,4,11,51,-6.910805
2442,-99,53,74,383,5,12,51,-12.724846
2442,-99,50,74,383,4,12,52,-13.821541
2442,-99,47,74,383,5,15,52,-13.339256
2442,-99,48,74,383,4,11,50,-5.659019
2442,-99,51,74,383,5,12,51,-21.963562
2442,-99,57,74,383,5,13,51,-15.170334
2442,-99,50,74,383,4,13,51,-12.862389
2442,-99,56,74,383,3,11,51,-23.138420
2442,-99,58,74,383,4,15,52,-14.633224
2442,-99,58,74,383,3,11,51,-17.700378
2442,-99,54,74,383,4,14,52,-10.326485
2442,-99,59,74,383,4,14,52,-9.654877
2442,-99,50,74,383,6,13,51,-14.925453
2442,-99,47,74,383,5,13,51,-12.700333
2442,-99,43,74,383,4,11,51,-13.765396
2442,-99,41,74,383,5,14,51,-15.854691
2442,-99,53,74,383,5,14,52,-16.469025
2442,-99,54,74,383,5,12,52,-16.931244
2442,-99,47,74,383,5,14,52,-7.290268
2442,-99,53,74,383,3,13,50,-5.181023
2442,-99,37,74,383,5,12,51,-10.790688
2442,-99,57,74,383,5,11,51,-22.118073
2442,-99,49,74,383,5,14,51,-12.675674
2442,-99,46,74,383,5,11,52,-12.939453
2442,-99,50,74,383,4,10,51,-inf
2442,-99,56,74,383,5,13,52,-17.148438
2442,-99,61,74,383,4,13,51,-23.323936
2442,-99,51,74,383,5,11,51,-10.547920
2442,-99,61,74,383,4,12,52,-14.099335
2442,-99,49,74,383,5,12,51,-13.129135
2442,-99,48,74,383,5,11,52,-23.202011
2442,-99,61,74,383,3,14,52,-18.931244
2442,-99,44,74,383,3,12,52,-18.390915
2442,-99,47,74,383,3,12,51,-8.784973
2442,-99,48,74,383,5,15,52,-13.001053
2442,-99,58,74,383,4,13,52,-6.357155
2442,-99,48,74,383,4,11,52,-5.302170
2442,-99,59,74,383,4,14,51,-10.633331
2442,-99,42,74,383,4,13,52,-10.143044
2442,-99,59,74,383,4,12,51,-22.314438
2442,-99,46,74,383,4,13,51,-16.986435
2442,-99,43,74,383,3,11,50,-23.106598
2442,-99,55,74,383,4,11,51,-10.393326
2442,-99,60,74,383,3,15,52,-15.106804
2442,-99,50,74,383,4,12,52,-23.458549
2442,-99,46,74,383,4,12,51,-16.128372
2442,-99,57,74,383,5,16,52,-10.826317
2442,-99,43,74,383,4,12,51,-17.205734
2442,-99,46,74,383,3,13,51,-8.571877
2442,-99,46,74,383,5,12,52,-13.395477
2442,-99,52,74,383,2,14,52,-11.787613
2442,-99,48,74,383,4,14,51,-11.043015
2442,-99,49,74,383,4,12,51,-10.913620
2442,-99,48,74,383,4,12,51,-10.689011
2442,-99,49,74,383,5,12,52,-7.115952
2442,-99,60,74,383,4,13,52,-17.746414
2442,-99,53,74,383,4,12,51,-6.469963
2442,-99,55,74,383,5,13,51,-14.890045
2442,-99,46,74,383,4,14,51,-13.741112
2442,-99,52,74,383,5,11,51,-15.413925
2442,-99,40,74,383,4,14,52,-17.643524
2442,-99,42,74,383,4,12,51,-10.771210
2442,-99,43,74,383,4,11,51,-11.102097
2442,-99,52,74,383,3,10,51,-14.773460
2442,-99,57,74,383,4,11,51,-9.968529
2442,-99,47,74,383,5,13,51,-12.196991
2442,-99,40,74,383,5,9,49,-15.053955
2442,-99,51,74,383,4,12,51,-13.403625
2442,-99,47,74,383,5,12,51,-inf
2442,-99,43,74,383,3,14,50,-inf
2442,-99,48,74,383,5,11,51,-11.266823
2442,-99,46,74,383,4,11,51,-10.001060
2442,-99,53,74,383,5,14,52,-13.084358
2442,-99,60,74,383,4,14,52,-11.637779
2442,-99,53,74,383,6,15,51,-10.772011
2442,-99,52,74,383,5,14,51,-13.471611
2442,-99,39,74,383,4,11,51,-10.576927
2442,-99,46,74,383,5,11,51,-11.832474
2442,-99,51,74,383,5,11,51,-15.453232
2442,-99,52,74,383,5,12,51,-22.015678
2442,-99,55,74,383,4,12,51,-6.139542
2442,-99,52,74,383,6,11,52,-21.972672
2442,-99,46,74,383,4,12,52,-17.238518
2442,-99,50,74,383,4,10,51,-2.981003
2442,-99,54,74,383,5,16,52,-17.323608
2442,-99,36,74,383,4,13,50,-22.493347
2442,-99,44,74,383,5,13,51,-8.287872
2442,-99,42,74,383,5,13,51,-23.095596
2442,-99,46,74,383,4,14,51,-17.279144
2442,-99,45,74,383,5,12,51,-15.890213
2442,-99,44,74,383,6,13,51,-14.995079
2442,-99,43,74,383,4,11,51,-22.580116
2442,-99,46,74,383,3,14,52,-25.075348
2442,-99,39,74,383,4,13,51,-23.860413
2442,-99,33,74,383,4,11,51,-13.196991
2442,-99,47,74,383,4,15,51,-23.307823
2442,-99,47,74,383,3,12,51,-8.111504
2442,-99,48,74,383,4,12,51,-9.594559
2442,-99,40,74,383,4,13,51,-17.114304
2442,-99,42,74,383,4,11,51,-10.948502
2442,-99,45,74,383,5,12,52,-12.813560
2442,-99,48,74,383,5,13,52,-10.812103
2442,-99,43,74,383,4,12,50,-15.989128
2442,-99,51,74,383,5,11,51,-5.044090
2442,-99,49,74,383,5,15,51,-9.679779
2442,-99,53,74,383,5,10,52,-13.626610
2442,-99,33,74,383,5,11,52,-13.444077
2442,-99,50,74,383,4,14,51,-13.341766
2442,-99,56,74,383,3,12,51,-8.444008
2442,-99,57,74,383,5,13,51,-9.878448
2442,-99,40,74,383,4,14,51,-16.916672
2442,-99,49,74,383,5,14,52,-12.667427
2442,-99,54,74,383,4,12,51,-10.896072
2442,-99,47,74,383,3,14,51,-24.543488
2442,-99,46,74,383,4,11,51,-22.655807
2442,-99,55,74,383,4,12,52,-17.254814
2442,-99,46,74,383,5,13,51,-6.942055
2442,-99,43,74,383,2,13,51,-11.384567
2442,-99,54,74,383,4,13,52,-6.430008
2442,-99,49,74,383,3,13,51,-12.102097
2442,-99,48,74,383,3,10,51,-12.043015
2442,-99,45,74,383,6,13,51,-14.764587
2442,-99,48,74,383,5,13,51,-7.940247
2442,-99,50,74,383,4,11,51,-17.430145
2442,-99,49,74,383,5,13,51,-10.456161
2442,-99,39,74,383,4,14,51,-14.084358
2442,-99,48,74,383,4,11,51,-inf
2442,-99,50,74,383,5,14,52,-6.091446
2442,-99,51,74,383,5,12,51,-7.984161
2442,-99,50,74,383,4,12,51,-8.137833
2442,-99,48,74,383,5,9,51,-21.776070
2442,-99,44,74,383,5,15,52,-9.665710
2442,-99,42,74,383,5,10,50,-11.478172
2442,-99,51,74,383,5,12,51,-11.772011
2442,-99,51,74,383,5,13,51,-16.097473
2442,-99,44,74,383,4,12,51,-10.538918
2442,-99,43,74,383,5,13,52,-13.151344
2442,-99,45,74,383,4,12,51,-16.472748
2447,-99,37,74,383,6,13,52,-13.048958
2447,-99,39,74,383,5,12,51,-inf
2447,-99,45,74,383,6,13,51,-6.619759
2447,-99,45,74,383,5,14,52,-13.908554
2447,-99,53,74,383,4,12,51,-17.020905
2447,-99,52,74,383,5,14,52,-5.972641
2447,-99,54,74,383,6,13,52,-9.847549
2447,-99,44,74,383,5,12,51,-inf
2447,-99,63,74,383,6,15,53,-13.090805
2447,-99,54,74,383,4,13,51,-16.899048
2447,-99,51,74,383,5,12,51,-14.912262
2447,-99,49,74,383,5,14,51,-7.261703
2447,-99,53,74,383,5,14,51,-inf
2447,-99,48,74,383,5,13,52,-11.007011
2447,-99,59,74,383,5,12,52,-8.639877
2447,-99,52,74,383,6,11,52,-21.979599
2447,-99,49,74,383,4,13,52,-17.979691
2447,-99,45,74,383,6,13,51,-7.773056
2447,-99,45,74,383,5,14,51,-15.863602
2447,-99,45,74,383,4,12,51,-17.789764
2447,-99,50,74,383,5,13,52,-10.409546
2447,-99,48,74,383,4,14,52,-23.671555
2447,-99,49,74,383,6,15,52,-9.761978
2447,-99,51,74,383,5,12,52,-16.839813
2447,-99,43,74,383,4,14,51,-11.509918
2447,-99,46,74,383,5,13,52,-22.387802
2447,-99,51,74,383,5,11,51,-10.176910
2447,-99,49,74,383,4,14,51,-17.538147
2447,-99,47,74,383,4,12,51,-11.043015
2447,-99,49,74,383,6,11,51,-10.872314
2447,-99,59,74,383,5,12,51,-12.018555
2447,-99,58,74,383,4,12,52,-14.573318
2447,-99,46,74,383,5,10,49,-9.191292
2447,-99,56,74,383,6,13,52,-15.868149
2447,-99,52,74,383,4,12,51,-23.781509
2447,-99,54,74,383,4,12,52,-14.801781
2447,-99,59,74,383,4,12,51,-22.580116
2447,-99,48,74,383,6,12,51,-20.702461
2447,-99,51,74,383,4,13,51,-17.351326
2447,-99,62,74,383,4,12,52,-9.001602
2447,-99,62,74,383,5,13,52,-16.680557
2447,-99,46,74,383,5,14,51,-21.972290
2447,-99,41,74,383,4,14,52,-9.873901
2447,-99,40,74,383,5,13,51,-16.063614
2447,-99,35,74,383,4,13,51,-9.222191
2447,-99,48,74,383,5,13,51,-12.233643
2447,-99,55,74,383,6,15,52,-15.613678
2447,-99,51,74,383,5,12,51,-16.422333
2447,-99,48,74,383,4,14,51,-13.516212
2447,-99,54,74,383,5,13,51,-inf
2447,-99,43,74,383,5,15,52,-16.753670
2447,-99,47,74,383,5,10,52,-6.222153
2447,-99,53,74,383,5,14,51,-10.209747
2447,-99,42,74,383,5,15,51,-12.954941
2447,-99,41,74,383,4,12,52,-6.835907
2447,-99,49,74,383,6,12,51,-inf
2447,-99,57,74,383,5,12,51,-12.813560
2447,-99,47,74,383,6,13,51,-11.094582
2447,-99,44,74,383,5,13,51,-16.238518
2447,-99,50,74,383,4,12,52,-12.121216
2447,-99,59,74,383,5,14,51,-12.575645
2447,-99,47,74,383,4,13,51,-11.667320
2447,-99,54,74,383,4,15,52,-23.895813
2447,-99,46,74,383,5,13,52,-22.315887
2447,-99,51,74,383,4,13,51,-inf
2447,-99,60,74,383,6,13,52,-9.209747
2447,-99,45,74,383,5,14,52,-13.526154
2447,-99,50,74,383,5,11,51,-inf
2447,-99,55,74,383,4,13,51,-17.222160
2447,-99,50,74,383,4,12,51,-23.234558
2447,-99,44,74,383,4,12,51,-11.812103
2447,-99,49,74,383,5,14,51,-4.610817
2447,-99,50,74,383,5,12,51,-12.421135
2447,-99,54,74,383,5,12,51,-9.851891
2447,-99,56,74,383,5,14,51,-10.234215
2447,-99,52,74,383,5,12,51,-16.327400
2447,-99,45,74,383,4,11,51,-10.076035
2447,-99,51,74,383,4,15,52,-10.027771
2447,-99,54,74,383,4,13,52,-14.031532
2447,-99,60,74,383,4,11,52,-7.848488
2447,-99,50,74,383,5,12,52,-10.509918
2447,-99,50,74,383,4,13,51,-inf
2447,-99,41,74,383,3,13,51,-18.029480
2447,-99,40,74,383,4,13,51,-22.875290
2447,-99,41,74,383,3,13,51,-12.432922
2447,-99,45,74,383,4,14,51,-inf
2447,-99,37,74,383,4,14,51,-17.469025
2447,-99,52,74,383,4,10,51,-16.691132
2447,-99,52,74,383,4,12,52,-24.041397
2447,-99,50,74,383,5,13,51,-10.185135
2447,-99,60,74,383,5,12,51,-15.854691
2447,-99,54,74,383,6,11,52,-9.972839
2447,-99,50,74,383,4,12,52,-18.081726
2447,-99,58,74,383,3,11,51,-23.117233
2447,-99,42,74,383,5,13,51,-16.576080
2447,-99,49,74,383,5,16,52,-17.718414
2447,-99,61,74,383,5,14,52,-16.583626
2447,-99,55,74,383,4,14,51,-11.093704
2447,-99,55,74,383,5,12,52,-8.586960
2447,-99,59,74,383,6,13,52,-inf
2447,-99,61,74,383,4,12,52,-7.153046
2447,-99,66,74,383,5,15,52,-9.222610
2447,-99,60,74,383,5,12,52,-8.669830
2447,-99,57,74,383,4,13,52,-14.532921
2447,-99,44,74,383,5,15,52,-10.652573
2447,-99,46,74,383,5,10,50,-14.444824
2447,-99,48,74,383,5,15,52,-inf
2447,-99,59,74,383,5,13,52,-23.155777
2447,-99,50,74,383,5,13,51,-16.063614
2447,-99,47,74,383,4,13,52,-18.455124
2447,-99,40,74,383,4,14,51,-17.804123
2447,-99,63,74,383,4,12,51,-10.725739
2447,-99,46,74,383,5,13,51,-22.267273
2447,-99,46,74,383,4,13,51,-16.663261
2447,-99,45,74,383,4,11,51,-22.711731
2447,-99,41,74,383,6,12,51,-14.549957
2447,-99,37,74,383,6,17,51,-14.836815
2447,-99,52,74,383,5,14,51,-inf
2447,-99,52,74,383,5,12,52,-8.147095
2447,-99,55,74,383,5,15,52,-13.158722
2447,-99,59,74,383,5,14,51,-12.749222
2447,-99,43,74,383,5,13,51,-6.728622
2447,-99,44,74,383,3,12,51,-10.296013
2447,-99,54,74,383,5,13,51,-16.553360
2447,-99,60,74,383,5,13,52,-8.866776
2447,-99,66,74,383,5,14,52,-5.791809
2447,-99,61,74,383,5,11,52,-23.312302
2447,-99,52,74,383,4,13,51,-23.730545
2447,-99,61,74,383,5,13,51,-12.541779
2447,-99,54,74,383,6,15,52,-11.939453
2447,-99,52,74,383,4,16,52,-12.180481
2447,-99,58,74,383,5,13,51,-16.279144
2447,-99,47,74,383,7,14,51,-10.916122
2447,-99,47,74,383,5,14,51,-9.128807
2447,-99,58,74,383,3,13,52,-6.397034
2447,-99,59,74,383,5,13,52,-14.196587
2447,-99,51,74,383,3,14,52,-15.512581
2447,-99,55,74,383,6,12,52,-9.502289
2447,-99,56,74,383,4,13,52,-23.427254
2447,-99,58,74,383,6,14,52,-21.543488
2447,-99,48,74,383,5,12,51,-12.288040
2447,-99,54,74,383,4,10,51,-16.960403
2447,-99,58,74,383,4,10,52,-17.760910
2447,-99,65,74,383,5,13,52,-16.613678
2447,-99,50,74,383,5,13,51,-22.109634
2447,-99,57,74,383,4,11,51,-17.122696
2447,-99,46,74,383,5,13,51,-16.295288
2447,-99,43,74,383,7,13,51,-10.412392
2447,-99,52,74,383,5,14,52,-inf
2447,-99,53,74,383,4,14,51,-22.901962
2447,-99,63,74,383,4,13,51,-8.895889
2447,-99,49,74,383,5,14,51,-16.213959
2447,-99,49,74,383,5,13,51,-21.919647
2447,-99,55,74,383,5,14,52,-16.760910
2447,-99,55,74,383,3,14,52,-11.434189
2447,-99,49,74,383,4,13,51,-11.578079
2447,-99,40,74,383,4,11,50,-13.206184
2447,-99,56,74,383,5,13,52,-13.224586
2447,-99,55,74,383,6,14,52,-12.129135
2447,-99,48,74,383,5,13,51,-16.262939
2447,-99,56,74,383,5,13,51,-12.499077
2447,-99,47,74,383,5,14,52,-9.007111
2447,-99,52,74,383,4,14,52,-23.419388
2447,-99,46,74,383,4,10,50,-22.766937
2447,-99,50,74,383,5,14,52,-10.868683
2447,-99,47,74,383,5,13,51,-21.989700
2447,-99,48,74,383,5,14,51,-10.645187
2447,-99,45,74,383,4,14,52,-9.624825
2447,-99,49,74,383,3,15,52,-19.054749
2447,-99,41,74,383,5,13,51,-12.625946
2447,-99,54,74,383,3,11,51,-18.303337
2447,-99,47,74,383,5,12,52,-13.310867
2447,-99,57,74,383,3,13,51,-23.875290
2447,-99,50,74,383,5,13,52,-17.233658
2447,-99,47,74,383,5,12,51,-10.889717
2447,-99,48,74,383,5,14,52,-16.568520
2447,-99,52,74,383,6,15,52,-6.010933
2447,-99,53,74,383,4,13,52,-18.380463
2447,-99,57,74,383,5,13,52,-10.889717
2447,-99,51,74,383,4,12,52,-6.791809
2447,-99,54,74,383,4,12,50,-16.117821
2447,-99,47,74,383,6,14,52,-16.712608
2447,-99,42,74,383,5,11,52,-5.993851
2447,-99,54,74,383,4,15,52,-24.585373
2447,-99,50,74,383,4,12,52,-18.047981
2447,-99,44,74,383,5,12,52,-7.278336
2447,-99,53,74,383,4,13,51,-13.567200
2447,-99,51,74,383,4,13,52,-14.685791
2447,-99,56,74,383,5,14,52,-12.931686
2447,-99,49,74,383,3,11,52,-19.074997
2447,-99,37,74,383,5,11,51,-inf
2447,-99,46,74,383,7,14,51,-10.813560
2447,-99,46,74,383,5,13,51,-15.625824
2447,-99,46,74,383,5,13,52,-22.723221
2447,-99,45,74,383,6,14,52,-9.718544
2447,-99,52,74,383,3,13,51,-24.403625
2447,-99,43,74,383,4,16,52,-13.813560
2447,-99,41,74,383,5,13,51,-21.901962
2447,-99,48,74,383,6,11,51,-20.748611
2447,-99,45,74,383,3,12,51,-17.907867
2447,-99,41,74,383,4,13,51,-22.580116
2447,-99,48,74,383,4,13,52,-24.115753
2447,-99,53,74,383,6,13,51,-21.084213
2447,-99,44,74,383,6,14,51,-14.501862
2447,-99,59,74,383,4,13,51,-13.160034
2447,-99,52,74,383,3,13,51,-24.218109
2447,-99,43,74,383,4,11,51,-23.185020
2447,-99,56,74,383,6,12,51,-9.298798
2447,-99,37,74,383,4,13,51,-13.575645
2447,-99,44,74,383,5,13,52,-23.543060
2447,-99,49,74,383,5,12,51,-17.392990
2447,-99,47,74,383,6,14,52,-9.797836
2447,-99,48,74,383,6,14,52,-15.731857
2447,-99,48,74,383,4,14,51,-inf
2447,-99,50,74,383,5,13,52,-22.944878
2447,-99,48,74,383,4,15,52,-18.034409
2447,-99,49,74,383,5,14,51,-inf
2452,-99,43,69,389,4,11,47,-4.299469
2452,-99,38,69,389,4,13,47,-19.053513
2452,-99,36,69,389,5,11,45,-16.072098
2452,-99,36,69,389,4,12,47,-inf
2452,-99,48,69,389,5,12,47,-17.278870
2452,-99,42,69,389,5,14,47,-17.121872
2452,-99,38,69,389,6,12,46,-inf
2452,-99,39,69,389,4,11,46,-8.416573
2452,-99,39,69,389,5,14,47,-16.335388
2452,-99,48,69,389,4,12,48,-12.556183
2452,-99,35,69,389,5,14,47,-7.160187
2452,-99,35,69,389,6,11,46,-inf
2452,-99,37,69,389,5,13,47,-inf
2452,-99,46,69,389,6,13,46,-5.597008
2452,-99,40,69,389,6,12,47,-10.334686
2452,-99,49,69,389,5,10,47,-11.232498
2452,-99,43,69,389,5,13,47,-17.227165
2452,-99,38,69,389,5,12,47,-12.096939
2452,-99,46,69,389,4,13,47,-11.217918
2452,-99,37,69,389,5,11,46,-16.367203
2452,-99,47,74,383,5,13,52,-14.126350
2452,-99,44,74,383,4,13,52,-18.374176
2452,-99,45,74,383,5,12,51,-21.884201
2452,-99,49,74,383,5,12,52,-11.428352
2452,-99,39,74,383,4,13,52,-12.550186
2452,-99,41,74,383,3,15,51,-18.530518
2452,-99,52,74,383,4,14,52,-14.158722
2452,-99,46,74,383,4,11,51,-22.785187
2452,-99,35,74,383,4,12,51,-14.039124
2452,-99,42,74,383,5,15,52,-14.328117
2452,-99,50,74,383,5,12,51,-12.650887
2452,-99,51,74,383,5,11,51,-15.511528
2452,-99,38,74,383,4,13,51,-inf
2452,-99,55,74,383,4,14,52,-17.650955
2452,-99,61,74,383,4,12,51,-10.771210
2452,-99,44,74,383,5,10,50,-8.847122
2452,-99,65,74,383,6,14,52,-15.650955
2452,-99,53,69,389,5,15,48,-12.383842
2452,-99,51,69,389,6,11,47,-15.959000
2452,-99,49,74,383,5,11,52,-6.338936
2452,-99,41,69,389,5,13,47,-11.834976
2452,-99,47,69,389,4,16,47,-18.430382
2452,-99,43,69,389,5,12,47,-7.332779
2452,-99,46,69,389,5,12,46,-inf
2452,-99,44,69,389,5,15,48,-11.309364
2452,-99,44,69,389,4,12,46,-11.314789
2452,-99,42,69,389,5,12,47,-17.405495
2452,-99,40,69,389,4,12,47,-12.258270
2452,-99,37,69,389,4,13,46,-18.253098
2452,-99,47,69,389,4,16,47,-inf
2452,-99,40,69,389,5,14,47,-7.416573
2452,-99,35,69,389,5,14,47,-17.174835
2452,-99,37,69,389,4,14,47,-12.766937
2452,-99,36,69,389,4,12,47,-18.600708
2452,-99,36,69,389,5,13,47,-17.068260
2452,-99,41,69,389,5,12,47,-7.684738
2452,-99,41,69,389,5,13,47,-inf
2452,-99,50,69,389,6,15,47,-10.258270
2452,-99,47,69,389,5,10,46,-16.986572
2452,-99,54,69,389,6,11,48,-16.810333
2452,-99,43,69,389,5,15,47,-7.071251
2452,-99,56,69,389,3,12,46,-inf
2452,-99,44,69,389,6,10,47,-inf
2452,-99,50,69,389,6,13,48,-11.054359
2452,-99,50,69,389,4,11,47,-inf
2452,-99,41,69,389,5,13,47,-17.253098
2452,-99,40,69,389,5,13,47,-11.766937
2452,-99,41,69,389,6,13,47,-16.278870
2452,-99,36,69,389,5,13,46,-17.329964
2452,-99,42,69,389,5,12,47,-inf
2452,-99,49,69,389,6,13,47,-16.600708
2452,-99,40,69,389,5,12,46,-10.711266
2452,-99,45,69,389,6,11,46,-15.303337
2452,-99,38,69,389,4,12,47,-inf
2452,-99,34,69,389,6,10,46,-15.613678
2452,-99,44,69,389,4,13,47,-18.944664
2452,-99,43,69,389,6,12,47,-inf
2452,-99,44,69,389,4,11,47,-19.096298
2452,-99,42,69,389,4,12,46,-17.461281
2452,-99,37,69,389,5,11,46,-17.041199
2452,-99,44,69,389,5,16,48,-18.541084
2452,-99,44,69,389,4,12,47,-9.058289
2452,-99,43,69,389,4,11,46,-17.205742
2452,-99,47,69,389,4,12,47,-17.303337
2452,-99,46,69,389,6,13,47,-9.826317
2452,-99,46,69,389,6,14,47,-10.384895
2452,-99,47,69,389,4,12,47,-17.553360
2452,-99,39,69,389,6,13,47,-11.032913
2452,-99,44,69,389,5,11,47,-17.787537
2452,-99,41,69,389,4,14,47,-8.812859
2452,-99,41,69,389,7,12,47,-inf
2452,-99,43,69,389,5,12,47,-17.041199
2452,-99,45,69,389,6,14,47,-16.095154
2452,-99,32,69,389,4,12,46,-12.101273
2452,-99,50,69,389,4,13,47,-16.863602
2452,-99,40,69,389,5,12,47,-16.205742
2452,-99,42,69,389,5,9,46,-16.553360
2452,-99,43,69,389,4,12,47,-12.507935
2452,-99,37,69,389,6,14,47,-10.483597
2452,-99,37,69,389,4,12,46,-inf
2452,-99,45,69,389,4,14,48,-inf
2452,-99,39,69,389,3,13,47,-14.096939
2452,-99,44,69,389,4,14,46,-11.532761
2452,-99,51,69,389,4,15,47,-18.201080
2452,-99,53,69,389,4,14,48,-inf
2452,-99,48,69,389,5,12,47,-inf
2452,-99,52,69,389,4,11,47,-17.303337
2452,-99,44,69,389,6,12,47,-15.931244
2452,-99,42,69,389,5,12,47,-17.013969
2452,-99,51,69,389,5,12,47,-7.863068
2452,-99,43,69,389,5,10,47,-11.603912
2452,-99,49,69,389,6,12,47,-15.522888
2452,-99,40,69,389,5,15,47,-16.553360
2452,-99,47,69,389,5,12,47,-inf
2452,-99,51,69,389,5,12,47,-7.247345
2452,-99,46,69,389,3,11,46,-12.118835
2452,-99,53,69,389,7,13,48,-9.946053
2452,-99,43,69,389,4,13,47,-12.283890
2452,-99,54,69,389,4,10,47,-17.430145
2452,-99,52,69,389,4,15,47,-18.600708
2452,-99,51,69,388,4,14,48,-17.903320
2452,-99,51,69,388,5,11,47,-11.627579
2452,-99,51,69,388,4,13,47,-17.367203
2452,-99,51,69,388,5,13,47,-inf
2452,-99,47,69,388,5,13,48,-11.812408
2452,-99,51,69,388,4,14,48,-12.483597
2452,-99,58,69,389,5,14,47,-16.271049
2452,-99,39,69,389,5,12,47,-16.702614
2452,-99,46,69,389,4,11,46,-7.176392
2452,-99,47,69,389,5,13,47,-10.826317
2452,-99,52,69,389,5,13,47,-17.121872
2452,-99,46,69,389,5,12,47,-17.576782
2452,-99,46,69,389,4,14,47,-11.346603
2452,-99,48,69,389,6,13,47,-15.643524
2452,-99,52,69,389,5,13,47,-11.309364
2452,-99,46,69,389,5,13,46,-6.980453
2452,-99,53,69,389,4,11,47,-11.051498
2452,-99,42,69,389,5,14,48,-17.810333
2452,-99,51,69,389,5,11,47,-inf
2452,-99,48,69,389,5,11,47,-17.227165
2452,-99,52,69,389,6,11,47,-10.309364
2452,-99,56,69,389,6,11,48,-10.651115
2452,-99,55,69,389,6,15,47,-15.959000
2452,-99,48,69,389,4,11,47,-inf
2452,-99,51,69,389,4,16,47,-inf
2452,-99,55,69,389,5,14,48,-inf
2452,-99,42,69,389,6,13,47,-6.863068
2452,-99,49,69,389,6,14,47,-9.440681
2452,-99,52,69,389,5,13,47,-17.479736
2452,-99,46,69,389,3,13,47,-12.440681
2452,-99,47,69,389,4,10,46,-7.887726
2452,-99,53,69,389,7,13,48,-16.180634
2452,-99,44,69,389,5,13,47,-18.283798
2452,-99,44,69,389,5,13,47,-inf
2452,-99,46,69,389,5,15,47,-11.409782
2452,-99,40,69,389,4,15,47,-12.879745
2452,-99,44,69,389,3,12,47,-19.455124
2452,-99,40,69,389,6,13,47,-16.528534
2452,-99,39,69,389,5,15,47,-16.789772
2452,-99,45,69,389,5,11,47,-17.576782
2452,-99,48,69,388,4,14,48,-18.966652
2452,-99,40,69,388,4,13,47,-inf
2452,-99,49,69,388,3,13,47,-6.283958
2452,-99,45,69,388,4,10,46,-16.969101
2452,-99,38,69,389,4,13,47,-12.154236
2452,-99,50,69,388,4,12,47,-18.718414
2452,-99,42,69,388,6,11,47,-6.684738
2452,-99,39,69,388,5,12,47,-inf
2452,-99,46,69,388,5,14,48,-11.924065
2452,-99,45,69,388,5,14,47,-17.430382
2452,-99,54,69,388,5,11,47,-17.201080
2452,-99,41,69,388,4,13,47,-11.711266
2452,-99,49,69,388,5,13,47,-17.922562
2452,-99,47,69,388,5,13,47,-7.360886
2452,-99,50,69,388,6,15,48,-10.901962
2452,-99,47,69,388,5,12,47,-16.303337
2452,-99,45,74,384,5,11,51,-10.226074
2452,-99,40,74,384,5,13,52,-11.477493
2452,-99,46,74,384,6,15,52,-7.838150
2452,-99,56,74,384,5,14,51,-9.807251
2452,-99,42,74,384,5,14,53,-8.279259
2452,-99,48,74,384,5,13,52,-9.189636
2452,-99,39,74,384,6,12,51,-9.615486
2452,-99,45,74,384,4,15,51,-17.156105
2452,-99,44,74,384,5,12,51,-15.293839
2452,-99,65,74,384,5,13,52,-10.861649
2452,-99,47,74,384,5,14,52,-inf
2452,-99,39,74,384,5,13,50,-15.433624
2452,-99,49,74,384,5,14,51,-inf
2452,-99,52,74,384,5,15,51,-8.328423
2452,-99,39,74,384,5,12,51,-16.303337
2452,-99,41,74,384,5,14,51,-21.483597
2452,-99,59,74,384,4,13,51,-17.271049
2452,-99,54,74,384,4,12,52,-18.187981
2452,-99,51,74,384,6,12,51,-11.141434
2452,-99,50,74,384,4,15,51,-10.679779
2452,-99,56,74,384,5,13,51,-22.185020
2452,-99,58,74,384,6,14,52,-15.636086
2452,-99,57,74,384,4,14,52,-23.535828
2452,-99,47,74,384,6,14,51,-21.596680
2452,-99,49,74,384,6,13,51,-11.985733
2452,-99,51,74,384,5,11,52,-17.054749
2452,-99,50,74,384,5,13,52,-22.951843
2452,-99,57,74,384,5,14,52,-13.450974
2452,-99,50,74,384,4,12,52,-8.539299
2452,-99,49,74,384,5,12,52,-13.553169
2452,-99,40,74,384,4,11,51,-17.080574
2452,-99,59,74,384,6,12,51,-15.606186
2452,-99,54,74,384,4,14,52,-18.047981
2452,-99,58,74,384,4,12,52,-24.129135
2452,-99,47,74,384,5,14,52,-10.479286
2452,-99,49,74,384,6,13,51,-11.481880
2452,-99,56,74,384,4,13,52,-15.084854
2452,-99,44,74,384,4,15,51,-13.765396
2452,-99,44,74,384,5,13,51,-8.617279
2452,-99,47,74,384,5,12,51,-21.364883
2452,-99,50,74,384,4,10,51,-23.299744
2457,-99,57,74,384,4,12,52,-17.931244
2457,-99,50,74,384,4,13,52,-17.993439
2457,-99,50,74,384,5,16,52,-8.070206
2457,-99,59,74,384,5,11,52,-10.193359
2457,-99,58,74,384,5,16,52,-22.520485
2457,-99,47,74,384,4,13,51,-6.020309
2457,-99,44,74,384,5,12,52,-5.679581
2457,-99,56,74,384,4,12,52,-17.621162
2457,-99,55,74,384,5,13,52,-13.367462
2457,-99,34,74,384,4,10,51,-9.172272
2457,-99,53,74,384,5,12,52,-16.673172
2457,-99,49,74,384,5,13,52,-9.383842
2457,-99,44,74,384,5,9,50,-7.375435
2457,-99,47,74,384,4,14,52,-inf
2457,-99,42,74,384,6,13,51,-9.085297
2457,-99,51,74,384,5,14,52,-10.667320
2457,-99,41,74,384,5,13,52,-11.277496
2457,-99,44,74,384,6,13,51,-11.947205
2457,-99,35,74,384,5,13,52,-16.972809
2457,-99,45,74,384,6,13,52,-inf
2457,-99,46,74,384,6,13,52,-16.285286
2457,-99,55,74,384,5,12,52,-22.291649
2457,-99,42,74,384,5,13,52,-23.305885
2457,-99,55,74,384,5,11,51,-7.904800
2457,-99,40,74,384,5,14,51,-16.695274
2457,-99,39,74,384,4,10,51,-8.904800
2457,-99,41,74,384,6,14,52,-15.643524
2457,-99,38,74,384,4,12,52,-18.115211
2457,-99,48,74,384,6,14,51,-8.102707
2457,-99,38,74,384,7,13,51,-10.708519
2457,-99,43,74,384,5,12,51,-15.899048
2457,-99,53,74,384,3,12,52,-12.740311
2457,-99,42,74,384,5,12,51,-12.625946
2457,-99,53,74,384,5,13,51,-12.797562
2457,-99,53,74,384,6,13,52,-16.101845
2457,-99,40,74,384,4,11,52,-8.196716
2457,-99,54,74,384,6,14,52,-11.978058
2457,-99,60,74,384,5,10,50,-inf
2457,-99,51,74,384,6,12,52,-12.069336
2457,-99,48,74,384,5,14,52,-17.155060
2457,-99,46,74,384,4,10,51,-16.672569
2457,-99,42,74,384,6,15,52,-12.061798
2457,-99,53,74,384,3,12,52,-25.549133
2457,-99,53,74,384,5,13,52,-13.485306
2457,-99,42,74,384,4,14,52,-12.193542
2457,-99,47,74,384,5,13,51,-inf
2457,-99,45,74,384,5,12,51,-15.809875
2457,-99,50,74,384,5,11,52,-17.088440
2457,-99,46,74,384,4,13,51,-17.029480
2457,-99,46,74,384,4,13,51,-17.279144
2457,-99,40,74,384,5,12,52,-11.422173
2457,-99,43,74,384,4,12,51,-11.306801
2457,-99,40,74,384,5,10,51,-22.664124
2457,-99,46,74,384,4,13,51,-14.039124
2457,-99,36,74,384,4,13,51,-13.708519
2457,-99,51,74,384,5,9,51,-16.591156
2457,-99,49,74,384,3,15,52,-24.860413
2457,-99,41,74,384,5,13,52,-22.573959
2457,-99,44,74,384,4,14,52,-14.718323
2457,-99,47,74,384,4,13,52,-9.881012
2457,-99,46,74,384,4,10,50,-6.268959
2457,-99,45,74,384,5,12,50,-9.180939
2457,-99,41,74,384,6,11,52,-8.434189
2457,-99,37,74,384,5,13,51,-9.825165
2457,-99,50,74,384,5,13,51,-13.801781
2457,-99,56,74,384,5,14,51,-13.151344
2457,-99,34,74,384,4,11,50,-23.041504
2457,-99,51,74,384,6,13,53,-22.920944
2457,-99,52,74,384,6,13,52,-11.584068
2457,-99,55,74,384,3,10,51,-14.368393
2457,-99,61,74,384,3,14,53,-15.957901
2457,-99,52,74,384,5,15,52,-17.955673
2457,-99,34,74,384,6,11,51,-21.466339
2457,-99,52,74,384,4,13,51,-inf
2457,-99,49,74,384,4,14,52,-7.792961
2457,-99,46,74,384,4,12,51,-16.872490
2457,-99,64,74,384,5,13,52,-13.532921
2457,-99,42,74,384,5,11,51,-22.118073
2457,-99,43,74,384,4,10,50,-22.665176
2457,-99,54,74,384,6,14,53,-10.391129
2457,-99,46,74,384,5,11,52,-10.733070
2457,-99,44,74,384,3,11,51,-24.323936
2457,-99,47,74,384,5,12,52,-10.195656
2457,-99,52,74,384,4,13,52,-14.121704
2457,-99,41,74,384,6,11,51,-21.371925
2457,-99,51,74,384,5,13,53,-11.562180
2457,-99,47,74,384,5,12,52,-22.972672
2457,-99,53,74,384,5,12,52,-23.549133
2457,-99,49,74,384,5,12,52,-16.924278
2457,-99,58,74,384,5,15,52,-22.895813
2457,-99,50,74,384,4,12,52,-8.599388
2457,-99,46,74,384,5,13,52,-23.260750
2457,-99,57,74,384,4,13,51,-23.015678
2457,-99,62,74,384,5,11,50,-11.456406
2457,-99,60,74,384,5,12,52,-12.716690
2457,-99,54,74,384,5,13,52,-17.027611
2457,-99,56,74,384,6,10,51,-8.896072
2457,-99,49,74,384,6,12,52,-15.568520
2457,-99,52,74,384,5,11,51,-22.176704
2457,-99,56,74,384,5,12,52,-7.374878
2457,-99,54,74,384,6,13,52,-12.158722
2457,-99,51,74,384,4,12,52,-inf
2457,-99,58,74,384,4,13,52,-23.693771
2457,-99,52,74,384,5,12,51,-12.634277
2457,-99,51,74,384,4,11,51,-22.839470
2457,-99,43,74,384,7,13,52,-3.395386
2457,-99,54,74,384,5,12,52,-13.685791
2457,-99,58,74,384,4,11,51,-10.422836
2457,-99,63,74,384,6,13,52,-10.941177
2457,-99,49,74,384,6,14,52,-22.645111
2457,-99,53,74,384,4,12,51,-11.615486
2457,-99,49,74,384,6,12,52,-21.846176
2457,-99,44,74,384,4,12,51,-13.103989
2457,-99,51,74,384,5,11,51,-15.597527
2457,-99,42,74,384,6,14,52,-8.143044
2457,-99,50,74,384,5,14,53,-12.081024
2457,-99,59,74,384,5,12,51,-15.344284
2457,-99,52,74,384,6,12,51,-4.572159
2457,-99,52,74,384,5,13,51,-6.824783
2457,-99,43,74,384,5,15,51,-13.039124
2457,-99,56,74,384,5,12,51,-16.613678
2457,-99,46,74,384,5,13,51,-21.875290
2457,-99,44,74,384,4,13,52,-18.386734
2457,-99,51,74,384,6,13,52,-12.275131
2457,-99,58,74,384,6,13,51,-14.681862
2457,-99,58,74,384,5,15,52,-13.512581
2457,-99,51,74,384,5,13,53,-11.526093
2457,-99,48,74,384,4,13,52,-10.183014
2457,-99,53,74,384,6,12,50,-10.921616
2457,-99,62,74,384,7,12,52,-15.636360
2457,-99,43,74,384,5,11,51,-15.540382
2457,-99,55,74,384,5,14,52,-13.332176
2457,-99,56,74,384,7,12,52,-11.173447
2457,-99,50,74,384,4,14,52,-9.902283
2457,-99,47,74,384,3,13,51,-14.869087
2457,-99,45,74,384,6,13,51,-9.118835
2457,-99,54,74,384,5,13,51,-inf
2457,-99,52,74,384,5,13,51,-10.804977
2457,-99,55,74,384,6,14,51,-15.105896
2457,-99,55,74,384,6,12,52,-12.023933
2457,-99,43,74,384,6,13,51,-14.718826
2457,-99,47,74,384,5,13,51,-22.050079
2457,-99,57,74,384,3,12,52,-10.609718
2457,-99,53,74,384,5,14,52,-13.457870
2457,-99,51,74,384,5,12,51,-16.072098
2457,-99,56,74,384,4,10,50,-22.074554
2457,-99,37,74,384,5,12,51,-22.867516
2457,-99,51,74,384,6,14,52,-8.896774
2457,-99,63,74,384,6,12,51,-14.737183
2457,-99,50,74,384,6,14,52,-9.917603
2457,-99,50,74,384,3,12,51,-18.230347
2457,-99,61,74,384,5,14,52,-16.643524
2457,-99,52,74,384,5,12,51,-inf
2457,-99,58,74,384,5,12,52,-9.020889
2457,-99,45,74,384,5,13,51,-10.043015
2457,-99,41,74,384,4,12,51,-22.946053
2457,-99,55,74,384,4,12,51,-23.067177
2457,-99,56,74,384,4,11,51,-23.218109
2457,-99,74,74,384,5,13,52,-22.846176
2457,-99,45,74,384,5,12,51,-11.034149
2457,-99,48,74,384,4,13,51,-16.293839
2457,-99,59,74,384,4,12,52,-23.723221
2457,-99,55,74,384,5,12,52,-22.581543
2457,-99,56,74,384,6,12,52,-9.615486
2457,-99,55,74,384,3,12,51,-8.832695
2457,-99,50,74,384,5,10,51,-16.390915
2457,-99,45,74,384,6,14,52,-16.355286
2457,-99,57,74,384,4,12,52,-inf
2457,-99,55,74,384,6,12,51,-14.881363
2457,-99,50,74,384,5,13,52,-10.959091
2457,-99,54,74,384,4,15,52,-12.047661
2457,-99,55,74,384,5,13,51,-16.147781
2457,-99,61,74,384,6,13,52,-7.714371
2457,-99,52,74,384,5,13,52,-13.388489
2457,-99,48,74,384,5,11,52,-13.526154
2457,-99,58,74,384,4,12,51,-17.414497
2457,-99,43,74,384,6,12,52,-3.084183
2457,-99,65,74,384,4,11,51,-13.297043
2457,-99,46,74,384,5,14,52,-13.275131
2457,-99,55,74,384,4,13,52,-18.220657
2457,-99,62,74,384,5,11,51,-15.501862
2457,-99,48,74,384,4,12,51,-inf
2457,-99,44,74,384,6,14,53,-11.428238
2457,-99,57,74,384,4,12,52,-23.965744
2457,-99,57,74,384,4,13,52,-14.008698
2457,-99,51,74,384,6,12,51,-2.631020
2457,-99,49,74,384,6,14,52,-21.512787
2457,-99,59,74,384,6,14,52,-11.797562
2457,-99,49,74,384,4,12,52,-11.776352
2457,-99,49,74,384,4,12,52,-6.777016
2457,-99,43,74,384,5,13,51,-10.840485
2457,-99,59,74,384,5,12,51,-9.201622
2457,-99,49,74,384,5,10,51,-4.481689
2457,-99,53,74,384,5,13,52,-17.027611
2457,-99,48,74,384,6,13,52,-12.951767
2457,-99,46,74,384,5,12,51,-6.580269
2457,-99,43,74,384,5,13,52,-22.874603
2457,-99,61,74,384,3,15,52,-9.736443
2457,-99,50,74,384,5,12,52,-13.724800
2457,-99,44,74,384,5,14,51,-11.013809
2457,-99,49,74,384,5,11,51,-inf
2457,-99,49,74,384,3,12,51,-11.452927
2457,-99,46,74,384,5,13,52,-inf
2457,-99,55,74,384,6,11,51,-14.942963
2457,-99,37,74,384,5,11,52,-23.135811
2457,-99,48,74,384,5,12,52,-12.876968
2457,-99,51,74,384,5,12,52,-9.222610
2457,-99,55,74,384,7,12,52,-14.636086
2457,-99,41,74,384,4,13,52,-6.700378
2457,-99,45,74,384,4,11,51,-13.869087
2457,-99,52,74,384,6,12,52,-22.122444
2457,-99,48,74,384,7,13,52,-11.023933
2457,-99,55,74,384,4,10,51,-22.702461
2457,-99,59,74,384,6,13,52,-20.785187
2457,-99,42,74,384,5,12,51,-12.985733
2457,-99,48,74,384,6,12,51,-6.842049
2457,-99,51,74,384,5,13,51,-inf
2462,-98,53,74,383,4,11,51,-16.960403
2462,-98,42,74,383,3,12,51,-10.773056
2462,-98,39,74,383,5,12,51,-5.978737
2462,-98,57,74,383,5,11,51,-12.507652
2462,-98,50,74,383,5,16,53,-4.858307
2462,-98,47,74,383,4,11,51,-23.331970
2462,-98,55,74,383,5,12,51,-15.334236
2462,-98,52,74,383,5,12,51,-13.217316
2462,-98,56,74,383,3,11,52,-10.639877
2462,-98,51,74,383,4,12,51,-12.741463
2462,-98,54,74,383,5,13,52,-9.095947
2462,-98,45,74,383,4,11,51,-22.541763
2462,-98,59,74,383,4,12,51,-13.215355
2462,-98,49,74,383,4,12,52,-11.682022
2462,-98,54,74,383,4,11,50,-9.557869
2462,-98,57,74,383,4,11,52,-8.457870
2462,-98,52,74,383,4,16,51,-17.311371
2462,-98,48,74,383,5,11,51,-12.642593
2462,-98,41,74,383,4,12,52,-23.143295
2462,-98,52,74,383,4,12,52,-23.923920
2462,-98,53,74,383,5,13,51,-8.392525
2462,-98,49,74,383,5,12,51,-10.585587
2462,-98,58,74,383,4,12,52,-17.854004
2462,-98,44,74,383,5,11,51,-inf
2462,-98,46,74,383,4,11,51,-23.024307
2462,-98,48,74,383,4,13,52,-11.819214
2462,-98,48,74,383,4,11,51,-22.884201
2462,-98,48,74,383,5,12,52,-16.367203
2462,-98,46,74,383,4,14,52,-24.095596
2462,-98,50,74,383,5,11,51,-inf
2462,-98,42,74,383,5,9,52,-13.512581
2462,-98,40,74,383,5,15,51,-21.803360
2462,-98,44,74,383,4,14,52,-15.149887
2462,-98,49,74,383,3,11,52,-13.187019
2462,-98,49,74,383,6,12,51,-15.205734
2462,-98,35,74,383,4,12,51,-14.061798
2462,-98,57,74,383,3,11,52,-12.440681
2462,-98,35,74,383,3,12,51,-18.782578
2462,-98,37,74,383,4,12,51,-13.625946
2462,-98,44,74,383,4,12,52,-14.374481
2462,-98,50,74,383,4,13,52,-18.793243
2462,-98,41,74,383,4,11,51,-23.092697
2462,-98,45,74,383,5,12,51,-9.538918
2462,-98,46,74,383,4,11,52,-24.254257
2462,-98,49,74,383,4,11,51,-13.037689
2462,-98,35,74,383,4,11,51,-16.951691
2462,-98,44,74,383,4,13,51,-13.584068
2462,-98,40,74,383,3,10,50,-17.273499
2462,-98,36,74,383,4,13,52,-18.034409
2462,-98,47,74,383,3,10,50,-9.041199
2462,-98,50,74,383,5,11,51,-11.104233
2462,-98,56,74,383,4,13,52,-9.751144
2462,-98,41,74,383,3,13,51,-24.817551
2462,-98,55,74,383,4,10,51,-10.965836
2462,-98,45,74,383,6,13,51,-10.872314
2462,-98,38,74,383,4,12,52,-18.233658
2462,-98,48,74,383,1,11,52,-18.012764
2462,-98,57,74,383,4,13,52,-14.353378
2462,-98,55,74,383,4,10,51,-17.230347
2462,-98,45,74,383,4,11,51,-17.003708
2462,-98,38,74,383,3,13,52,-inf
2462,-98,45,74,383,4,11,52,-17.414497
2462,-98,50,74,383,5,10,51,-21.901962
2462,-98,51,74,383,5,16,53,-13.833458
2462,-98,44,74,383,4,13,51,-17.406654
2462,-98,51,74,383,3,10,51,-12.290771
2462,-98,47,74,383,5,12,51,-16.846916
2462,-98,50,74,383,4,11,51,-16.960403
2462,-98,46,74,383,4,11,52,-17.702621
2462,-98,37,74,383,4,14,52,-24.034569
2462,-98,48,74,383,5,14,52,-13.492142
2462,-98,44,74,383,4,12,52,-17.709946
2462,-98,51,74,383,5,14,52,-23.432327
2462,-98,39,74,383,3,9,49,-16.420082
2462,-98,46,74,383,3,13,51,-23.551384
2462,-98,54,74,383,5,15,52,-23.744820
2462,-98,52,74,383,6,14,53,-10.580116
2462,-98,48,74,383,4,12,51,-inf
2462,-98,42,74,383,5,13,52,-17.504196
2462,-98,53,74,383,3,11,51,-24.084213
2462,-98,44,74,383,3,12,51,-12.667320
2462,-98,44,74,383,4,13,52,-inf
2462,-98,42,74,383,4,12,51,-7.529678
2462,-98,40,74,383,5,12,52,-16.665787
2462,-98,55,74,383,2,11,52,-12.163071
2462,-98,43,74,383,5,13,51,-8.172272
2462,-98,39,74,383,4,11,50,-10.242691
2462,-98,42,74,383,3,13,51,-24.604225
2462,-98,39,74,383,5,11,51,-16.189255
2462,-98,36,74,383,4,12,51,-10.567459
2462,-98,36,74,383,3,11,51,-23.954819
2462,-98,50,74,383,3,12,52,-8.365265
2462,-98,46,74,383,4,13,52,-10.176376
2462,-98,46,74,383,4,13,52,-14.076851
2462,-98,48,74,383,4,12,51,-22.766937
2462,-98,49,74,383,3,14,52,-9.311577
2462,-98,47,74,383,5,11,51,-12.609245
2462,-98,50,74,383,4,10,51,-7.613678
2462,-98,52,74,383,5,13,52,-17.411728
2462,-98,52,74,383,4,11,51,-10.843002
2462,-98,56,74,383,4,13,52,-inf
2462,-98,58,74,383,4,15,53,-12.409782
2462,-98,43,74,383,4,10,51,-9.113297
2462,-98,60,74,383,4,11,51,-17.131073
2462,-98,44,74,383,4,13,52,-14.512581
2462,-98,53,74,383,3,11,51,-14.132103
2462,-98,45,74,383,4,9,50,-inf
2462,-98,41,74,383,4,12,52,-12.094612
2462,-98,47,74,383,4,12,52,-17.910316
2462,-98,58,74,383,4,11,51,-13.724846
2462,-98,48,74,383,4,13,51,-11.185135
2462,-98,41,74,383,6,12,52,-6.552719
2462,-98,35,74,383,3,11,51,-12.242340
2462,-98,39,74,383,5,12,52,-10.630356
2462,-98,40,74,383,3,13,52,-10.866776
2462,-98,39,74,383,3,11,51,-6.030899
2462,-98,36,74,383,4,11,51,-23.881683
2462,-98,35,74,383,4,9,50,-15.530350
2462,-98,40,74,383,4,12,51,-17.680557
2462,-98,42,74,383,4,11,51,-23.101173
2462,-98,40,74,383,3,13,51,-15.031532
2462,-98,46,74,383,5,12,52,-11.340988
2462,-98,48,74,383,4,11,51,-11.051498
2462,-98,51,74,383,3,11,51,-18.476761
2462,-98,55,74,383,4,13,53,-7.906174
2462,-98,43,74,383,4,11,51,-17.147781
2462,-98,51,74,383,3,11,51,-14.386047
2462,-98,47,74,383,3,11,51,-9.904800
2462,-98,41,74,383,2,10,51,-15.892670
2462,-98,40,74,383,5,11,51,-9.538918
2462,-98,49,74,383,4,12,52,-14.883667
2462,-98,36,74,383,3,10,51,-17.578560
2462,-98,48,74,383,2,12,52,-14.550186
2462,-98,51,74,383,6,14,52,-21.715874
2462,-98,47,74,383,2,11,51,-inf
2462,-98,41,74,383,3,10,51,-17.728012
2462,-98,39,74,383,4,11,51,-9.296013
2462,-98,56,74,383,4,8,50,-15.420082
2462,-98,58,74,383,4,11,51,-23.151672
2462,-98,54,74,383,4,13,52,-17.846916
2462,-98,46,74,383,5,10,52,-13.485306
2462,-98,45,74,383,5,12,51,-11.390434
2462,-98,51,74,383,5,14,52,-13.061798
2462,-98,47,74,383,4,13,51,-11.689346
2462,-98,47,74,383,4,12,51,-9.533386
2462,-98,47,74,383,5,11,51,-15.700378
2462,-98,48,74,383,3,13,52,-8.240509
2462,-98,47,74,383,4,13,52,-18.034409
2462,-98,49,74,383,3,13,51,-24.442932
2462,-98,59,74,383,4,10,51,-10.605225
2462,-98,53,74,383,5,10,51,-16.746414
2462,-98,47,74,383,3,11,51,-14.939453
2462,-98,58,74,383,5,11,51,-6.167183
2462,-98,55,74,383,6,11,51,-7.392525
2462,-98,50,74,383,5,11,52,-7.940247
2462,-98,50,74,383,6,11,52,-21.267273
2462,-98,52,74,383,4,12,52,-9.902283
2462,-98,45,74,383,5,12,51,-10.703972
2462,-98,54,74,383,3,12,52,-15.061798
2462,-98,42,74,383,4,14,52,-24.864906
2462,-98,46,74,383,4,13,52,-14.303741
2462,-98,41,74,383,5,12,51,-9.869614
2462,-98,41,74,383,4,15,52,-24.621315
2462,-98,39,74,383,4,11,51,-17.469025
2462,-98,41,74,383,3,13,51,-11.843002
2462,-98,53,74,383,4,11,51,-inf
2462,-98,47,74,383,3,8,50,-16.867722
2462,-98,42,74,383,3,11,52,-12.875710
2462,-98,45,74,383,5,13,51,-12.150742
2462,-98,32,74,383,3,10,51,-18.222160
2462,-98,51,74,383,4,12,52,-inf
2462,-98,50,74,383,4,15,52,-10.851532
2462,-98,40,74,383,4,11,51,-16.578560
2462,-98,44,74,383,3,11,51,-13.921616
2462,-98,46,74,383,4,13,52,-14.846062
2462,-98,40,74,383,4,12,53,-24.573326
2462,-98,44,74,383,4,9,50,-8.335037
2462,-98,49,74,383,4,13,51,-13.215355
2462,-98,48,74,383,5,10,50,-14.754318
2462,-98,45,74,383,5,13,51,-22.348000
2462,-98,48,74,383,4,14,52,-12.258270
2462,-98,48,74,383,4,12,51,-7.546600
2462,-98,50,74,383,4,9,50,-7.026627
2462,-98,55,74,383,3,15,52,-6.862122
2462,-98,36,74,383,5,10,50,-inf
2462,-98,37,74,383,5,12,51,-22.363968
2462,-98,51,74,383,5,11,51,-16.230347
2462,-98,56,74,383,4,12,52,-9.714371
2462,-98,50,74,383,5,11,51,-16.097473
2462,-98,44,74,383,4,12,51,-13.939453
2462,-98,51,74,383,5,12,51,-8.639877
2462,-98,39,74,383,4,12,52,-12.290268
2462,-98,49,74,383,4,11,51,-23.075699
2462,-98,44,74,383,4,11,52,-9.773056
2462,-98,46,74,383,4,12,52,-18.735802
2462,-98,56,74,383,4,12,51,-23.543488
2462,-98,45,74,383,5,12,52,-10.812103
2462,-98,50,74,383,5,11,51,-7.966652
2462,-98,54,74,383,5,10,51,-9.869614
2462,-98,41,74,383,5,13,52,-16.492188
2462,-98,45,74,383,5,12,51,-21.946053
2462,-98,52,74,383,3,9,50,-inf
2462,-98,56,74,383,4,12,51,-16.242805
2462,-98,48,74,383,3,13,52,-15.016319
2462,-98,40,74,383,4,12,52,-14.553169
2462,-98,62,74,383,3,11,51,-14.675674
2462,-98,45,74,383,3,15,53,-26.030899
2462,-98,52,74,383,4,12,52,-12.013809
2462,-98,45,74,383,3,10,51,-9.833008
2462,-98,34,74,383,4,12,52,-18.041199
2462,-98,45,74,383,4,12,51,-16.511528
2462,-98,56,74,383,4,11,52,-12.007011
2462,-98,45,74,383,4,11,51,-22.963562
2462,-98,51,74,383,5,12,51,-14.901169
2462,-98,46,74,383,4,13,52,-14.339256
2462,-98,50,74,383,3,12,52,-15.718323
2462,-98,43,74,383,5,12,51,-21.683861
5180,-102,829,76,384,11,12,186,-6.586639
5180,-102,850,71,390,9,13,186,-8.371002
5180,-102,858,65,396,10,14,188,-7.724419
5180,-102,854,65,396,11,13,188,-6.107849
5180,-102,860,65,396,11,13,187,-6.311203
5180,-102,856,65,396,10,13,188,-7.401367
5180,-102,854,65,396,11,11,188,-6.310776
5180,-102,851,65,396,11,12,187,-7.071533
5180,-102,851,65,396,12,14,188,-6.104019
5180,-102,858,65,396,10,15,189,-7.304550
5180,-102,857,65,396,10,13,188,-7.544861
5180,-102,856,65,396,10,12,187,-7.227974
5180,-102,856,65,396,11,14,187,-6.324722
5180,-102,857,65,396,8,15,188,-9.385925
5180,-102,858,65,396,11,15,188,-7.091690
5180,-102,853,65,396,10,13,188,-8.069092
5180,-102,860,65,396,10,14,188,-7.690689
5180,-102,857,65,396,11,17,189,-6.436371
5180,-102,854,65,396,11,13,187,-6.269241
5180,-102,855,65,396,11,11,188,-6.370728
5180,-102,854,65,396,11,13,188,-6.729111
5180,-102,857,65,396,11,14,188,-6.706230
5180,-102,857,65,396,10,12,188,-7.059975
5180,-102,856,65,396,9,12,188,-8.543686
5180,-102,858,65,396,10,14,188,-7.745850
5180,-102,858,65,396,11,13,189,-6.300690
5180,-102,858,65,396,10,14,188,-7.389633
5180,-102,864,62,399,11,11,188,-6.501038
5180,-102,864,62,399,10,14,189,-7.365028
5180,-102,851,68,393,9,14,188,-8.574417
5180,-102,851,68,393,10,15,187,-7.222229
5180,-102,851,68,393,10,14,188,-7.072090
5180,-102,848,68,393,10,14,187,-7.209534
5180,-102,851,68,393,7,15,187,-10.158333
5180,-102,851,68,393,10,13,187,-7.648788
5180,-102,853,68,393,12,14,188,-5.413406
5180,-102,851,68,393,8,13,186,-10.164673
5180,-102,849,68,393,9,13,188,-8.101021
5180,-102,852,68,393,10,15,188,-8.305725
5180,-102,850,68,393,9,12,186,-8.433716
5180,-102,848,68,393,9,12,187,-8.150757
5180,-102,848,68,393,9,15,188,-8.197929
5180,-102,851,68,393,11,12,186,-6.040527
5180,-102,850,68,393,10,12,187,-7.142952
5180,-102,853,68,393,11,11,186,-6.297272
5180,-102,852,68,393,8,12,187,-10.191833
5180,-102,854,68,393,10,14,187,-7.381973
5180,-102,850,68,393,11,12,186,-6.810806
5180,-102,853,68,393,10,14,186,-7.158432
5180,-102,852,68,393,8,12,188,-9.405052
5180,-102,851,68,393,10,13,186,-6.979309
5180,-102,853,68,393,11,13,186,-6.785751
5180,-102,854,68,393,11,13,187,-6.488708
5180,-102,846,68,393,9,15,188,-8.575668
5180,-102,846,68,393,10,11,185,-7.772552
5180,-102,851,68,393,9,12,186,-8.465080
5180,-102,854,68,393,9,13,187,-8.311241
5180,-102,855,65,395,9,12,187,-8.104904
5180,-102,857,65,395,10,12,186,-7.184860
5180,-102,858,65,396,11,13,188,-7.070221
5180,-102,857,65,396,11,13,188,-6.012329
5180,-102,853,65,396,11,13,188,-6.767754
5180,-102,855,65,396,10,14,188,-7.224548
5180,-102,855,65,396,9,12,187,-8.531235
5180,-102,856,65,396,11,13,188,-6.196533
5180,-102,854,65,396,9,13,188,-9.011009
5180,-102,858,65,396,10,13,188,-7.540161
5180,-102,855,65,396,12,13,188,-6.133423
5180,-102,855,65,396,10,11,188,-7.191040
5180,-102,857,65,396,10,15,188,-7.689507
5180,-102,853,65,396,10,10,187,-7.511597
5180,-102,859,65,396,10,14,188,-7.237885
5180,-102,858,65,396,11,13,188,-6.724648
5180,-102,858,65,396,10,12,188,-7.391846
5180,-102,856,65,396,10,12,188,-7.216682
5180,-102,852,65,396,11,13,187,-6.355461
5180,-102,855,65,396,11,12,188,-6.406891
5180,-102,857,65,396,9,12,187,-8.162605
5180,-102,858,65,396,11,14,188,-7.096985
5180,-102,856,65,396,10,12,187,-7.500671
5180,-102,855,65,396,9,10,187,-8.250900
5180,-102,853,65,396,10,11,188,-7.379471
5180,-102,857,65,396,11,14,188,-6.558380
5180,-102,858,65,396,11,12,187,-6.663681
5180,-102,860,65,396,9,13,188,-8.528481
5180,-102,856,65,396,11,12,188,-6.287254
5180,-102,853,65,396,9,12,187,-8.311691
5180,-102,857,65,396,9,14,188,-8.218689
5180,-102,857,65,396,10,13,189,-7.271332
5180,-102,854,65,396,11,12,187,-6.697403
5180,-102,855,65,396,11,12,187,-5.999969
5180,-102,858,65,396,12,13,188,-6.027039
5180,-102,858,65,396,12,13,187,-5.191086
5180,-102,859,65,396,11,11,188,-6.393303
5180,-102,855,65,396,10,11,188,-7.266922
5180,-102,858,65,396,12,13,188,-5.375168
5180,-102,858,65,396,10,14,189,-8.131821
5180,-102,859,65,396,10,15,188,-7.178085
5180,-102,856,65,396,10,11,189,-7.099510
5180,-102,858,65,396,11,11,188,-6.561317
5180,-102,859,65,396,11,13,188,-6.236435
5180,-102,858,65,396,10,14,188,-7.377975
5180,-102,859,65,396,9,15,189,-8.406891
5180,-102,855,65,396,9,13,187,-8.509460
5180,-102,858,65,396,10,14,188,-7.727615
5180,-102,855,65,396,11,13,188,-6.207794
5180,-102,858,65,396,10,14,188,-7.362793
5180,-102,858,65,396,11,14,188,-6.580231
5180,-102,859,65,396,9,14,189,-8.299179
5180,-102,858,65,396,9,12,188,-8.127007
5180,-102,858,65,396,10,14,188,-7.731583
5180,-102,854,65,396,11,12,188,-6.565552
5180,-102,857,65,396,10,12,188,-7.060265
5180,-102,857,65,396,11,13,188,-6.145325
5180,-102,858,65,396,10,16,188,-8.105057
5180,-102,857,65,396,11,11,187,-6.488785
5180,-102,856,65,396,12,14,188,-6.024689
5180,-102,855,65,396,10,16,189,-7.784996
5180,-102,853,65,396,9,13,187,-8.221985
5180,-102,856,65,396,10,12,187,-7.343803
5180,-102,853,65,396,11,14,187,-6.346428
5180,-102,856,65,396,10,12,187,-7.721085
5180,-102,857,65,396,9,13,188,-9.119240
5180,-102,855,65,396,10,12,187,-7.200722
5180,-102,855,65,396,10,11,187,-7.499481
5180,-102,856,65,396,10,14,188,-8.106384
5180,-102,857,65,396,10,13,188,-8.082787
5180,-102,857,65,396,10,14,188,-7.546066
5180,-102,858,65,396,10,10,187,-7.182846
5180,-102,858,65,396,10,13,188,-8.034668
5180,-102,857,65,396,11,13,188,-6.759583
5180,-102,855,65,396,10,14,188,-7.274719
5180,-102,856,65,396,10,14,188,-8.060226
5180,-102,857,65,396,11,12,188,-6.407150
5180,-102,854,65,396,10,15,188,-7.578323
5180,-102,856,65,396,10,14,187,-7.709793
5180,-102,856,65,396,11,12,188,-6.389671
5180,-102,854,65,396,10,12,187,-7.350410
5180,-102,855,65,396,10,13,188,-7.373383
5180,-102,851,65,396,10,14,188,-7.247269
5180,-102,849,65,396,10,12,187,-7.072800
5180,-102,856,65,396,8,12,187,-9.354568
5180,-102,855,65,396,9,12,187,-8.357384
5180,-102,854,65,396,12,13,187,-5.518730
5180,-102,854,65,396,10,13,187,-6.807907
5180,-102,853,65,396,10,14,188,-8.107941
5180,-102,857,65,396,11,14,188,-6.552132
5180,-102,857,65,396,12,10,187,-5.351715
5180,-102,854,65,396,10,11,187,-7.654724
5180,-102,857,65,396,11,14,188,-6.536987
5180,-102,853,65,396,8,13,188,-9.543640
5180,-102,851,65,396,10,12,187,-7.226128
5180,-102,858,65,396,9,13,188,-8.754211
5180,-102,855,65,396,12,13,188,-5.101219
5180,-102,858,65,396,11,12,188,-6.257332
5180,-102,855,65,396,10,12,188,-7.556091
5180,-102,858,65,396,11,12,187,-6.627289
5180,-102,856,65,396,9,13,188,-8.696793
5180,-102,858,65,396,10,12,188,-7.357712
5180,-102,853,65,396,10,12,187,-7.503906
5180,-102,853,65,396,9,11,187,-8.226212
5180,-102,856,65,396,11,14,187,-6.249725
5180,-102,856,65,396,9,11,187,-8.686142
5180,-102,856,65,396,11,13,188,-6.557785
5180,-102,856,65,396,10,14,188,-7.048813
5180,-102,853,65,396,11,12,187,-6.199081
5180,-102,857,65,396,11,12,188,-6.216858
5180,-102,852,65,396,9,14,187,-8.269836
5180,-102,855,65,396,9,14,187,-8.242203
5180,-102,853,65,396,10,11,188,-8.056046
5180,-102,854,65,396,11,13,188,-5.877121
5180,-102,854,65,396,10,15,188,-7.407173
5180,-102,850,65,396,11,12,187,-7.020020
5180,-102,852,65,396,10,12,187,-7.215462
5180,-102,848,65,396,10,15,187,-7.193001
5180,-102,853,65,396,11,13,188,-6.277832
5180,-102,852,65,396,8,14,187,-9.234726
5180,-102,858,65,396,12,11,187,-6.014160
5180,-102,851,65,396,9,14,188,-8.265121
5180,-102,855,65,396,10,12,187,-7.173248
5180,-102,857,65,396,10,12,188,-7.666901
5180,-102,855,65,396,10,13,189,-7.408020
5180,-102,855,65,396,9,13,188,-8.518921
5180,-102,852,65,396,11,12,187,-7.013321
5180,-102,852,65,396,10,13,188,-7.211899
5180,-102,854,65,396,9,13,187,-8.538910
5180,-102,856,65,396,9,12,188,-8.377762
5180,-102,855,65,396,11,14,188,-7.109627
5180,-102,854,65,396,11,13,187,-6.716080
5180,-102,853,65,396,11,13,188,-6.084427
5180,-102,852,65,396,9,14,188,-9.097336
5180,-102,855,65,396,9,12,187,-8.282394
5180,-102,853,65,396,9,10,187,-8.690819
5180,-102,855,65,396,10,14,189,-8.160248
5180,-102,856,65,396,9,12,188,-8.071014
5180,-102,853,65,396,12,14,188,-5.552620
5180,-102,854,65,396,11,15,188,-6.730743
5180,-102,857,65,396,10,13,188,-7.066177
5180,-102,855,65,396,10,13,187,-7.360855
5180,-102,854,65,396,10,12,187,-7.616928
5180,-102,858,65,396,11,14,188,-6.047241
5180,-102,856,65,396,11,11,188,-6.242554
5180,-102,859,65,396,11,11,187,-6.678391
5180,-102,856,65,396,10,8,186,-7.965866
5180,-102,857,65,396,10,14,188,-7.092728
5180,-102,857,65,396,8,12,188,-9.242783
5180,-102,854,65,396,10,14,187,-7.541389
5180,-102,854,65,396,11,13,188,-6.287170
5180,-102,856,65,396,8,11,187,-9.193451
5180,-102,856,65,396,9,13,188,-9.106949
5180,-102,854,65,396,11,15,189,-6.371735
5180,-102,856,65,396,10,13,188,-7.510925
5180,-102,858,65,396,10,12,187,-8.017838
5180,-102,857,65,396,10,13,187,-7.524384
5180,-102,856,65,396,11,12,188,-6.710693
5180,-102,851,65,396,12,12,187,-5.172699
5180,-102,856,65,396,11,12,188,-6.638901
5180,-102,857,65,396,8,11,187,-9.973343
5180,-102,855,65,396,9,10,187,-8.201202
5180,-102,854,65,396,8,10,187,-9.697540
5180,-102,860,62,399,10,12,187,-7.475410
5180,-102,855,65,396,10,13,189,-7.429398
5180,-102,857,65,396,10,13,187,-8.041550
5180,-102,856,65,396,9,12,187,-8.344025
5180,-102,850,65,396,10,14,188,-7.354675
5180,-102,854,65,396,9,10,187,-8.242584
5180,-102,853,65,396,9,13,187,-8.156815
5180,-102,847,65,396,11,11,187,-6.392441
5180,-102,855,65,396,10,13,188,-7.740417
5180,-102,853,65,396,9,14,188,-8.139816
5180,-102,855,65,396,11,13,188,-6.520981
5180,-102,857,65,396,10,13,188,-7.275932
5180,-102,858,65,396,12,12,188,-5.256989
5180,-102,858,65,396,9,13,188,-9.050751
5180,-102,856,65,396,11,13,188,-6.101830
5180,-102,855,65,396,10,14,187,-7.527588
5180,-102,851,65,396,12,14,187,-5.188034
5180,-102,856,65,396,10,12,187,-7.187622
5180,-102,856,65,396,11,14,188,-5.973076
5180,-102,856,65,396,11,13,188,-6.748215
5180,-102,857,65,396,8,12,188,-9.043533
5180,-102,852,65,396,11,13,188,-6.558624
5180,-102,854,65,396,10,13,188,-8.136871
5180,-102,855,65,396,10,12,187,-7.321091
5180,-102,852,65,396,10,13,188,-7.364090
5180,-102,853,65,396,6,13,189,-11.444000
5180,-102,857,65,396,11,13,188,-6.525940
5180,-102,854,65,396,11,14,188,-6.512863
5180,-102,855,65,396,11,14,188,-6.284454
5180,-102,850,65,396,9,14,187,-8.739502
5180,-102,852,65,396,10,14,188,-7.333710
5180,-102,850,65,396,11,14,187,-6.215057
5180,-102,852,65,396,11,12,187,-6.199898
5180,-102,855,65,396,10,13,188,-7.401520
5180,-102,853,65,396,10,14,187,-7.348923
5180,-102,852,65,396,9,11,187,-8.503433
5180,-102,855,65,396,11,14,189,-6.047241
5180,-102,850,65,396,10,15,187,-7.545227
5180,-102,858,65,396,11,10,187,-6.163239
5180,-102,858,65,396,9,12,188,-9.137207
5180,-102,858,65,396,8,12,187,-9.307327
5180,-102,848,68,393,10,11,186,-7.202782
5180,-102,862,62,398,10,15,189,-7.297165
5180,-102,860,62,398,9,14,188,-8.369385
5180,-102,859,62,398,10,12,188,-6.975754
5180,-102,853,68,393,10,16,189,-7.456100
5180,-102,847,68,393,10,13,186,-7.795639
5180,-102,844,68,393,11,13,186,-6.686012
5180,-102,850,68,393,10,13,187,-7.664673
5180,-102,850,68,393,9,12,187,-8.641426
5180,-102,848,68,393,11,14,187,-6.415512
5180,-102,850,68,393,11,11,187,-6.382278
5180,-102,849,68,393,10,11,187,-7.175308
5180,-102,846,68,393,10,11,188,-7.440926
5180,-102,849,68,393,9,14,188,-8.431770
5180,-102,852,68,393,9,13,186,-8.291046
5180,-102,845,68,393,10,11,186,-7.679268
5180,-102,846,68,393,9,15,188,-8.354935
5180,-102,844,68,393,9,12,186,-9.163483
5180,-102,845,68,393,10,14,187,-7.490402
5180,-102,849,68,393,10,12,186,-7.803230
5180,-102,850,68,393,8,13,187,-9.237015
5180,-102,850,68,393,9,13,187,-8.515205
5180,-102,839,68,393,9,12,185,-8.453362
5180,-102,847,68,393,12,15,187,-5.868240
5180,-102,850,68,393,9,14,188,-8.435944
5180,-102,850,68,393,11,12,187,-6.156967
5180,-102,851,68,393,11,10,186,-6.660965
5180,-102,846,68,393,10,13,188,-7.065323
5180,-102,849,68,393,10,13,187,-7.255203
5180,-102,847,68,393,9,12,186,-8.852821
5180,-102,845,68,393,11,12,186,-6.801041
5180,-102,845,68,393,10,13,187,-7.103500
5180,-102,845,68,393,9,10,186,-8.191299
5180,-102,848,68,393,9,11,186,-8.642258
5180,-102,852,68,393,10,14,188,-7.366776
5180,-102,845,68,393,10,12,186,-8.212097
5180,-102,848,68,393,9,14,187,-8.325813
5180,-102,856,65,396,10,12,188,-7.573296
5180,-102,857,65,396,10,12,187,-7.481171
5180,-102,855,65,396,10,13,188,-7.727036
5180,-102,858,65,396,8,12,187,-10.023682
5180,-102,856,65,396,11,14,188,-6.197281
5180,-102,859,65,396,9,12,188,-8.223175
5180,-102,855,65,396,12,13,188,-5.043655
5180,-102,856,65,396,11,12,188,-6.096619
5180,-102,858,65,396,11,14,188,-6.576157
5180,-102,855,65,396,9,11,187,-8.164139
5180,-102,855,65,396,11,14,188,-5.859856
5180,-102,855,65,396,11,11,188,-6.279770
5180,-102,850,65,396,10,12,187,-8.068443
5180,-102,856,65,396,12,15,188,-5.127350
5180,-102,855,65,396,12,14,188,-5.733444
5180,-102,854,65,396,11,13,188,-6.197937
5180,-102,855,65,396,10,13,188,-7.410988
5180,-102,851,65,396,11,13,187,-6.525124
5180,-102,856,65,396,11,13,187,-6.217789
5180,-102,852,65,396,10,13,188,-7.053879
5180,-102,855,65,396,10,14,188,-7.526321
5180,-102,851,65,396,10,12,187,-8.043335
5180,-102,857,65,396,11,11,188,-6.222702
5180,-102,857,65,396,11,14,189,-6.472252
5180,-102,853,65,396,11,13,187,-7.013870
5180,-102,856,65,396,11,11,188,-6.268661
5180,-102,858,65,396,10,13,188,-7.554031
5180,-102,857,65,396,9,13,188,-8.733200
5180,-102,857,65,396,11,12,188,-6.576950
5180,-102,855,65,396,10,9,186,-7.553848
5180,-102,859,65,396,10,12,187,-7.219833
5180,-102,858,65,396,12,13,188,-5.147141
5180,-102,857,65,396,11,13,188,-6.259369
5180,-102,855,65,396,10,14,187,-6.920120
5180,-102,852,65,396,11,13,188,-6.196220
5180,-102,854,65,396,9,13,187,-8.282898
5180,-102,855,65,396,10,11,187,-7.158463
5180,-102,854,65,396,12,13,188,-5.534004
5180,-102,853,65,396,11,11,187,-5.891212
5180,-102,855,65,396,10,14,188,-7.565559
5180,-102,855,65,395,11,13,189,-6.845383
5180,-102,855,65,395,9,13,187,-8.140167
5180,-102,856,65,395,11,13,187,-7.100754
5180,-102,853,65,395,9,15,188,-8.189865
5180,-102,856,65,395,9,14,187,-8.684334
5180,-102,857,65,395,9,10,187,-8.469307
5180,-102,853,65,395,10,12,187,-7.735077
5180,-102,855,65,395,8,13,187,-9.151123
5180,-102,857,65,395,11,14,187,-6.145508
5180,-102,857,65,395,10,13,188,-7.291626
5180,-102,853,65,395,9,14,187,-8.486282
5180,-102,858,65,395,10,14,188,-7.789886
5180,-102,859,65,395,10,13,188,-7.751602
5180,-102,858,65,395,10,13,187,-7.440590
5180,-102,853,65,395,10,12,187,-7.059479
5180,-102,854,65,395,9,13,187,-8.358612
5180,-102,857,65,395,10,13,186,-7.410950
5180,-102,857,65,395,9,13,187,-8.244263
5180,-102,857,65,395,11,13,188,-6.761536
5180,-102,857,65,395,9,15,188,-8.280251
5180,-102,857,65,395,9,13,187,-8.442825
5180,-102,856,65,395,10,11,186,-7.669968
5180,-102,857,65,395,11,12,187,-7.084320
5180,-102,853,65,395,11,13,188,-6.564850
5180,-102,855,65,395,12,14,187,-5.454269
5180,-102,855,65,395,10,12,187,-7.343430
5180,-102,855,65,395,10,13,187,-7.744057
5180,-102,858,65,395,10,12,188,-7.510414
5180,-102,853,65,395,12,12,187,-5.704788
5180,-102,857,65,395,10,11,187,-7.341644
5180,-102,855,65,395,9,13,187,-8.497818
5180,-102,842,71,390,10,14,187,-7.755829
5180,-102,858,62,399,11,12,188,-6.932907
5180,-102,863,62,399,10,12,188,-7.927498
5180,-102,862,62,399,11,12,189,-6.220871
5180,-102,863,62,399,11,14,189,-6.586273
5180,-102,848,68,392,9,15,187,-8.186905
5180,-102,851,68,392,10,13,186,-7.487869
5180,-102,849,68,392,8,13,187,-9.458359
5180,-102,845,68,392,8,14,186,-9.223625
5180,-102,849,68,392,9,14,187,-8.203094
5180,-102,850,68,392,10,14,187,-7.154709
5180,-102,851,68,392,9,12,186,-8.322372
5180,-102,850,68,392,11,15,187,-6.095276
5180,-102,848,68,392,10,14,186,-7.385574
5180,-102,848,68,392,10,11,186,-7.835037
5180,-102,851,68,392,8,13,187,-9.348724
5180,-102,848,68,392,8,12,186,-9.851830
5180,-102,846,68,392,9,11,185,-9.149017
5180,-102,845,68,392,11,11,186,-6.563034
5180,-102,850,68,392,9,14,186,-8.475021
5180,-102,860,62,398,10,12,187,-7.540192
5180,-102,863,62,398,11,14,189,-6.156296
5180,-102,852,65,395,10,12,188,-7.426147
5180,-102,855,65,395,10,13,186,-7.999725
5180,-102,849,65,395,12,12,187,-5.472992
5180,-102,857,65,395,10,14,188,-7.791367
5180,-102,857,65,395,11,13,188,-7.129822
5180,-102,854,65,395,12,11,187,-5.717445
5180,-102,853,65,395,9,15,187,-8.255440
5180,-102,852,65,395,10,14,187,-7.127190
5180,-102,854,65,395,10,14,188,-7.440475
5180,-102,855,65,395,12,13,187,-5.390823
5180,-102,855,65,395,10,13,187,-7.288437
5180,-102,856,65,395,10,11,187,-7.105286
5180,-102,856,65,395,10,13,187,-7.375961
5180,-102,856,65,395,10,14,187,-8.099503
5180,-102,857,65,395,10,14,188,-7.777725
5180,-102,856,65,395,10,11,187,-7.260437
5180,-102,856,65,395,11,11,187,-6.082489
5180,-102,857,65,395,11,15,187,-6.713570
5180,-102,853,65,395,9,14,187,-8.406601
5180,-102,856,65,395,11,12,187,-6.104095
5180,-102,857,65,395,9,13,187,-8.484497
5180,-102,857,65,395,9,11,187,-8.301880
5180,-102,857,65,395,9,11,187,-8.721207
5180,-102,860,65,395,8,13,189,-9.376923
5180,-102,859,65,395,9,12,188,-8.221008
5180,-102,855,65,395,10,13,186,-7.434082
5180,-102,859,65,395,10,13,189,-7.205132
5180,-102,857,65,395,8,11,187,-10.022629
5180,-102,856,65,395,8,12,187,-9.109344
5180,-102,857,65,395,10,13,187,-7.247345
5180,-102,857,65,395,12,12,187,-5.132477
5180,-102,857,65,395,11,14,188,-6.118134
5180,-102,856,65,395,11,13,188,-7.101196
5180,-102,856,65,395,10,12,186,-7.673462
5180,-102,853,65,395,9,13,187,-8.543365
5180,-102,854,65,395,12,13,187,-5.250046
5180,-102,855,65,395,10,12,187,-7.228317
5180,-102,851,65,395,9,12,187,-8.115547
5180,-102,856,65,395,11,14,188,-6.824966
5180,-102,854,65,395,11,13,188,-6.329590
5180,-102,855,65,395,10,13,187,-7.532349
5180,-102,856,65,395,10,13,187,-8.069550
5180,-102,857,65,395,10,13,187,-7.718063
5180,-102,855,65,395,10,13,188,-8.145363
5180,-102,857,65,395,10,13,187,-7.196938
5180,-102,852,65,395,10,15,187,-7.344269
5180,-102,855,65,395,9,12,188,-9.158875
5180,-102,852,65,395,9,12,187,-9.110077
5180,-102,855,65,395,11,15,187,-6.030014
5180,-102,856,65,395,10,14,188,-7.232834
5180,-102,855,65,395,9,14,187,-8.150543
5180,-102,855,65,395,10,13,188,-8.153702
5180,-102,857,65,395,10,13,187,-7.197357
5180,-102,855,65,395,10,13,187,-7.199310
5180,-102,856,65,395,12,13,187,-5.349838
5180,-102,857,65,395,9,15,188,-8.607864
5180,-102,855,65,395,9,11,186,-8.660889
5180,-102,857,65,395,11,14,187,-7.047424
5180,-102,851,65,395,9,12,187,-8.291992
5180,-102,856,65,395,8,14,187,-10.045563
5180,-102,854,65,395,9,12,187,-8.381805
5180,-102,852,65,395,10,12,187,-7.512207
5180,-102,857,65,395,10,12,188,-7.271103
5180,-102,855,65,395,11,13,188,-6.333107
5180,-102,856,65,395,11,13,188,-6.176788
5180,-102,863,62,399,11,12,188,-6.860603
5180,-102,852,68,392,8,12,186,-9.229134
5180,-102,853,68,392,8,12,187,-9.529602
5180,-102,853,68,392,9,13,187,-7.987228
5180,-102,846,68,392,10,14,186,-7.178192
5180,-102,849,68,392,10,12,186,-7.103416
5180,-102,850,68,392,10,12,187,-7.920380
5180,-102,848,68,392,10,12,187,-7.275879
5180,-102,846,68,392,11,13,186,-6.898476
5180,-102,862,62,399,11,12,188,-6.834305
5180,-102,863,62,399,10,13,189,-7.373405
5180,-102,848,68,393,9,14,187,-8.665909
5180,-102,855,65,395,10,12,188,-7.768822
5180,-102,854,65,395,11,14,188,-6.318512
5180,-102,857,65,395,8,15,188,-9.758865
5180,-102,852,65,395,10,14,187,-7.148071
5180,-102,857,65,395,10,12,188,-7.748940
5180,-102,856,65,395,10,13,187,-7.161987
5180,-102,857,65,395,11,14,187,-6.515388
5180,-102,855,65,395,10,14,188,-7.330261
5180,-102,853,65,396,8,15,188,-9.715714
5180,-102,856,65,396,11,13,187,-6.485855
5180,-102,857,65,396,10,13,188,-7.422531
5180,-102,852,65,396,9,13,187,-8.637192
5180,-102,852,65,396,9,13,188,-8.138214
5180,-102,855,65,396,10,12,187,-7.244034
5180,-102,856,65,396,12,12,187,-5.190857
5180,-102,856,65,396,10,13,188,-7.240265
5180,-102,856,65,396,13,13,187,-4.477356
5180,-102,858,65,396,10,11,187,-7.491379
5180,-102,858,65,396,10,14,187,-8.025818
5180,-102,857,65,396,11,13,188,-6.389404
5180,-102,856,65,396,11,13,188,-6.171867
5180,-102,856,65,396,10,11,187,-7.058899
5180,-102,858,65,396,9,14,188,-8.365555
5180,-102,858,65,396,10,14,188,-7.330231
5180,-102,857,65,396,10,12,188,-8.100769
5180,-102,854,65,396,10,12,187,-7.191795
5180,-102,857,65,396,10,12,188,-7.377243
5180,-102,857,65,396,10,12,188,-7.568832
5180,-102,859,65,396,9,14,188,-8.722824
5180,-102,857,65,396,9,13,188,-8.067490
5180,-102,855,65,396,10,11,187,-7.674088
5180,-102,854,65,396,9,12,188,-8.361938
5180,-102,855,65,396,10,14,188,-6.982407
5180,-102,857,65,396,10,14,188,-7.605850
5180,-102,858,65,396,9,12,187,-8.491074
5180,-102,856,65,396,10,14,188,-7.346619
5180,-102,852,65,396,9,12,187,-8.268181
5180,-102,858,65,396,9,10,187,-9.027283
5180,-102,858,65,396,11,13,189,-6.455765
5180,-102,853,65,396,10,11,187,-7.708389
5180,-102,857,65,396,9,15,187,-7.981216
5180,-102,855,65,396,11,15,187,-6.702438
5180,-102,854,65,396,10,11,188,-7.715561
5180,-102,855,65,396,10,12,188,-7.256760
5180,-102,854,65,396,10,15,188,-7.242264
5180,-102,854,65,396,11,14,188,-6.246147
5180,-102,855,65,396,10,13,187,-8.036606
5180,-102,858,65,396,10,16,188,-7.278610
5180,-102,857,65,396,11,14,188,-6.260559
5180,-102,856,65,396,11,11,187,-6.145370
5180,-102,857,65,395,9,14,187,-8.723984
5180,-102,855,65,395,10,16,188,-7.459869
5180,-102,855,65,395,10,11,187,-7.724106
5180,-102,858,62,399,10,14,189,-7.268822
5180,-102,864,62,399,10,11,188,-7.873024
5180,-102,857,62,399,10,11,188,-7.878632
5180,-102,864,62,399,10,13,189,-7.604248
5180,-102,849,68,392,10,14,187,-7.111526
5180,-102,868,59,402,11,11,189,-6.418640
5180,-102,853,65,396,9,12,188,-8.385147
5180,-102,853,65,396,11,13,187,-6.356918
5180,-102,853,65,396,11,12,187,-6.143799
5180,-102,858,65,396,11,14,188,-6.329803
5180,-102,857,65,396,8,14,188,-9.078049
5180,-102,854,65,396,11,12,188,-6.306534
5180,-102,855,65,396,10,13,187,-7.068832
5180,-102,857,65,395,11,14,187,-6.113571
5180,-102,857,65,395,11,12,187,-7.108612
5180,-102,857,65,395,11,14,188,-6.767334
5180,-102,855,65,395,7,11,187,-10.237686
5180,-102,855,65,395,11,12,186,-5.843262
5180,-102,855,65,395,9,14,187,-8.693695
5180,-102,855,65,395,8,13,187,-9.750336
5180,-102,852,65,395,10,10,188,-7.309395
5180,-102,857,65,395,9,12,187,-8.215652
5180,-102,857,65,395,11,12,187,-6.028091
5180,-102,858,65,395,10,14,189,-8.214127
5180,-102,855,65,395,11,12,187,-7.077461
5180,-102,850,65,395,10,10,187,-7.387039
5180,-102,853,65,395,11,11,186,-5.995438
5180,-102,857,65,395,11,13,188,-6.480072
5180,-102,854,65,395,9,13,187,-8.039902
5180,-102,856,65,395,10,14,188,-8.126678
5180,-102,855,65,395,10,13,187,-7.336197
5180,-102,856,65,395,11,13,187,-6.706085
5180,-102,854,65,395,10,14,188,-7.327759
5180,-102,853,65,395,10,11,186,-8.047852
5180,-102,855,65,395,10,13,188,-6.876686
5180,-102,851,65,395,10,14,188,-7.450333
5180,-102,851,65,395,10,13,187,-7.272125
5180,-102,856,65,395,11,13,187,-6.126709
5180,-102,855,65,395,10,10,187,-7.492645
5180,-102,854,65,395,11,13,187,-6.285217
5180,-102,854,65,395,8,14,187,-9.714722
5180,-102,854,65,395,11,13,188,-6.128487
5180,-102,851,65,395,10,13,187,-7.719299
5180,-102,854,65,395,10,14,187,-7.402664
5180,-102,851,65,395,9,13,188,-8.616714
5180,-102,853,65,395,10,14,187,-7.492752
5180,-102,853,65,395,9,14,187,-8.469879
5180,-102,850,65,395,10,13,187,-8.158432
5180,-102,852,65,395,9,12,187,-8.519150
5180,-102,852,65,395,9,13,187,-8.756371
5180,-102,851,65,395,10,12,187,-7.249504
5180,-102,855,65,395,9,14,187,-7.997406
5180,-102,850,65,395,10,13,187,-7.503265
5180,-102,848,65,395,10,12,186,-7.110397
5180,-102,853,65,395,10,13,188,-7.032639
5180,-102,847,65,395,10,12,187,-7.785568
5180,-102,848,65,395,10,12,187,-7.160538
5180,-102,857,65,395,10,13,187,-7.340378
5180,-102,854,65,395,12,10,187,-6.118256
5180,-102,857,65,395,10,14,188,-7.399696
5180,-102,857,65,395,10,11,186,-7.291885
5180,-102,854,65,395,10,9,186,-6.983047
5180,-102,853,65,395,10,13,186,-7.296021
5180,-102,856,65,395,10,10,187,-7.706070
5180,-102,855,65,395,10,14,187,-7.001480
5180,-102,856,65,395,11,14,187,-6.399345
5180,-102,853,65,395,11,14,187,-6.236877
5180,-102,851,65,395,11,13,187,-6.413940
5180,-102,854,65,395,9,11,188,-8.759659
5180,-102,849,65,395,11,11,187,-6.695786
5180,-102,855,65,395,11,12,187,-6.347206
5180,-102,853,65,395,11,13,187,-6.239441
5180,-102,853,65,395,9,11,187,-8.239563
5180,-102,850,65,395,10,15,187,-8.130890
5180,-102,853,65,395,11,14,188,-6.098244
5180,-102,851,65,395,11,15,187,-6.708229
5180,-102,855,65,395,10,14,188,-8.171600
5180,-102,856,65,395,10,13,187,-7.498093
5180,-102,853,65,395,10,13,187,-7.719101
5180,-102,855,65,395,11,10,187,-6.108055
5180,-102,852,65,395,10,14,187,-8.094101
5180,-102,853,65,395,11,13,187,-6.156479
5180,-102,856,65,395,9,13,187,-8.225906
5180,-102,855,65,395,11,12,187,-6.705185
5180,-102,852,65,395,9,13,187,-8.389069
5180,-102,853,65,395,8,12,187,-9.752274
5180,-102,850,65,395,10,13,186,-7.162506
5180,-102,850,65,395,11,13,187,-6.370033
5180,-102,849,65,395,9,12,187,-9.134766
5180,-102,851,65,395,9,13,186,-8.214966
5180,-102,850,65,395,11,12,186,-6.361221
5180,-102,849,65,395,11,12,186,-6.684052
5180,-102,850,65,395,10,11,186,-7.676895
5180,-102,853,65,395,7,14,187,-10.379585
5180,-102,855,65,395,10,14,187,-8.090767
5180,-102,852,65,395,11,13,187,-6.369347
5180,-102,855,65,395,9,14,188,-9.134399
5180,-102,855,65,395,10,13,187,-7.682472
5180,-102,854,65,395,11,12,187,-6.243011
5180,-102,857,65,395,9,13,187,-8.257538
5180,-102,857,65,395,10,13,187,-7.380157
5180,-102,858,65,395,11,13,188,-6.208107
5180,-102,855,65,395,11,14,187,-7.097092
5180,-102,854,65,395,11,12,187,-6.740463
5180,-102,851,65,395,10,14,187,-7.091949
5180,-102,853,65,395,11,14,187,-6.159332
5180,-102,851,65,395,11,14,187,-6.151688
5180,-102,854,65,395,10,15,188,-7.306564
5180,-102,853,65,395,10,15,188,-7.455246
5180,-102,857,65,395,12,14,187,-5.041702
5180,-102,852,65,395,9,15,187,-8.715759
5180,-102,854,65,395,10,12,187,-7.647285
5180,-102,851,65,395,10,13,186,-7.348343
5180,-102,857,65,395,10,12,187,-7.268105
5180,-102,854,65,395,11,13,187,-6.292313
5180,-102,855,65,395,9,14,187,-8.198669
5180,-102,854,65,395,9,12,187,-8.340851
5180,-102,852,65,395,10,12,187,-7.279602
5180,-102,854,65,395,8,12,186,-10.040054
5180,-102,854,65,395,7,12,187,-10.728386
5180,-102,851,65,395,9,12,188,-8.173691
5180,-102,854,65,395,10,11,186,-7.409409
5180,-102,855,65,395,10,10,186,-7.215294
5180,-102,851,65,395,9,13,187,-8.306244
5180,-102,850,65,395,9,14,188,-8.101822
5180,-102,855,65,395,12,13,188,-5.553200
5180,-102,849,65,395,11,11,186,-6.482071
5180,-102,852,65,395,10,13,187,-7.082504
5180,-102,851,65,395,11,16,188,-6.440704
5180,-102,852,65,395,9,14,189,-8.185120
5180,-102,852,65,395,9,14,186,-8.338989
5180,-102,855,65,395,10,13,187,-8.071915
5180,-102,850,65,395,11,12,187,-6.722351
5180,-102,851,65,395,9,13,187,-8.463188
5180,-102,856,65,395,12,13,187,-5.252289
5180,-102,851,65,395,8,13,187,-10.100510
5180,-102,855,65,395,11,13,188,-6.182961
5180,-102,854,65,395,11,14,187,-6.432922
5180,-102,852,65,395,10,14,186,-8.038193
5180,-102,854,65,395,10,13,187,-7.234863
5180,-102,848,65,395,9,17,187,-8.292526
5180,-102,850,65,395,8,15,187,-9.516502
5180,-102,855,65,395,11,13,187,-6.347855
5180,-102,852,65,395,10,14,188,-7.600861
5180,-102,857,65,395,8,11,187,-9.464706
5180,-102,857,65,395,8,14,188,-9.318588
5180,-102,851,65,395,11,12,187,-6.416077
5180,-102,854,65,395,10,13,187,-8.090736
5180,-102,855,65,395,10,10,187,-7.655197
5180,-102,853,65,395,9,12,187,-9.066200
5180,-102,854,65,395,10,13,187,-7.396240
5180,-102,851,65,395,10,11,187,-7.341934
5180,-102,852,65,395,11,15,188,-7.183586
5180,-102,856,65,395,9,13,187,-8.101852
5180,-102,855,65,395,10,14,187,-8.091187
5180,-102,857,65,395,9,14,187,-8.519119
5180,-102,857,65,395,10,10,187,-8.075256
5180,-102,854,65,395,11,10,187,-6.240433
5180,-102,854,65,395,12,14,188,-5.194069
5180,-102,851,65,395,9,11,186,-9.053299
5180,-102,853,65,395,9,14,187,-8.766106
5180,-102,853,65,395,9,13,187,-8.758598
5180,-102,856,65,395,9,13,187,-7.985031
5180,-102,856,65,395,10,13,187,-7.051224
5180,-102,857,65,395,11,15,187,-6.488838
5180,-102,854,65,395,11,13,187,-6.502098
5180,-102,854,65,395,10,12,187,-8.056213
5180,-102,855,65,395,10,13,188,-7.169395
5180,-102,851,65,395,10,13,187,-7.487289
5180,-102,853,65,395,11,13,186,-6.187988
5180,-102,852,65,395,8,12,188,-9.217896
5180,-102,854,65,395,8,11,186,-9.088791
5180,-102,855,65,395,10,14,188,-7.369446
5180,-102,853,65,395,10,12,187,-7.063103
5180,-102,855,65,395,9,12,186,-8.395889
5180,-102,855,65,395,11,13,188,-6.135284
5180,-102,851,65,395,11,13,186,-6.041115
5180,-102,855,65,395,10,14,188,-7.528168
5180,-102,853,65,395,10,14,188,-7.433281
5180,-102,853,65,395,9,13,187,-8.500053
5180,-102,848,65,395,10,13,186,-8.025452
5180,-102,855,65,395,11,11,187,-7.055122
5180,-102,850,65,395,11,12,187,-6.710922
5180,-102,852,65,395,12,12,187,-5.749886
5180,-102,852,65,395,10,16,187,-7.718323
5180,-102,857,65,395,9,14,187,-8.242340
5200,-102,857,65,395,8,11,188,-9.121735
5200,-102,855,65,395,10,14,188,-7.221214
5200,-102,854,65,395,10,16,188,-7.143036
5200,-102,856,65,395,9,13,188,-8.767853
5200,-102,851,65,395,11,12,187,-7.104836
5200,-102,854,65,395,11,13,188,-6.790634
5200,-102,855,65,395,10,13,189,-7.290985
5200,-102,856,65,395,12,13,188,-5.591995
5200,-102,856,65,395,12,12,187,-6.078125
5200,-102,852,65,395,13,13,188,-4.115067
5200,-102,855,65,395,10,11,188,-7.794205
5200,-102,856,65,395,10,11,187,-8.100960
5200,-102,857,65,395,10,12,188,-8.132149
5200,-102,852,65,395,10,13,187,-7.704674
5200,-102,856,65,395,8,10,187,-9.382446
5200,-102,855,65,395,9,11,188,-8.445427
5200,-102,857,65,395,10,14,188,-8.122704
5200,-102,855,65,395,10,12,188,-7.225204
5200,-102,854,65,395,8,14,188,-9.314148
5200,-102,856,65,395,11,11,187,-6.730331
5200,-102,857,65,395,9,12,187,-8.704422
5200,-102,857,65,395,10,11,187,-7.728012
5200,-102,858,65,395,11,14,189,-6.101562
5200,-102,854,65,395,11,14,188,-6.342857
5200,-102,855,65,395,11,12,187,-6.147499
5200,-102,855,65,395,11,12,189,-6.195053
5200,-102,854,65,395,10,12,188,-7.336761
5200,-102,852,65,395,9,12,187,-8.802109
5200,-102,856,65,395,11,12,188,-6.441444
5200,-102,858,65,395,10,13,188,-7.754196
5200,-102,853,65,395,10,12,187,-7.124954
5200,-102,851,65,395,11,12,187,-6.768829
5200,-102,855,65,395,9,13,188,-8.114624
5200,-102,853,65,395,11,16,187,-6.134224
5200,-102,851,65,395,9,10,187,-8.394547
5200,-102,854,65,395,11,12,188,-6.217682
5200,-102,853,65,395,10,12,188,-7.053558
5200,-102,852,65,395,11,12,187,-6.285843
5200,-102,856,65,395,11,13,187,-6.449432
5200,-102,856,65,395,11,11,187,-6.718430
5200,-102,853,65,395,10,11,187,-7.755501
5200,-102,855,65,395,9,13,188,-8.554031
5200,-102,850,65,395,11,12,187,-6.183258
5200,-102,854,65,395,10,14,188,-7.430115
5200,-102,850,65,395,11,13,188,-6.455429
5200,-102,854,65,395,10,12,187,-7.263908
5200,-102,853,65,395,11,11,188,-6.215622
5200,-102,849,65,395,10,9,186,-7.073273
5200,-102,852,65,395,10,12,188,-7.809662
5200,-102,852,65,395,10,12,187,-6.947861
5200,-102,852,65,395,10,11,187,-7.389656
5200,-102,853,65,395,10,11,187,-7.052597
5200,-102,851,65,395,11,13,186,-7.026665
5200,-102,853,65,395,10,13,187,-8.096588
5200,-102,850,65,395,12,12,187,-5.395645
5200,-102,853,65,395,10,12,188,-7.496674
5200,-102,852,65,395,11,13,187,-7.090561
5200,-102,853,65,395,10,11,188,-7.167725
5200,-102,857,65,395,11,11,188,-6.275696
5200,-102,856,65,395,10,15,189,-7.369095
5200,-102,855,65,395,11,10,187,-6.372765
5200,-102,850,65,395,11,13,188,-6.318710
5200,-102,854,65,395,10,15,189,-7.419464
5200,-102,852,65,395,11,13,187,-6.475227
5200,-102,855,65,395,11,13,188,-6.552124
5200,-102,849,65,395,12,15,188,-5.113686
5200,-102,856,65,395,11,10,188,-6.279228
5200,-102,857,65,395,10,12,188,-7.384186
5200,-102,856,65,395,12,15,188,-5.457352
5200,-102,853,65,395,11,13,188,-6.226578
5200,-102,855,65,395,11,11,188,-6.231979
5200,-102,855,65,395,10,10,187,-7.484779
5200,-102,852,65,395,11,11,188,-6.307816
5200,-102,855,65,395,11,14,188,-6.450310
5200,-102,855,65,395,11,13,187,-6.295334
5200,-102,854,65,395,10,13,187,-6.787491
5200,-102,856,65,395,11,13,189,-6.490486
5200,-102,852,65,395,10,13,187,-8.074089
5200,-102,850,65,395,11,12,188,-6.427231
5200,-102,855,65,395,11,10,187,-6.458939
5200,-102,853,65,395,12,12,187,-6.113754
5200,-102,855,65,395,10,12,187,-7.331558
5200,-102,855,65,395,10,15,188,-7.207474
5200,-102,850,65,395,11,12,187,-7.120789
5200,-102,852,65,395,11,14,188,-6.453201
5200,-102,854,65,395,11,12,188,-6.469345
5200,-102,857,65,395,11,11,188,-6.763985
5200,-102,856,65,395,8,14,187,-9.269249
5200,-102,857,65,395,11,12,188,-6.514206
5200,-102,858,65,395,10,13,188,-8.134750
5200,-102,856,65,395,12,12,187,-5.726471
5200,-102,859,65,395,10,16,188,-7.443771
5200,-102,857,65,395,10,13,188,-7.291130
5200,-102,859,65,395,11,12,188,-6.768173
5200,-102,858,65,395,11,14,189,-5.978775
5200,-102,859,65,395,10,13,189,-8.164322
5200,-102,859,65,395,10,12,188,-8.136230
5200,-102,857,65,395,10,15,188,-7.521957
5200,-102,855,65,395,10,13,188,-7.434601
5200,-102,857,65,395,11,13,188,-6.553787
5200,-102,854,65,395,9,15,188,-8.529434
5200,-102,853,65,395,10,12,188,-7.112167
5200,-102,853,65,395,11,13,188,-6.219749
5200,-102,856,65,395,9,11,188,-8.777939
5200,-102,854,65,395,10,12,187,-7.152702
5200,-102,856,65,395,11,14,187,-6.508316
5200,-102,854,65,395,11,13,187,-7.105232
5200,-102,853,65,395,10,14,188,-7.534843
5200,-102,857,65,395,12,14,188,-5.432251
5200,-102,857,65,395,10,11,187,-7.709381
5200,-102,859,65,395,11,14,188,-7.095917
5200,-102,855,65,395,11,12,187,-6.401596
5200,-102,855,65,395,9,13,188,-8.782303
5200,-102,856,65,395,10,13,188,-7.195831
5200,-102,853,65,395,10,12,188,-7.218147
5200,-102,856,65,395,11,12,187,-6.758354
5200,-102,855,65,395,11,15,188,-6.216583
5200,-102,852,65,395,12,12,188,-5.423325
5200,-102,856,65,395,10,12,187,-7.018616
5200,-102,859,65,395,10,12,188,-7.435394
5200,-102,856,65,395,10,11,188,-7.458229
5200,-102,857,65,395,10,12,188,-7.370033
5200,-102,855,65,395,11,12,187,-7.066879
5200,-102,857,65,395,10,12,188,-7.185608
5200,-102,857,65,395,11,13,188,-6.067993
5200,-102,855,65,395,11,12,188,-6.783318
5200,-102,856,65,395,9,13,188,-8.581390
5200,-102,857,65,395,12,11,187,-5.721130
5200,-102,855,65,395,10,12,188,-7.327599
5200,-102,853,65,395,12,15,189,-5.583633
5200,-102,856,65,395,10,12,188,-7.753380
5200,-102,857,65,395,12,10,188,-5.177620
5200,-102,852,65,395,11,13,188,-6.541443
5200,-102,857,65,395,11,12,188,-6.811249
5200,-102,853,65,395,10,12,187,-7.373985
5200,-102,857,65,395,11,13,188,-6.247505
5200,-102,854,65,395,11,12,188,-7.121490
5200,-102,856,65,395,10,12,188,-7.188385
5200,-102,855,65,395,11,12,188,-6.358261
5200,-102,857,65,395,11,13,188,-6.521568
5200,-102,858,65,395,12,11,188,-5.801895
5200,-102,855,65,395,10,11,187,-7.393661
5200,-102,856,65,395,8,13,189,-10.216782
5200,-102,857,65,395,10,9,187,-7.333984
5200,-102,855,65,395,11,12,188,-6.323013
5200,-102,856,65,395,8,12,188,-9.751526
5200,-102,856,65,395,11,13,187,-6.093910
5200,-102,852,65,395,12,11,187,-5.278534
5200,-102,856,65,395,9,14,187,-8.042816
5200,-102,854,65,395,10,13,188,-7.415817
5200,-102,857,65,395,10,12,188,-7.566422
5200,-102,857,65,395,8,12,187,-9.341957
5200,-102,852,65,395,12,10,187,-5.229080
5200,-102,854,65,395,10,14,187,-6.983810
5200,-102,849,65,395,11,13,187,-6.308838
5200,-102,857,65,395,11,12,188,-6.212158
5200,-102,852,65,395,11,14,188,-6.331375
5200,-102,855,65,395,11,13,188,-6.453033
5200,-102,857,65,395,11,13,189,-6.626991
5200,-102,857,65,395,11,13,188,-7.197151
5200,-102,857,65,395,10,13,188,-7.317825
5200,-102,858,65,395,11,14,190,-6.884895
5200,-102,855,65,395,10,13,187,-7.747856
5200,-102,854,65,395,9,14,188,-8.391983
5200,-102,855,65,395,13,15,189,-4.848610
5200,-102,856,65,395,10,12,187,-8.098221
5200,-102,853,65,395,10,12,187,-8.079422
5200,-102,856,65,395,11,14,188,-6.590378
5200,-102,854,65,395,11,13,188,-7.132706
5200,-102,856,65,395,11,14,188,-7.156654
5200,-102,855,65,395,11,12,188,-6.798996
5200,-102,847,65,395,12,14,187,-5.146049
5200,-102,852,65,395,10,10,187,-7.501945
5200,-102,852,65,395,11,14,188,-6.129379
5200,-102,854,65,395,9,11,188,-9.177597
5200,-102,854,65,395,11,11,187,-7.076599
5200,-102,856,65,395,13,12,188,-5.139465
5200,-102,852,65,395,11,12,188,-6.767151
5200,-102,857,65,395,9,13,188,-8.136459
5200,-102,854,65,395,12,12,188,-5.309067
5200,-102,857,65,395,10,13,188,-7.333511
5200,-102,854,65,395,10,12,188,-7.065628
5200,-102,857,65,395,10,13,187,-7.122940
5200,-102,851,65,395,10,14,187,-7.720070
5200,-102,850,65,395,12,14,188,-5.439224
5200,-102,849,65,395,10,13,188,-7.452667
5200,-102,857,65,395,11,11,188,-6.496033
5200,-102,851,65,395,11,12,187,-6.321106
5200,-102,853,65,395,10,14,188,-7.775406
5200,-102,854,65,395,12,12,188,-5.412796
5200,-102,855,65,395,10,13,188,-8.185425
5200,-102,853,65,395,11,14,188,-6.786591
5200,-102,852,65,395,10,12,188,-7.431946
5200,-102,852,65,395,10,13,187,-8.082642
5200,-102,854,65,395,10,12,188,-8.104935
5200,-102,857,65,395,11,12,188,-6.196114
5200,-102,857,65,395,10,14,188,-7.541565
5200,-102,854,65,395,11,12,188,-6.559113
5200,-102,851,65,395,11,11,187,-6.772430
5200,-102,856,65,395,11,11,187,-6.052795
5200,-102,856,65,395,11,13,188,-6.332863
5200,-102,854,65,395,11,12,187,-6.392441
5200,-102,856,65,395,11,10,188,-6.411789
5200,-102,849,65,395,10,13,188,-7.347198
5200,-102,853,65,395,11,12,187,-6.740547
5200,-102,857,65,395,10,15,189,-7.096008
5200,-102,856,65,395,10,13,188,-7.139442
5200,-102,850,65,395,9,13,188,-8.454659
5200,-102,855,65,395,12,12,188,-5.291237
5200,-102,853,65,395,11,14,188,-7.172318
5200,-102,853,65,395,11,11,187,-6.303978
5200,-102,856,65,395,11,12,187,-6.517723
5200,-102,856,65,395,11,11,187,-6.735748
5200,-102,858,65,395,11,12,188,-6.399124
5200,-102,857,65,395,9,12,188,-8.551613
5200,-102,856,65,395,9,13,187,-8.125740
5200,-102,857,65,395,11,14,188,-6.357758
5200,-102,859,65,395,10,12,189,-7.209709
5200,-102,856,65,395,11,11,187,-7.094048
5200,-102,857,65,395,12,14,189,-6.166756
5200,-102,857,65,395,10,12,188,-7.163551
5200,-102,853,65,395,12,11,187,-5.697800
5200,-102,854,65,395,12,14,188,-5.452164
5200,-102,857,65,395,12,13,188,-5.523483
5200,-102,858,65,395,11,10,188,-6.412094
5200,-102,856,65,395,11,14,188,-6.296631
5200,-102,856,65,395,11,14,188,-6.194565
5200,-102,856,65,395,10,13,189,-8.181946
5200,-102,856,65,395,9,12,188,-8.537903
5200,-102,853,65,395,10,12,188,-7.435776
5200,-102,855,65,395,10,14,188,-7.810036
5200,-102,857,65,395,10,14,189,-7.075989
5200,-102,857,65,395,12,12,188,-5.299019
5200,-102,859,65,395,10,12,188,-7.528091
5200,-102,856,65,395,10,13,188,-7.530457
5200,-102,856,65,395,10,12,188,-7.155136
5200,-102,854,65,395,10,12,186,-8.045822
5200,-102,858,65,395,12,15,189,-6.206879
5200,-102,854,65,395,13,11,188,-4.438988
5200,-102,852,65,395,11,12,188,-6.127991
5200,-102,856,65,395,10,13,188,-7.043365
5200,-102,859,65,395,11,14,188,-6.141739
5200,-102,857,65,395,12,13,188,-5.089584
5200,-102,857,65,395,10,12,187,-7.171654
5200,-102,855,65,395,11,13,188,-6.535149
5200,-102,857,65,395,10,13,188,-7.567390
5200,-102,855,65,395,10,13,189,-7.594101
5200,-102,855,65,395,12,13,188,-5.060684
5200,-102,856,65,395,9,12,187,-9.048935
5200,-102,858,65,395,11,14,188,-6.144051
5200,-102,857,65,395,10,12,188,-7.140808
5200,-102,852,65,395,11,13,188,-6.337540
5200,-102,856,65,395,10,12,188,-8.130539
5200,-102,854,65,395,11,11,187,-6.129433
5200,-102,859,65,395,12,12,189,-5.265411
5200,-102,857,65,395,11,14,188,-6.387344
5200,-102,857,65,395,11,13,188,-6.417641
5200,-102,856,65,395,10,10,187,-7.150856
5200,-102,855,65,395,11,13,187,-6.392014
5200,-102,856,65,395,11,13,188,-6.532143
5200,-102,856,65,395,10,10,187,-7.696930
5200,-102,857,65,395,11,14,188,-6.620560
5200,-102,851,65,395,13,13,187,-3.983208
5200,-102,857,65,395,11,14,188,-6.759224
5200,-102,859,65,395,10,11,187,-7.705688
5200,-102,860,65,395,12,12,188,-5.731537
5200,-102,859,65,395,11,15,188,-6.422897
5200,-102,857,65,395,10,13,187,-7.384888
5200,-102,858,65,395,10,13,187,-7.281815
5200,-102,858,65,395,11,12,188,-6.509277
5200,-102,857,65,395,11,15,188,-6.174652
5200,-102,857,65,395,9,13,189,-8.241592
5200,-102,856,65,395,10,14,188,-7.827522
5200,-102,855,65,395,9,11,188,-9.110115
5200,-102,853,65,395,12,15,188,-5.236511
5200,-102,856,65,395,9,11,188,-8.417816
5200,-102,854,65,395,11,14,188,-6.539047
5200,-102,857,65,395,10,14,188,-7.283340
5200,-102,855,65,395,10,13,187,-7.162384
5200,-102,853,65,395,9,11,188,-8.772705
5200,-102,852,65,395,9,12,187,-8.422974
5200,-102,855,65,395,11,12,187,-6.709267
5200,-102,852,65,395,9,13,187,-8.075378
5200,-102,853,65,395,11,12,188,-6.547867
5200,-102,856,65,395,10,12,188,-7.460571
5200,-102,857,65,395,10,14,188,-6.925728
5200,-102,851,65,395,11,11,187,-6.344574
5200,-102,856,65,395,11,12,188,-6.217636
5200,-102,856,65,395,12,11,187,-5.458115
5200,-102,852,65,395,10,10,187,-7.192879
5200,-102,854,65,395,11,14,188,-6.441216
5200,-102,852,65,395,9,12,188,-8.418747
5200,-102,851,65,395,10,12,187,-7.279144
5200,-102,852,65,395,11,11,187,-6.473145
5200,-102,858,65,395,9,11,188,-8.314301
5200,-102,852,65,395,11,13,187,-7.028435
5200,-102,854,65,395,12,11,188,-5.354431
5200,-102,853,65,395,11,13,188,-6.341789
5200,-102,854,65,395,11,14,188,-6.526230
5200,-102,852,65,395,8,12,188,-9.553055
5200,-102,855,65,395,11,12,187,-6.370239
5200,-102,855,65,395,10,14,188,-7.135925
5200,-102,854,65,395,10,13,188,-8.141815
5200,-102,850,65,395,11,11,187,-7.136292
5200,-102,853,65,395,10,14,188,-7.455811
5200,-102,855,65,395,11,11,187,-6.362579
5200,-102,853,65,395,11,9,187,-6.495926
5200,-102,850,65,395,10,12,187,-7.788208
5200,-102,855,65,395,10,12,188,-7.479721
5200,-102,852,65,395,12,15,188,-5.031265
5200,-102,856,65,395,11,12,187,-6.255653
5200,-102,851,65,395,11,12,187,-6.541183
5200,-102,856,65,395,10,12,187,-8.136093
5200,-102,848,65,395,11,15,188,-7.154152
5200,-102,855,65,395,11,14,188,-6.327850
5200,-102,852,65,395,10,14,188,-7.560501
5200,-102,852,65,395,10,12,188,-7.575470
5200,-102,847,65,395,11,12,188,-6.218384
5200,-102,854,65,395,12,11,187,-5.680077
5200,-102,853,65,395,13,13,188,-4.202774
5200,-102,854,65,395,12,11,188,-5.422073
5200,-102,853,65,395,11,11,187,-6.138260
5200,-102,851,65,395,10,14,188,-7.536224
5200,-102,853,65,395,11,13,187,-6.154938
5200,-102,853,65,395,10,15,188,-7.033646
5200,-102,854,65,395,10,12,187,-7.139938
5200,-102,854,65,395,10,11,188,-7.140732
5200,-102,851,65,395,10,14,188,-8.159439
5200,-102,851,65,395,11,10,187,-6.366882
5200,-102,855,65,395,10,14,189,-7.808182
5200,-102,854,65,395,12,13,187,-4.940834
5200,-102,852,65,395,10,13,187,-7.259766
5200,-102,856,65,395,13,12,188,-4.151352
5200,-102,851,65,395,11,12,187,-6.354416
5200,-102,853,65,395,9,13,188,-8.748985
5200,-102,854,65,395,9,13,189,-8.236183
5200,-102,850,65,395,11,15,188,-7.147675
5200,-102,856,65,395,10,10,187,-7.734024
5200,-102,851,65,395,10,12,188,-7.561203
5200,-102,854,65,395,11,13,188,-7.189240
5200,-102,852,65,395,12,13,187,-5.200783
5200,-102,856,65,395,12,12,188,-5.771118
5200,-102,851,65,395,11,11,187,-7.066185
5200,-102,859,65,395,10,12,188,-7.792641
5200,-102,854,65,395,11,13,187,-6.364349
5200,-102,855,65,395,11,13,187,-6.390472
5200,-102,854,65,395,11,13,189,-6.257362
5200,-102,854,65,395,10,14,188,-7.163414
5200,-102,856,65,395,10,15,187,-7.125427
5200,-102,856,65,395,13,12,188,-4.216507
5200,-102,854,65,395,11,12,188,-6.445480
5200,-102,855,65,395,10,12,188,-7.836983
5200,-102,853,65,395,11,12,188,-6.419464
5200,-102,855,65,395,10,16,189,-7.280067
5200,-102,854,65,395,11,14,188,-6.304626
5200,-102,853,65,395,10,12,187,-7.199203
5200,-102,856,65,395,11,13,187,-6.509338
5200,-102,851,65,395,11,13,187,-7.083023
5200,-102,856,65,395,11,13,188,-7.209320
5200,-102,857,65,395,10,13,188,-7.183708
5200,-102,856,65,395,11,12,187,-6.761795
5200,-102,856,65,395,11,10,188,-6.220253
5200,-102,856,65,395,11,12,187,-6.774475
5200,-102,849,65,395,11,14,187,-7.095245
5200,-102,852,65,395,11,12,188,-6.465416
5200,-102,854,65,395,11,13,187,-6.315475
5200,-102,855,65,395,10,14,189,-7.506966
5200,-102,853,65,395,11,12,187,-6.371918
5200,-102,850,65,395,10,15,187,-7.285347
5200,-102,857,65,395,10,11,187,-7.145859
5200,-102,857,65,395,10,14,188,-7.045944
5200,-102,856,65,395,9,13,187,-8.389496
5200,-102,853,65,395,9,15,188,-8.817436
5200,-102,852,65,395,12,11,187,-5.427628
5200,-102,856,65,395,9,13,187,-8.237335
5200,-102,854,65,395,12,18,189,-6.173920
5200,-102,857,65,395,10,11,187,-6.954147
5200,-102,855,65,395,11,12,188,-7.174072
5200,-102,857,65,395,11,12,188,-6.540482
5200,-102,857,65,395,9,12,187,-9.088303
5200,-102,855,65,395,10,12,188,-7.431389
5200,-102,852,65,395,11,12,187,-7.099442
5200,-102,856,65,395,12,13,187,-5.082565
5200,-102,855,65,395,10,14,188,-7.592270
5200,-102,854,65,395,10,13,188,-7.518280
5200,-102,857,65,395,11,14,188,-6.360291
5200,-102,855,65,395,11,11,187,-6.089180
5200,-102,854,65,395,10,12,188,-7.527893
5200,-102,857,65,395,10,13,187,-7.511162
5200,-102,854,65,395,9,11,187,-8.095100
5200,-102,853,65,395,11,14,188,-6.607826
5200,-102,855,65,395,10,11,187,-7.286301
5200,-102,852,65,395,12,13,187,-5.520767
5200,-102,855,65,395,11,10,187,-7.029869
5200,-102,850,65,395,9,12,186,-9.046173
5200,-102,855,65,395,10,13,189,-7.815994
5200,-102,855,65,395,10,12,188,-7.334717
5200,-102,850,65,395,12,12,187,-6.084274
5200,-102,855,65,395,11,12,188,-6.510643
5200,-102,857,65,395,11,13,188,-6.272995
5200,-102,857,65,395,11,13,188,-5.935745
5200,-102,856,65,395,10,11,188,-7.225098
5200,-102,853,65,395,10,12,189,-7.500443
5200,-102,851,65,395,9,11,187,-8.526375
5200,-102,854,65,395,11,14,188,-6.433502
5200,-102,851,65,395,9,11,188,-8.552551
5200,-102,854,65,395,8,13,188,-9.143677
5200,-102,857,65,395,11,11,187,-6.457886
5200,-102,857,65,395,10,11,187,-8.139946
5200,-102,855,65,395,11,15,188,-6.567238
5200,-102,856,65,395,11,15,187,-6.399063
5200,-102,853,65,395,10,13,187,-7.352661
5200,-102,851,65,395,11,13,187,-6.154274
5200,-102,854,65,395,11,12,187,-6.406433
5200,-102,856,65,395,11,15,187,-7.103699
5200,-102,851,65,395,10,13,188,-7.350487
5200,-102,855,65,395,10,12,188,-8.136482
5200,-102,856,65,395,10,13,188,-7.389015
5200,-102,855,65,395,10,11,188,-7.581940
5200,-102,850,65,395,11,13,187,-6.405334
5200,-102,852,65,395,9,14,188,-8.619965
5200,-102,852,65,395,10,13,188,-7.535728
5200,-102,851,65,395,11,13,188,-6.486328
5200,-102,852,65,395,10,12,187,-7.462135
5200,-102,852,65,395,9,14,188,-8.415161
5200,-102,848,65,395,12,11,187,-5.176895
5200,-102,852,65,395,9,11,187,-9.074211
5200,-102,847,65,395,11,12,188,-6.236801
5200,-102,854,65,395,12,11,187,-6.116531
5200,-102,855,65,395,10,15,188,-7.345108
5200,-102,854,65,395,10,13,188,-7.217758
5200,-102,853,65,395,10,12,188,-7.475861
5200,-102,854,65,395,9,13,188,-8.209259
5200,-102,853,65,395,10,13,188,-7.730438
5200,-102,852,65,395,9,12,188,-8.840515
5200,-102,854,65,395,9,13,188,-9.187943
5200,-102,853,65,395,9,14,188,-8.182396
5200,-102,850,65,395,11,11,187,-6.156273
5200,-102,856,65,395,10,11,187,-7.399887
5200,-102,855,65,395,12,14,187,-5.275742
5200,-102,852,65,395,10,11,187,-7.252960
5200,-102,852,65,395,11,13,188,-7.158112
5200,-102,852,65,395,9,12,187,-8.156128
5200,-102,853,65,395,10,13,187,-7.388336
5200,-102,852,65,395,11,12,187,-6.442505
5200,-102,852,65,395,12,13,189,-5.267616
5200,-102,852,65,395,11,12,187,-6.375824
5200,-102,847,65,395,10,14,188,-7.625290
5200,-102,854,65,395,9,12,188,-8.744728
5200,-102,856,65,395,10,15,188,-7.343964
5200,-102,853,65,395,12,14,188,-6.097099
5200,-102,854,65,395,11,12,187,-6.198814
5200,-102,852,65,395,9,11,188,-8.343842
5200,-102,853,65,395,11,12,187,-6.317123
5200,-102,854,65,395,10,12,188,-7.071945
5200,-102,852,65,395,11,14,187,-6.739632
5200,-102,853,65,395,11,11,188,-6.800240
5200,-102,855,65,395,11,12,187,-6.181503
5200,-102,853,65,395,11,14,188,-6.236954
5200,-102,849,65,395,11,13,188,-6.787735
5200,-102,854,65,395,10,14,188,-7.434288
5200,-102,856,65,395,9,11,187,-8.483246
5200,-102,851,65,395,11,13,188,-6.362579
5200,-102,853,65,395,11,15,189,-6.566170
5200,-102,854,65,395,11,12,188,-6.787674
5200,-102,856,65,395,11,13,188,-6.576813
5200,-102,855,65,395,8,12,188,-9.430298
5200,-102,853,65,395,10,14,188,-7.215569
5200,-102,853,65,395,11,12,188,-6.423431
5200,-102,856,65,395,12,14,188,-5.576202
5200,-102,852,65,395,11,12,187,-6.271957
5200,-102,855,65,395,10,11,187,-8.118416
5200,-102,853,65,395,11,10,186,-6.225632
5200,-102,854,65,395,11,14,188,-6.318100
5200,-102,857,65,395,12,13,189,-5.361122
5200,-102,854,65,395,10,12,186,-7.360664
5200,-102,857,65,395,11,12,188,-6.113045
5200,-102,854,65,395,12,11,187,-5.671959
5200,-102,856,65,395,10,13,188,-7.166382
5200,-102,853,65,395,11,16,189,-6.171021
5200,-102,854,65,395,11,13,187,-6.255539
5200,-102,856,65,395,9,12,188,-8.483292
5200,-102,855,65,395,11,12,187,-6.511154
5200,-102,856,65,395,11,11,187,-6.299393
5200,-102,856,65,395,10,14,188,-7.306885
5200,-102,857,65,395,11,12,188,-6.326256
5200,-102,855,65,395,11,12,188,-6.058456
5200,-102,855,65,395,8,15,188,-9.198273
5200,-102,857,65,395,10,11,187,-7.393112
5200,-102,859,65,395,12,16,188,-5.327942
5200,-102,853,65,395,12,13,188,-5.581146
5200,-102,854,65,395,10,10,187,-7.750244
5200,-102,852,65,395,9,11,187,-8.379990
5200,-102,855,65,395,12,13,187,-6.123383
5200,-102,856,65,395,10,14,188,-7.227852
5200,-102,857,65,395,11,15,188,-6.346092
5200,-102,854,65,395,10,11,187,-6.935364
5200,-102,852,65,395,11,13,187,-6.534981
5200,-102,856,65,395,9,13,188,-8.040741
5200,-102,853,65,395,11,11,188,-6.537727
5200,-102,854,65,395,10,12,188,-7.311768
5200,-102,856,65,395,10,11,187,-7.216644
5200,-102,857,65,395,12,14,188,-5.071701
5200,-102,854,65,395,11,12,187,-7.085350
5200,-102,855,65,395,11,12,188,-6.417679
5200,-102,857,65,395,10,12,188,-7.030258
5200,-102,856,65,395,10,12,188,-7.743553
5200,-102,853,65,395,11,14,187,-6.448837
5200,-102,856,65,395,10,13,188,-7.323135
5200,-102,856,65,395,10,11,188,-7.766350
5200,-102,856,65,395,10,13,188,-7.431046
5200,-102,851,65,395,9,12,187,-8.714424
5200,-102,856,65,395,11,15,188,-6.274704
5200,-102,856,65,395,9,14,188,-8.761230
5200,-102,850,65,395,10,11,187,-7.559303
5200,-102,853,65,395,12,11,187,-5.251709
5200,-102,855,65,395,12,12,188,-5.812851
5200,-102,852,65,395,11,10,186,-6.071548
5200,-102,855,65,395,12,13,188,-5.797226
5200,-102,854,65,395,11,12,188,-6.218292
5200,-102,854,65,395,11,12,188,-6.736877
5200,-102,855,65,395,13,14,188,-5.107941
5200,-102,856,65,395,11,13,188,-6.186096
5200,-102,858,65,395,9,12,188,-8.166046
5200,-102,850,65,395,9,12,187,-8.263893
5200,-102,850,65,395,10,12,188,-7.200851
5200,-102,852,65,395,10,12,188,-7.331360
5200,-102,852,65,395,11,11,187,-7.127533
5200,-102,851,65,395,12,13,187,-5.244781
5200,-102,854,65,395,10,11,187,-7.300095
5200,-102,852,65,395,9,14,188,-8.214767
5200,-102,853,65,395,11,11,188,-6.816353
5200,-102,847,65,395,11,11,188,-7.175339
5200,-102,857,65,395,11,10,187,-6.677513
5200,-102,851,65,395,10,14,188,-7.425476
5200,-102,854,65,395,10,12,188,-8.179535
5200,-102,855,65,395,11,12,187,-6.318893
5200,-102,851,65,395,9,14,187,-8.524582
5200,-102,852,65,395,11,13,187,-7.075241
5200,-102,848,65,395,11,13,187,-6.253006
5200,-102,851,65,395,10,12,187,-7.450256
5200,-102,857,65,395,10,14,188,-7.022537
5200,-102,852,65,395,10,14,189,-7.384750
5200,-102,850,65,395,10,15,188,-7.743820
5200,-102,846,65,395,10,12,188,-8.183609
5200,-102,851,65,395,10,12,188,-7.550255
5200,-102,851,65,395,10,12,187,-7.746582
5200,-102,851,65,395,10,12,188,-7.810501
5200,-102,850,65,395,9,14,187,-8.487740
5200,-102,851,65,395,11,13,187,-6.197128
5200,-102,849,65,395,10,13,188,-7.806236
5200,-102,846,65,395,11,12,187,-6.370087
5200,-102,851,65,395,10,13,188,-7.173035
5200,-102,852,65,395,13,12,188,-4.581833
5200,-102,849,65,395,11,13,187,-6.201370
5200,-102,850,65,395,11,14,187,-6.152397
5200,-102,849,65,395,10,12,187,-7.357468
5200,-102,852,65,395,10,15,188,-7.340050
5200,-102,853,65,395,11,11,187,-7.071075
5200,-102,853,65,395,12,10,187,-5.286484
5200,-102,850,65,395,9,13,188,-8.773247
5200,-102,850,65,395,10,11,187,-7.272491
5200,-102,853,65,395,9,11,186,-8.674271
5200,-102,853,65,395,11,12,187,-6.415680
5200,-102,851,65,395,12,11,187,-5.414246
5200,-102,853,65,395,10,11,187,-7.363220
5200,-102,853,65,395,12,11,187,-5.706146
5200,-102,856,65,395,11,13,188,-7.114594
5200,-102,851,65,395,10,12,188,-7.193405
5200,-102,850,65,395,11,13,188,-7.181976
5200,-102,852,65,395,10,12,187,-8.062531
5200,-102,848,65,395,11,14,187,-6.506920
5200,-102,855,65,395,10,12,188,-7.445312
5200,-102,850,65,395,11,14,187,-6.404922
5200,-102,850,65,395,11,11,187,-6.726868
5200,-102,856,65,395,10,19,189,-7.343048
5200,-102,849,65,395,10,12,186,-7.440918
5200,-102,851,65,395,10,13,187,-7.553925
5200,-102,850,65,395,10,12,187,-7.529678
5200,-102,852,65,395,12,13,187,-5.386948
5200,-102,850,65,395,11,12,188,-7.172058
5200,-102,849,65,395,9,10,187,-8.038216
5200,-102,848,65,395,11,12,186,-6.257233
5200,-102,852,65,395,11,12,187,-6.743668
5200,-102,857,65,395,10,13,188,-7.390121
5200,-102,853,65,395,11,13,188,-7.172630
5200,-102,850,65,395,11,13,188,-6.193954
5200,-102,856,65,395,10,11,187,-7.161804
5200,-102,855,65,395,10,11,188,-8.105858
5200,-102,857,65,395,11,13,188,-6.157303
5200,-102,857,65,395,10,12,188,-6.924210
5200,-102,854,65,395,13,13,188,-5.071640
5200,-102,853,65,395,10,13,187,-7.177963
5200,-102,854,65,395,12,14,188,-5.324615
5200,-102,854,65,395,10,12,188,-7.544533
5200,-102,855,65,395,10,14,187,-8.102951
5200,-102,854,65,395,9,11,187,-8.265678
5200,-102,856,65,395,9,12,188,-8.031319
5200,-102,853,65,395,10,13,187,-7.143326
5200,-102,857,65,395,11,13,187,-6.116379
5200,-102,854,65,395,11,14,188,-7.142609
5200,-102,853,65,395,10,12,188,-7.772461
5200,-102,853,65,395,11,12,187,-6.285500
5200,-102,855,65,395,11,14,188,-6.414536
5200,-102,857,65,395,10,12,188,-7.803268
5200,-102,855,65,395,10,15,188,-7.456985
5200,-102,852,65,395,11,14,188,-6.436478
5200,-102,857,65,395,10,12,188,-7.737366
5200,-102,859,65,395,11,12,188,-6.778389
5200,-102,854,65,395,11,13,188,-6.361618
5200,-102,856,65,395,10,15,188,-7.154984
5200,-102,857,65,395,11,13,188,-6.533859
5200,-102,855,65,395,9,12,188,-8.324982
5200,-102,856,65,395,10,12,187,-7.480576
5200,-102,854,65,395,10,13,188,-7.550903
5200,-102,857,65,395,11,10,187,-6.286629
5200,-102,856,65,395,11,14,188,-6.509109
5200,-102,856,65,395,10,14,188,-7.203888
5200,-102,852,65,395,11,12,187,-6.454575
5200,-102,856,65,395,10,15,188,-7.310242
5200,-102,854,65,395,11,14,188,-6.106384
5200,-102,852,65,395,11,13,187,-6.392105
5200,-102,855,65,395,10,14,188,-6.980782
5200,-102,857,65,395,11,12,188,-6.081093
5200,-102,853,65,395,10,12,188,-8.137314
5200,-102,856,65,395,11,13,187,-6.384125
5200,-102,856,65,395,12,13,188,-5.576065
5200,-102,855,65,395,11,12,187,-6.422241
5200,-102,857,65,395,11,14,188,-6.133728
5200,-102,856,65,395,10,12,188,-7.184372
5200,-102,855,65,395,11,15,188,-6.757576
5200,-102,856,65,395,11,12,187,-6.322754
5200,-102,857,65,395,13,13,187,-4.247795
5200,-102,857,65,395,9,11,187,-8.203804
5200,-102,852,65,395,10,13,188,-7.581009
5200,-102,854,65,395,11,12,187,-6.515854
5200,-102,857,65,395,11,11,187,-6.262131
5200,-102,855,65,395,10,12,187,-7.262177
5200,-102,855,65,395,10,12,188,-7.168373
5200,-102,856,65,395,11,11,188,-6.741188
5200,-102,854,65,395,11,13,187,-5.929565
5200,-102,858,65,395,10,13,188,-7.567543
5200,-102,853,65,395,9,13,188,-8.339462
5200,-102,853,65,395,10,18,188,-7.089966
5200,-102,851,65,395,11,11,187,-6.290451
5200,-102,853,65,395,10,12,187,-7.745850
5200,-102,852,65,395,10,12,187,-8.094437
5200,-102,857,65,395,11,12,188,-6.754776
5200,-102,851,65,395,11,16,188,-7.123131
5200,-102,855,65,395,11,13,188,-6.791855
5200,-102,854,65,395,13,11,187,-5.060547
5200,-102,851,65,395,11,11,187,-6.291092
5200,-102,856,65,395,13,13,187,-4.041992
5200,-102,854,65,395,11,12,187,-6.260590
5200,-102,853,65,395,11,16,189,-6.268982
5200,-102,855,65,395,8,12,188,-9.518463
5200,-102,855,65,395,10,14,188,-7.230774
5200,-102,851,65,395,11,13,188,-6.337540
5200,-102,852,65,395,11,12,188,-6.165466
5200,-102,852,65,395,12,12,188,-5.580544
5200,-102,853,65,395,10,15,188,-7.464966
5200,-102,853,65,395,11,12,187,-6.290466
5200,-102,851,65,395,10,12,187,-8.129837
5200,-102,856,65,395,10,13,188,-8.106705
5200,-102,852,65,395,10,13,188,-7.811264
5200,-102,857,65,395,11,13,187,-6.261696
5200,-102,852,65,395,12,13,188,-6.167755
5200,-102,851,65,395,11,13,188,-6.208603
5200,-102,850,65,395,11,13,187,-7.101723
5200,-102,849,65,395,10,14,188,-7.203911
5200,-102,847,65,395,11,12,187,-6.177887
5200,-102,856,65,395,10,11,188,-7.753860
5200,-102,853,65,395,10,13,188,-7.364372
5200,-102,856,65,395,10,12,188,-7.189896
5200,-102,849,65,395,9,14,187,-9.155708
5200,-102,849,65,395,10,14,187,-7.124893
5200,-102,851,65,395,10,16,189,-7.485474
5200,-102,851,65,395,12,14,187,-5.504761
5200,-102,852,65,395,10,13,188,-7.790703
5200,-102,852,65,395,11,13,187,-6.368240
5200,-102,851,65,395,12,13,187,-5.739655
5200,-102,852,65,395,11,13,187,-6.527557
5200,-102,852,65,395,11,12,188,-6.564880
5200,-102,850,65,395,9,12,188,-7.988716
5200,-102,851,65,395,11,12,187,-5.940269
5200,-102,854,65,395,10,12,188,-7.440384
5200,-102,849,65,395,11,13,189,-6.617355
5200,-102,853,65,395,10,13,188,-7.581963
5200,-102,851,65,395,10,13,188,-7.183472
5220,-102,852,65,395,9,11,188,-8.416107
5220,-102,855,65,395,13,14,189,-4.498016
5220,-102,857,65,395,12,12,189,-5.855316
5220,-102,855,65,395,11,15,189,-7.195740
5220,-102,856,65,395,9,13,189,-8.369049
5220,-102,855,65,395,10,12,188,-7.485252
5220,-102,849,65,395,11,12,188,-7.190033
5220,-102,856,65,395,10,12,188,-7.196045
5220,-102,854,65,395,13,11,188,-4.291870
5220,-102,857,65,395,10,12,188,-7.546997
5220,-102,855,65,395,10,12,188,-7.519302
5220,-102,855,65,395,11,13,189,-6.373940
5220,-102,853,65,395,13,11,188,-4.147842
5220,-102,847,65,395,10,13,189,-7.204544
5220,-102,857,65,395,12,13,188,-5.434982
5220,-102,851,65,395,8,13,189,-9.397057
5220,-102,854,65,395,9,15,188,-9.174362
5220,-102,855,65,395,12,13,188,-6.133804
5220,-102,858,65,395,11,11,188,-6.199585
5220,-102,856,65,395,12,11,188,-5.450943
5220,-102,853,65,395,10,12,188,-7.238960
5220,-102,857,65,395,11,14,188,-6.314850
5220,-102,858,65,395,9,12,188,-8.318405
5220,-102,854,65,395,11,13,188,-6.413116
5220,-102,854,65,395,12,13,188,-5.416870
5220,-102,854,65,395,12,12,188,-5.452293
5220,-102,857,65,395,12,12,189,-5.397102
5220,-102,858,65,395,9,12,188,-8.779449
5220,-102,851,65,395,10,15,189,-7.436752
5220,-102,852,65,395,12,13,190,-5.418610
5220,-102,853,65,395,11,13,189,-6.357727
5220,-102,857,65,395,11,10,188,-6.792068
5220,-102,856,65,395,11,12,188,-6.520805
5220,-102,853,65,395,9,13,188,-8.051682
5220,-102,854,65,395,13,14,188,-4.577225
5220,-102,855,65,395,11,13,189,-6.810692
5220,-102,853,65,395,11,12,188,-6.221924
5220,-102,853,65,395,11,13,188,-6.429184
5220,-102,851,65,395,11,13,189,-6.834061
5220,-102,852,65,395,12,11,187,-5.363182
5220,-102,856,65,395,11,13,188,-6.570740
5220,-102,857,65,395,10,14,190,-8.222939
5220,-102,857,65,395,10,13,189,-7.159119
5220,-102,852,65,395,11,10,188,-6.169342
5220,-102,852,65,395,11,14,188,-7.178329
5220,-102,849,65,395,10,12,188,-7.299400
5220,-102,857,65,395,10,13,188,-7.146912
5220,-102,856,65,395,12,13,189,-5.552315
5220,-102,852,65,395,11,11,188,-6.498199
5220,-102,853,65,395,12,12,189,-5.446175
5220,-102,854,65,395,10,13,189,-7.239212
5220,-102,854,65,395,11,13,189,-6.479141
5220,-102,851,65,395,11,12,189,-6.296509
5220,-102,848,65,395,11,13,188,-6.371468
5220,-102,854,65,395,11,12,188,-6.051964
5220,-102,854,65,395,12,11,188,-5.103745
5220,-102,857,65,395,12,16,188,-5.217796
5220,-102,856,65,395,12,13,189,-5.228088
5220,-102,849,65,395,11,13,187,-6.763474
5220,-102,853,65,395,12,13,188,-5.354019
5220,-102,852,65,395,12,15,188,-5.519852
5220,-102,854,65,395,11,11,188,-6.583694
5220,-102,851,65,395,11,11,189,-7.228729
5220,-102,852,65,395,12,13,188,-5.446976
5220,-102,856,65,395,11,14,188,-6.578125
5220,-102,853,65,395,11,13,189,-6.375504
5220,-102,854,65,395,8,12,188,-8.942093
5220,-102,851,65,395,10,13,188,-7.435608
5220,-102,850,65,395,13,14,189,-4.291420
5220,-102,855,65,395,11,11,188,-6.148743
5220,-102,853,65,395,11,12,188,-7.154373
5220,-102,849,65,395,12,11,187,-5.453766
5220,-102,856,65,395,11,11,188,-6.148956
5220,-102,855,65,395,11,12,188,-6.782242
5220,-102,853,65,395,12,13,188,-5.530251
5220,-102,852,65,395,12,12,188,-5.081772
5220,-102,856,65,395,12,12,189,-5.483398
5220,-102,852,65,395,12,12,187,-5.033218
5220,-102,851,65,395,12,13,189,-5.488342
5220,-102,856,65,395,9,13,189,-8.831955
5220,-102,855,65,395,10,13,189,-7.365433
5220,-102,853,65,395,12,12,189,-5.371979
5220,-102,853,65,395,10,13,189,-8.203407
5220,-102,854,65,395,11,11,188,-6.800064
5220,-102,857,65,395,11,12,188,-6.343384
5220,-102,856,65,395,10,13,189,-7.495850
5220,-102,856,65,395,12,12,188,-5.091644
5220,-102,854,65,395,11,13,189,-6.366348
5220,-102,858,65,395,12,13,188,-5.120461
5220,-102,857,65,395,11,15,189,-6.593414
5220,-102,858,65,395,11,13,190,-6.332993
5220,-102,852,65,395,11,13,189,-5.939117
5220,-102,854,65,395,11,13,188,-6.024384
5220,-102,857,65,395,11,15,189,-6.146873
5220,-102,855,65,395,13,13,189,-3.934723
5220,-102,850,65,395,11,14,188,-6.472977
5220,-102,856,65,395,10,13,189,-7.475014
5220,-102,852,65,395,12,14,189,-5.312088
5220,-102,856,65,395,12,13,189,-5.140869
5220,-102,854,65,395,11,14,189,-6.141922
5220,-102,856,65,395,11,13,188,-6.319969
5220,-102,849,65,395,11,12,188,-6.569786
5220,-102,857,65,395,11,12,189,-6.073959
5220,-102,855,65,395,9,12,188,-8.825195
5220,-102,850,65,395,13,13,188,-4.111984
5220,-102,855,65,395,11,12,188,-6.364609
5220,-102,855,65,395,11,16,189,-7.179916
5220,-102,855,65,395,12,16,189,-5.300964
5220,-102,856,65,395,11,13,188,-6.433411
5220,-102,852,65,395,11,14,188,-6.412056
5220,-102,851,65,395,10,11,187,-7.704315
5220,-102,856,65,395,12,13,188,-5.093605
5220,-102,857,65,395,12,11,188,-6.146782
5220,-102,853,65,395,13,11,187,-4.509888
5220,-102,853,65,395,9,12,187,-8.290680
5220,-102,852,65,395,10,12,188,-7.407425
5220,-102,857,65,395,8,15,189,-9.523026
5220,-102,853,65,395,13,12,188,-4.599121
5220,-102,854,65,395,11,11,188,-6.330917
5220,-102,855,65,395,12,12,188,-6.165596
5220,-102,851,65,395,12,12,188,-5.568031
5220,-102,856,65,395,11,12,188,-7.163879
5220,-102,849,65,395,13,11,188,-4.813950
5220,-102,851,65,395,12,13,188,-5.812332
5220,-102,855,65,395,11,13,189,-6.210052
5220,-102,855,65,395,11,14,189,-7.259125
5220,-102,857,65,395,10,15,190,-8.291023
5220,-102,850,65,395,12,12,188,-5.161926
5220,-102,854,65,395,11,12,189,-6.299995
5220,-102,849,65,395,10,13,188,-7.457565
5220,-102,855,65,395,10,10,188,-7.106659
5220,-102,854,65,395,11,12,188,-6.773697
5220,-102,849,65,395,12,12,187,-5.066238
5220,-102,855,65,395,12,14,189,-5.342438
5220,-102,857,65,395,10,13,188,-7.088959
5220,-102,854,65,395,11,12,188,-6.455338
5220,-102,851,65,395,10,12,188,-7.799240
5220,-102,855,65,395,11,15,189,-6.229889
5220,-102,858,65,395,12,11,188,-5.311371
5220,-102,856,65,395,11,12,188,-7.140274
5220,-102,856,65,395,10,12,188,-7.606232
5220,-102,850,65,395,12,12,188,-5.140198
5220,-102,851,65,395,11,15,189,-6.592560
5220,-102,854,65,395,14,14,188,-3.183136
5220,-102,851,65,395,11,13,188,-7.173439
5220,-102,855,65,395,12,13,189,-5.587112
5220,-102,855,65,395,9,10,189,-8.885132
5220,-102,854,65,395,10,11,187,-6.822914
5220,-102,850,65,395,11,13,189,-6.414246
5220,-102,853,65,395,12,13,188,-6.167145
5220,-102,855,65,395,12,12,188,-5.506104
5220,-102,849,65,395,10,12,188,-7.628098
5220,-102,854,65,395,12,12,188,-5.780060
5220,-102,849,65,395,10,14,189,-8.239418
5220,-102,850,65,395,12,11,188,-5.543686
5220,-102,857,65,395,11,12,188,-6.352623
5220,-102,854,65,395,10,12,188,-7.565063
5220,-102,852,65,395,11,14,188,-6.324753
5220,-102,857,65,395,12,14,188,-5.317848
5220,-102,854,65,395,10,13,188,-7.132568
5220,-102,857,65,395,12,11,188,-5.429932
5220,-102,855,65,395,10,11,189,-7.044250
5220,-102,852,65,395,10,11,188,-7.548950
5220,-102,853,65,395,12,14,188,-5.089233
5220,-102,855,65,395,12,11,188,-5.226059
5220,-102,855,65,395,11,13,189,-6.856567
5220,-102,856,65,395,10,12,188,-7.818703
5220,-102,855,65,395,12,12,188,-5.309448
5220,-102,855,65,395,12,13,188,-5.447144
5220,-102,856,65,395,12,13,188,-5.134979
5220,-102,851,65,395,11,11,188,-6.294197
5220,-102,857,65,395,12,12,188,-5.257675
5220,-102,857,65,395,10,10,189,-7.842262
5220,-102,857,65,395,11,12,188,-6.193871
5220,-102,857,65,395,13,13,189,-4.035461
5220,-102,858,65,395,10,13,189,-7.597961
5220,-102,857,65,395,10,13,189,-6.965889
5220,-102,859,65,395,11,15,190,-6.632637
5220,-102,856,65,395,10,12,188,-7.602692
5220,-102,857,65,395,13,14,188,-4.246292
5220,-102,856,65,395,11,14,188,-6.322937
5220,-102,856,65,395,11,13,189,-6.133331
5220,-102,852,65,395,11,11,188,-6.556206
5220,-102,851,65,395,12,13,187,-5.761345
5220,-102,850,65,395,11,13,189,-6.292671
5220,-102,851,65,395,9,10,189,-8.352196
5220,-102,854,65,395,12,14,189,-5.609634
5220,-102,855,65,395,10,13,188,-7.563965
5220,-102,851,65,395,10,11,188,-7.362183
5220,-102,850,65,395,11,14,189,-7.216904
5220,-102,857,65,395,11,13,189,-6.075172
5220,-102,854,65,395,12,10,188,-5.289215
5220,-102,853,65,395,10,13,189,-7.573288
5220,-102,853,65,395,11,14,189,-6.603485
5220,-102,855,65,395,10,12,188,-7.317375
5220,-102,854,65,395,10,11,187,-7.156891
5220,-102,858,65,395,10,11,188,-7.284599
5220,-102,857,65,395,12,11,188,-5.138382
5220,-102,856,65,395,13,10,187,-4.717300
5220,-102,853,65,395,11,13,188,-6.472137
5220,-102,851,65,395,9,12,188,-7.959213
5220,-102,857,65,395,12,13,189,-5.369598
5220,-102,853,65,395,11,13,188,-6.173080
5220,-102,856,65,395,12,12,189,-5.201279
5220,-102,855,65,395,10,11,189,-8.177505
5220,-102,855,65,395,13,12,189,-4.279816
5220,-102,851,65,395,12,13,188,-5.282280
5220,-102,854,65,395,12,12,189,-5.122726
5220,-102,858,65,395,13,14,189,-4.389481
5220,-102,854,65,395,11,12,188,-6.554817
5220,-102,856,65,395,10,13,188,-7.313263
5220,-102,857,65,395,12,14,188,-5.037376
5220,-102,857,65,395,11,14,189,-7.223816
5220,-102,854,65,395,12,12,188,-5.140427
5220,-102,856,65,395,11,11,188,-7.143219
5220,-102,857,65,395,12,12,189,-5.362213
5220,-102,855,65,395,12,14,189,-5.563797
5220,-102,857,65,395,11,14,189,-6.151382
5220,-102,851,65,395,12,13,188,-5.207382
5220,-102,855,65,395,12,12,188,-5.567047
5220,-102,850,65,395,9,12,188,-8.057251
5220,-102,861,65,395,12,13,189,-5.625618
5220,-102,858,65,395,12,14,189,-6.247635
5220,-102,852,65,395,12,12,188,-5.402435
5220,-102,855,65,395,11,13,189,-6.135376
5220,-102,855,65,395,11,15,189,-6.483421
5220,-102,857,65,395,12,14,188,-5.127182
5220,-102,852,65,395,10,12,189,-7.284439
5220,-102,855,65,395,11,9,188,-6.523132
5220,-102,856,65,395,12,12,188,-5.099518
5220,-102,857,65,395,12,14,189,-5.294922
5220,-102,855,65,395,10,11,188,-7.560425
5220,-102,857,65,395,12,10,188,-5.162857
5220,-102,858,65,395,11,12,188,-6.563759
5220,-102,858,65,395,10,13,189,-7.482574
5220,-102,856,65,395,13,12,188,-4.444550
5220,-102,857,65,395,10,11,188,-7.327629
5220,-102,854,65,395,12,12,188,-5.343307
5220,-102,852,65,395,11,13,188,-6.195724
5220,-102,855,65,395,10,13,188,-8.175064
5220,-102,850,65,395,11,13,189,-6.595474
5220,-102,857,65,395,12,12,188,-5.538239
5220,-102,854,65,395,10,13,188,-7.772758
5220,-102,857,65,395,12,14,188,-5.273697
5220,-102,856,65,395,12,13,189,-5.840286
5220,-102,856,65,395,12,12,188,-5.756683
5220,-102,854,65,395,10,12,188,-7.565506
5220,-102,855,65,395,12,14,188,-5.567017
5220,-102,855,65,395,12,12,188,-5.412292
5220,-102,853,65,395,11,13,187,-6.471405
5220,-102,851,65,395,10,13,188,-7.359070
5220,-102,855,65,395,14,12,188,-3.582672
5220,-102,854,65,395,10,11,188,-7.065056
5220,-102,854,65,395,10,13,188,-7.319992
5220,-102,854,65,395,11,13,189,-6.257523
5220,-102,854,65,395,12,11,188,-5.587875
5220,-102,851,65,395,11,13,189,-6.251587
5220,-102,853,65,395,10,12,189,-7.242050
5220,-102,852,65,395,10,13,188,-7.506882
5220,-102,853,65,395,11,11,188,-6.463699
5220,-102,853,65,395,11,11,188,-6.429184
5220,-102,854,65,395,10,11,187,-7.265152
5220,-102,854,65,395,12,14,188,-5.239548
5220,-102,857,65,395,11,14,189,-6.572617
5220,-102,857,65,395,10,13,189,-7.196335
5220,-102,852,65,395,10,11,188,-7.266289
5220,-102,854,65,395,11,12,188,-6.531006
5220,-102,857,65,395,9,12,188,-8.165604
5220,-102,855,65,395,10,13,188,-8.219078
5220,-102,854,65,395,12,14,189,-5.098404
5220,-102,856,65,395,11,14,188,-6.496628
5220,-102,851,65,395,10,14,187,-7.729645
5220,-102,857,65,395,13,11,188,-5.166550
5220,-102,853,65,395,12,15,188,-5.117470
5220,-102,854,65,395,12,15,189,-5.235207
5220,-102,857,65,395,11,11,189,-6.448303
5220,-102,854,65,395,12,16,188,-5.157166
5220,-102,856,65,395,12,12,189,-5.606674
5220,-102,857,65,395,12,13,188,-5.465652
5220,-102,856,65,395,10,12,189,-7.600983
5220,-102,854,65,395,11,13,188,-6.448456
5220,-102,857,65,395,11,10,189,-6.457222
5220,-102,855,65,395,13,15,188,-4.463684
5220,-102,854,65,395,12,10,189,-5.867035
5220,-102,856,65,395,12,14,189,-5.622986
5220,-102,858,65,395,13,14,188,-4.825020
5220,-102,857,65,395,13,14,189,-4.505661
5220,-102,853,65,395,13,12,188,-4.395767
5220,-102,857,65,395,12,13,189,-5.873962
5220,-102,850,65,395,10,14,189,-7.238159
5220,-102,856,65,395,10,12,189,-6.973129
5220,-102,854,65,395,11,13,189,-6.145508
5220,-102,857,65,395,10,11,188,-7.794212
5220,-102,857,65,395,10,13,188,-6.917397
5220,-102,857,65,395,12,14,189,-5.283470
5220,-102,856,65,395,11,12,189,-6.195709
5220,-102,857,65,395,11,13,188,-7.172440
5220,-102,856,65,395,10,13,189,-7.484146
5220,-102,851,65,395,12,13,189,-6.199905
5220,-102,852,65,395,11,11,188,-6.326431
5220,-102,853,65,395,11,13,189,-6.344803
5220,-102,852,65,395,10,12,188,-7.350708
5220,-102,852,65,395,12,13,188,-5.194702
5220,-102,857,65,395,11,14,189,-6.596405
5220,-102,849,65,395,11,12,188,-7.178192
5220,-102,857,65,395,11,11,188,-7.168152
5220,-102,853,65,395,12,12,188,-5.600464
5220,-102,854,65,395,11,12,188,-6.189362
5220,-102,853,65,395,11,11,188,-6.345398
5220,-102,856,65,395,11,14,189,-7.197266
5220,-102,851,65,395,11,13,188,-6.786285
5220,-102,852,65,395,11,13,188,-6.465881
5220,-102,855,65,395,12,16,190,-5.579315
5220,-102,853,65,395,13,12,188,-5.182770
5220,-102,849,65,395,9,15,188,-9.153053
5220,-102,857,65,395,11,15,190,-6.648605
5220,-102,852,65,395,10,13,188,-8.184372
5220,-102,856,65,395,10,11,188,-7.308540
5220,-102,849,65,395,12,12,188,-5.346420
5220,-102,847,65,395,11,14,188,-7.166275
5220,-102,853,65,395,11,14,188,-6.368454
5220,-102,849,65,395,11,13,188,-6.330444
5220,-102,857,65,395,10,11,188,-7.251236
5220,-102,852,65,395,10,14,188,-7.390442
5220,-102,854,65,395,10,14,188,-7.348579
5220,-102,855,65,395,12,14,188,-5.556892
5220,-102,859,65,395,12,12,188,-6.156616
5220,-102,854,65,395,13,14,189,-4.052284
5220,-102,855,65,395,12,13,189,-5.250000
5220,-102,854,65,395,12,12,188,-5.165741
5220,-102,857,65,395,12,13,189,-5.227020
5220,-102,854,65,395,11,13,188,-6.243958
5220,-102,854,65,395,12,12,188,-5.156128
5220,-102,854,65,395,10,14,189,-7.490326
5220,-102,852,65,395,12,13,188,-6.144814
5220,-102,853,65,395,11,12,188,-6.218002
5220,-102,852,65,395,10,13,188,-7.826797
5220,-102,851,65,395,11,12,187,-6.045822
5220,-102,852,65,395,11,11,188,-6.207176
5220,-102,856,65,395,12,13,189,-5.250748
5220,-102,851,65,395,10,13,188,-7.091850
5220,-102,858,65,395,9,12,189,-8.374710
5220,-102,857,65,395,12,11,188,-5.450691
5220,-102,853,65,395,12,11,188,-6.144218
5220,-102,852,65,395,12,12,189,-5.503296
5220,-102,853,65,395,11,13,189,-6.387680
5220,-102,854,65,395,12,11,188,-5.207947
5220,-102,857,65,395,10,13,188,-7.560852
5220,-102,851,65,395,11,12,188,-6.111664
5220,-102,853,65,395,12,14,188,-5.812180
5220,-102,856,65,395,12,12,189,-5.378273
5220,-102,857,65,395,11,14,189,-6.095833
5220,-102,853,65,395,12,14,188,-5.819427
5220,-102,851,65,395,10,13,188,-7.473755
5220,-102,854,65,395,11,13,188,-7.151054
5220,-102,855,65,395,12,10,187,-6.074493
5220,-102,852,65,395,10,13,188,-7.795975
5220,-102,855,65,395,11,12,188,-7.145676
5220,-102,857,65,395,11,10,188,-5.987930
5220,-102,858,65,395,11,12,189,-7.206673
5220,-102,852,65,395,12,10,188,-5.198700
5220,-102,852,65,395,12,12,188,-5.777626
5220,-102,851,65,395,11,13,189,-6.254913
5220,-102,854,65,395,11,9,188,-6.425346
5220,-102,852,65,395,10,12,188,-7.575684
5220,-102,852,65,395,10,15,189,-7.240540
5220,-102,854,65,395,11,13,188,-7.122437
5220,-102,857,65,395,10,12,189,-7.481339
5220,-102,853,65,395,11,13,189,-6.549225
5220,-102,854,65,395,11,11,188,-6.578354
5220,-102,856,65,395,12,14,188,-5.575867
5220,-102,856,65,395,12,14,188,-5.800011
5220,-102,856,65,395,12,13,188,-5.314377
5220,-102,854,65,395,11,13,188,-6.563461
5220,-102,856,65,395,11,15,189,-6.279739
5220,-102,854,65,395,11,13,189,-6.464783
5220,-102,853,65,395,11,13,189,-6.396294
5220,-102,850,65,395,11,12,187,-6.176987
5220,-102,856,65,395,12,13,188,-5.299179
5220,-102,849,65,395,11,10,187,-6.751953
5220,-102,855,65,395,12,13,188,-5.212196
5220,-102,853,65,395,12,12,188,-6.148056
5220,-102,851,65,395,10,11,187,-8.167168
5220,-102,853,65,395,11,15,188,-6.315353
5220,-102,857,65,395,12,12,188,-5.352844
5220,-102,852,65,395,9,16,187,-8.535141
5220,-102,853,65,395,11,12,189,-6.608215
5220,-102,857,65,395,12,12,189,-5.601837
5220,-102,854,65,395,11,12,189,-6.359390
5220,-102,857,65,395,10,11,188,-7.530922
5220,-102,855,65,395,12,11,188,-5.417801
5220,-102,854,65,395,11,13,188,-6.330750
5220,-102,855,65,395,11,13,189,-6.368271
5220,-102,858,65,395,13,12,188,-4.534195
5220,-102,858,65,395,11,14,189,-6.148865
5220,-102,857,65,395,11,13,188,-6.100952
5220,-102,852,65,395,13,12,188,-4.341690
5220,-102,853,65,395,13,13,188,-5.191437
5220,-102,854,65,395,8,14,188,-9.440216
5220,-102,853,65,395,12,11,188,-5.352753
5220,-102,855,65,395,10,15,188,-7.219872
5220,-102,856,65,395,9,11,187,-8.517853
5220,-102,852,65,395,12,13,189,-5.364410
5220,-102,857,65,395,9,14,189,-8.400574
5220,-102,857,65,395,11,12,188,-6.553825
5220,-102,855,65,395,12,13,188,-5.532822
5220,-102,853,65,395,10,12,189,-7.248642
5220,-102,852,65,395,11,13,189,-6.382462
5220,-102,849,65,395,11,12,188,-6.608986
5220,-102,851,65,395,11,14,188,-6.431305
5220,-102,855,65,395,11,13,189,-6.251442
5220,-102,857,65,395,12,14,189,-5.139694
5220,-102,855,65,395,10,14,188,-7.158142
5220,-102,849,65,395,12,13,188,-5.234528
5220,-102,855,65,395,10,14,188,-7.823303
5220,-102,853,65,395,11,15,188,-6.431068
5220,-102,847,65,395,11,15,188,-6.818886
5220,-102,852,65,395,9,13,188,-8.332993
5220,-102,853,65,395,11,14,188,-6.245674
5220,-102,851,65,395,11,12,187,-6.155273
5220,-102,851,65,395,11,12,188,-6.094925
5220,-102,853,65,395,10,12,188,-8.134102
5220,-102,851,65,395,12,10,188,-5.445251
5220,-102,855,65,395,12,10,188,-5.547638
5220,-102,855,65,395,12,15,188,-5.105438
5220,-102,856,65,395,12,11,188,-5.561974
5220,-102,852,65,395,12,13,188,-5.353226
5220,-102,857,65,395,10,13,189,-7.036110
5220,-102,854,65,395,12,14,189,-5.617844
5220,-102,857,65,395,11,15,190,-6.665085
5220,-102,854,65,395,12,11,188,-5.456635
5220,-102,856,65,395,11,14,188,-6.321449
5220,-102,852,65,395,11,15,189,-6.226395
5220,-102,851,65,395,11,14,187,-6.501373
5220,-102,857,65,395,12,11,189,-5.579002
5220,-102,853,65,395,11,14,189,-6.264801
5220,-102,856,65,395,12,12,189,-5.259476
5220,-102,856,65,395,12,13,188,-5.784393
5220,-102,855,65,395,10,15,189,-7.516800
5220,-102,854,65,395,11,12,187,-6.505554
5220,-102,851,65,395,12,15,188,-5.469391
5220,-102,850,65,395,10,14,188,-7.792656
5220,-102,852,65,395,10,11,188,-7.445206
5220,-102,851,65,395,12,14,189,-4.999107
5220,-102,855,65,395,11,14,189,-6.276840
5220,-102,857,65,395,11,12,188,-6.054886
5220,-102,854,65,395,11,12,188,-7.145828
5220,-102,859,65,395,11,14,190,-6.379196
5220,-102,852,65,395,10,12,188,-8.197716
5220,-102,857,65,395,11,14,188,-6.406158
5220,-102,854,65,395,10,11,189,-7.274109
5220,-102,854,65,395,13,11,188,-5.114182
5220,-102,856,65,395,11,11,188,-6.536972
5220,-102,853,65,395,13,12,188,-4.843796
5220,-102,851,65,395,10,12,188,-7.384949
5220,-102,856,65,395,12,14,189,-5.487595
5220,-102,851,65,395,11,11,188,-6.450729
5220,-102,857,65,395,13,13,189,-4.236031
5220,-102,849,65,395,11,16,188,-6.469162
5220,-102,857,65,395,12,12,188,-5.546890
5220,-102,853,65,395,12,12,188,-6.112984
5220,-102,856,65,395,12,13,189,-5.212029
5220,-102,851,65,395,11,13,188,-7.145584
5220,-102,857,65,395,11,12,189,-6.480316
5220,-102,854,65,395,10,13,189,-7.331299
5220,-102,857,65,395,10,13,188,-8.171982
5220,-102,851,65,395,10,10,188,-7.007736
5220,-102,851,65,395,13,14,189,-5.210251
5220,-102,858,65,395,10,11,187,-7.373215
5220,-102,852,65,395,12,12,187,-5.016556
5220,-102,854,65,395,9,12,189,-8.468033
5220,-102,855,65,395,11,11,187,-6.105972
5220,-102,857,65,395,11,14,189,-6.475677
5220,-102,854,65,395,11,12,188,-7.097786
5220,-102,853,65,395,11,13,188,-6.592911
5220,-102,857,65,395,10,13,190,-7.014030
5220,-102,856,65,395,11,14,189,-7.162941
5220,-102,852,65,395,11,11,187,-6.407639
5220,-102,855,65,395,9,14,188,-8.179367
5220,-102,857,65,395,10,13,189,-7.252579
5220,-102,857,65,395,11,14,189,-6.219475
5220,-102,854,65,395,10,10,187,-7.499863
5220,-102,856,65,395,10,12,188,-6.994980
5220,-102,857,65,395,13,12,188,-4.187508
5220,-102,857,65,395,10,13,188,-7.346596
5220,-102,857,65,395,11,14,188,-6.546524
5220,-102,854,65,395,10,11,187,-8.070709
5220,-102,857,65,395,11,14,190,-6.543396
5220,-102,858,65,395,12,12,188,-6.106010
5220,-102,854,65,395,12,13,189,-5.590736
5220,-102,857,65,395,12,13,189,-5.219116
5220,-102,855,65,395,10,14,189,-7.367020
5220,-102,857,65,395,10,13,189,-7.375389
5220,-102,856,65,395,10,12,188,-7.320534
5220,-102,855,65,395,9,14,188,-8.303253
5220,-102,855,65,395,10,14,188,-7.192352
5220,-102,853,65,395,11,11,187,-6.415100
5220,-102,853,65,395,11,13,188,-6.753448
5220,-102,850,65,395,13,13,188,-4.228165
5220,-102,854,65,395,10,12,189,-7.246704
5220,-102,853,65,395,12,12,188,-5.438049
5220,-102,853,65,395,11,13,188,-6.182510
5220,-102,852,65,395,13,12,188,-4.160522
5220,-102,853,65,395,12,12,188,-5.310547
5220,-102,855,65,395,13,14,188,-4.437424
5220,-102,850,65,395,12,13,188,-5.312149
5220,-102,853,65,395,11,11,187,-6.394913
5220,-102,857,65,395,11,12,189,-6.481171
5220,-102,852,65,395,12,14,189,-5.256454
5220,-102,851,65,395,13,11,188,-4.311813
5220,-102,852,65,395,10,13,188,-7.235634
5220,-102,856,65,395,10,13,188,-7.834511
5220,-102,848,65,395,11,13,188,-6.829063
5220,-102,854,65,395,10,15,189,-7.068497
5220,-102,858,65,395,11,13,189,-6.436188
5220,-102,852,65,395,10,13,188,-7.331444
5220,-102,850,65,395,12,14,188,-5.351624
5220,-102,857,65,395,10,16,190,-7.095428
5220,-102,854,65,395,10,12,188,-7.222374
5220,-102,857,65,395,11,11,189,-6.614731
5220,-102,857,65,395,12,12,188,-5.216377
5220,-102,848,65,395,12,14,188,-5.806801
5220,-102,854,65,395,11,12,188,-6.163254
5220,-102,853,65,395,11,14,189,-6.278404
5220,-102,852,65,395,11,13,188,-6.145950
5220,-102,852,65,395,10,13,189,-7.365234
5220,-102,856,65,395,12,14,188,-5.168694
5220,-102,857,65,395,12,14,189,-5.432808
5220,-102,857,65,395,11,11,188,-6.107025
5220,-102,855,65,395,11,14,188,-6.506104
5220,-102,854,65,395,12,14,189,-5.472321
5220,-102,853,65,395,9,14,189,-8.273811
5220,-102,849,65,395,11,12,187,-6.498901
5220,-102,854,65,395,10,12,188,-8.184967
5220,-102,851,65,395,11,10,188,-6.429832
5220,-102,848,65,395,11,13,189,-6.595390
5220,-102,850,65,395,12,11,188,-5.512466
5220,-102,854,65,395,12,14,189,-5.257874
5220,-102,857,65,395,11,13,188,-6.339478
5220,-102,855,65,395,11,14,189,-6.583252
5220,-102,855,65,395,10,13,189,-7.493805
5220,-102,854,65,395,10,10,188,-8.096100
5220,-102,854,65,395,13,12,188,-4.555214
5220,-102,856,65,395,11,13,189,-6.139618
5220,-102,855,65,395,9,13,188,-8.796806
5220,-102,853,65,395,12,12,188,-5.818268
5220,-102,854,65,395,11,12,188,-6.776917
5220,-102,853,65,395,11,11,187,-6.407394
5220,-102,857,65,395,12,13,188,-5.456566
5220,-102,858,65,395,10,12,189,-7.170197
5220,-102,856,65,395,12,13,188,-6.162560
5220,-102,850,65,395,11,13,189,-6.526718
5220,-102,853,65,395,11,12,188,-6.328568
5220,-102,849,65,395,10,10,187,-7.484650
5220,-102,857,65,395,11,15,190,-6.658577
5220,-102,852,65,395,11,11,188,-7.189606
5220,-102,850,65,395,12,13,188,-5.469940
5220,-102,854,65,395,12,13,188,-5.784462
5220,-102,857,65,395,9,13,188,-8.331848
5220,-102,852,65,395,10,14,188,-7.331039
5220,-102,855,65,395,10,14,188,-7.234314
5220,-102,854,65,395,12,10,188,-5.563507
5220,-102,853,65,395,11,15,189,-6.160034
5220,-102,853,65,395,10,14,189,-7.848961
5220,-102,854,65,395,11,11,188,-6.345367
5220,-102,854,65,395,10,12,188,-7.432816
5220,-102,852,65,395,11,13,188,-6.318436
5220,-102,855,65,395,12,12,189,-5.014153
5220,-102,856,65,395,12,12,188,-5.817871
5220,-102,851,65,395,11,12,188,-6.329437
5220,-102,850,65,395,10,11,187,-7.265396
5220,-102,854,65,395,11,12,188,-6.361588
5220,-102,857,65,395,12,12,188,-5.546646
5220,-102,851,65,395,10,12,188,-7.555069
5220,-102,852,65,395,11,11,188,-6.242722
5220,-102,857,65,395,12,13,189,-5.195099
5220,-102,856,65,395,9,13,189,-8.155365
5220,-102,855,65,395,13,11,189,-4.059158
5220,-102,854,65,395,12,13,188,-4.975403
5220,-102,851,65,395,12,12,188,-5.247696
5220,-102,854,65,395,13,13,188,-4.328674
5220,-102,855,65,395,11,13,188,-6.373367
5220,-102,856,65,395,10,12,189,-7.198685
5220,-102,853,65,395,11,14,188,-6.549553
5220,-102,854,65,395,10,12,188,-7.414131
5220,-102,854,65,395,10,12,189,-7.599335
5220,-102,857,65,395,12,15,190,-5.652336
5220,-102,856,65,395,11,13,189,-6.402496
5220,-102,856,65,395,12,13,189,-5.858887
5220,-102,855,65,395,9,11,189,-8.290413
5220,-102,851,65,395,11,12,188,-6.485008
5220,-102,853,65,395,12,13,188,-5.823303
5220,-102,853,65,395,13,11,187,-4.732910
5220,-102,855,65,395,11,9,189,-6.133530
5220,-102,853,65,395,12,10,188,-6.118156
5220,-102,857,65,395,11,13,189,-6.285446
5220,-102,853,65,395,13,14,188,-4.547165
5220,-102,856,65,395,11,13,188,-6.227417
5220,-102,851,65,395,11,13,187,-6.513138
5220,-102,857,65,395,13,11,188,-4.199783
5220,-102,847,65,395,12,12,188,-5.452164
5220,-102,855,65,395,12,12,189,-5.367477
5220,-102,853,65,395,11,13,187,-5.981552
5220,-102,854,65,395,11,12,188,-6.399902
5220,-102,856,65,395,12,15,189,-5.311401
5220,-102,856,65,395,11,14,189,-6.319809
5220,-102,857,65,395,11,14,189,-6.793625
5220,-102,856,65,395,12,11,188,-4.943375
5220,-102,854,65,395,11,12,188,-6.408882
5220,-102,850,65,395,11,12,189,-7.137497
5220,-102,854,65,395,12,10,188,-6.153656
5220,-102,857,65,395,10,12,188,-7.415573
5220,-102,857,65,395,13,13,188,-4.179192
5220,-102,855,65,395,10,15,189,-7.101501
5220,-102,854,65,395,10,13,188,-7.758614
5220,-102,856,65,395,9,14,189,-8.169518
5220,-102,855,65,395,11,13,189,-6.836700
5220,-102,856,65,395,11,13,189,-6.455597
5220,-102,857,65,395,9,13,189,-8.086357
5220,-102,857,65,395,10,12,189,-7.831070
5220,-102,852,65,395,11,11,187,-6.043365
5220,-102,853,65,395,11,14,190,-6.255066
5220,-102,857,65,395,11,13,189,-6.856247
5220,-102,855,65,395,11,13,188,-6.146210
5220,-102,849,65,395,10,12,188,-7.241707
5220,-102,856,65,395,11,15,189,-6.408310
5220,-102,856,65,395,11,14,189,-7.208923
5220,-102,852,65,395,11,13,188,-6.757065
5220,-102,857,65,395,12,13,188,-5.566086
5220,-102,857,65,395,11,12,188,-6.139969
5220,-102,857,65,395,11,14,190,-6.305916
5220,-102,853,65,395,12,13,188,-5.199944
5220,-102,856,65,395,10,11,188,-7.543312
5220,-102,857,65,395,11,14,189,-6.459366
5220,-102,853,65,395,10,13,188,-7.514099
5220,-102,856,65,395,11,10,188,-6.392426
5220,-102,850,65,395,11,11,188,-6.242630
5220,-102,854,65,395,11,14,188,-6.788559
5220,-102,858,65,395,11,13,189,-6.572632
5220,-102,855,65,395,10,11,188,-7.230530
5220,-102,855,65,395,10,13,188,-7.481033
5220,-102,856,65,395,12,12,188,-5.544449
5220,-102,852,65,395,12,14,189,-5.409233
5220,-102,856,65,395,11,13,188,-7.129303
5220,-102,856,65,395,11,11,188,-6.569397
5220,-102,854,65,395,10,12,189,-7.491806
5220,-102,855,65,395,12,13,188,-5.079208
5220,-102,856,65,395,9,12,188,-9.115616
5220,-102,855,65,395,11,12,188,-6.249847
5220,-102,856,65,395,10,13,188,-7.577576
5220,-102,854,65,395,12,14,189,-6.189545
5220,-102,856,65,395,10,14,189,-7.377151
5220,-102,857,65,395,12,12,188,-5.449051
5220,-102,855,65,395,12,12,188,-5.600616
5220,-102,852,65,395,10,13,188,-7.381500
5220,-102,851,65,395,11,14,188,-6.388481
5220,-102,858,65,395,11,15,189,-6.384262
5220,-102,856,65,395,11,10,187,-6.118896
5220,-102,853,65,395,13,12,188,-4.440491
5220,-102,855,65,395,11,11,189,-6.557693
5220,-102,856,65,395,10,13,188,-7.576065
5220,-102,855,65,395,10,12,188,-7.464539
5220,-102,854,65,395,11,11,188,-6.029594
5220,-102,852,65,395,11,14,188,-7.135010
5220,-102,852,65,395,12,9,188,-5.194580
5220,-102,856,65,395,12,13,189,-5.335907
5220,-102,853,65,395,11,15,189,-6.628990
5220,-102,855,65,395,12,14,189,-5.870193
5220,-102,853,65,395,13,12,187,-4.740395
5220,-102,857,65,395,12,12,188,-5.115707
5220,-102,854,65,395,9,11,189,-8.198944
5220,-102,853,65,395,11,12,188,-6.476234
5220,-102,854,65,395,10,16,188,-7.101578
5220,-102,850,65,395,12,14,188,-5.194290
5220,-102,856,65,395,10,15,189,-8.230919
5220,-102,858,65,395,12,13,188,-5.792213
5220,-102,856,65,395,10,14,189,-7.243179
5220,-102,856,65,395,13,10,189,-4.064613
5220,-102,858,65,395,12,15,188,-5.225304
5220,-102,854,65,395,11,10,188,-6.445633
5220,-102,856,65,395,10,12,188,-7.440552
5220,-102,852,65,395,12,14,187,-5.196510
5220,-102,852,65,395,11,12,188,-6.798775
5220,-102,857,65,395,12,13,189,-5.540588
5220,-102,851,65,395,13,13,188,-4.793205
5220,-102,851,65,395,11,13,189,-6.468460
5220,-102,853,65,395,13,13,188,-5.174255
5220,-102,856,65,395,11,12,187,-7.100677
5220,-102,855,65,395,12,12,189,-5.227600
5240,-102,850,65,395,12,11,188,-5.219528
5240,-102,856,65,395,11,13,188,-6.298218
5240,-102,854,65,395,11,12,189,-6.285538
5240,-102,854,65,395,10,15,189,-6.951324
5240,-102,857,65,395,12,14,190,-6.221298
5240,-102,853,65,395,12,14,188,-5.104218
5240,-102,858,65,395,12,11,188,-5.346558
5240,-102,854,65,395,12,14,190,-5.516693
5240,-102,856,65,395,9,12,188,-8.132576
5240,-102,856,65,395,12,12,188,-5.104172
5240,-102,851,65,395,12,12,187,-6.094048
5240,-102,852,65,395,11,16,190,-6.572052
5240,-102,855,65,395,10,10,189,-7.498680
5240,-102,854,65,395,13,13,188,-4.424149
5240,-102,857,65,395,12,13,189,-5.498665
5240,-102,852,65,395,10,13,189,-7.247757
5240,-102,854,65,395,11,12,188,-6.177971
5240,-102,854,65,395,11,14,189,-6.523178
5240,-102,857,65,395,11,10,189,-6.602570
5240,-102,856,65,395,11,12,189,-7.234283
5240,-102,855,65,395,10,11,188,-7.126663
5240,-102,854,65,395,10,12,189,-7.240646
5240,-102,853,65,395,12,13,190,-6.249222
5240,-102,855,65,395,12,13,189,-6.181572
5240,-102,851,65,395,12,11,189,-5.387375
5240,-102,857,65,395,11,14,189,-6.848389
5240,-102,857,65,395,10,13,189,-7.830612
5240,-102,854,65,395,10,12,190,-7.262070
5240,-102,851,65,395,11,12,188,-7.154701
5240,-102,854,65,395,12,13,188,-5.471405
5240,-102,853,65,395,11,11,189,-6.875931
5240,-102,851,65,395,11,13,188,-6.845367
5240,-102,854,65,395,12,14,189,-6.205650
5240,-102,852,65,395,11,13,189,-6.209251
5240,-102,855,65,395,13,13,188,-4.567505
5240,-102,851,65,395,11,13,189,-6.453857
5240,-102,854,65,395,10,13,189,-7.463211
5240,-102,857,65,395,10,14,189,-7.412918
5240,-102,859,65,395,13,12,189,-4.187775
5240,-102,854,65,395,9,10,189,-8.307709
5240,-102,855,65,395,11,13,190,-7.249634
5240,-102,857,65,395,13,13,188,-4.215775
5240,-102,851,65,395,12,14,187,-5.283142
5240,-102,855,65,395,10,12,189,-7.609329
5240,-102,855,65,395,12,14,190,-5.610748
5240,-102,849,65,395,12,12,188,-5.732399
5240,-102,857,65,395,13,12,188,-4.369217
5240,-102,851,65,395,13,12,188,-4.453323
5240,-102,855,65,395,12,12,190,-5.557892
5240,-102,856,65,395,10,13,189,-7.270737
5240,-102,855,65,395,11,12,189,-6.142448
5240,-102,857,65,395,11,12,188,-6.291183
5240,-102,855,65,395,11,11,188,-6.769043
5240,-102,852,65,395,12,12,188,-5.486855
5240,-102,853,65,395,11,13,188,-6.344543
5240,-102,851,65,395,11,12,189,-5.951378
5240,-102,854,65,395,12,14,190,-5.423050
5240,-102,857,65,395,12,13,188,-5.835068
5240,-102,855,65,395,14,13,188,-3.784973
5240,-102,852,65,395,12,15,189,-6.238884
5240,-102,853,65,395,14,11,188,-3.110031
5240,-102,851,65,395,13,13,188,-4.431007
5240,-102,854,65,395,11,12,189,-6.879906
5240,-102,854,65,395,12,15,190,-5.325058
5240,-102,853,65,395,10,14,189,-7.201904
5240,-102,848,65,395,12,14,188,-5.156799
5240,-102,851,65,395,13,12,188,-4.850250
5240,-102,854,65,395,12,11,188,-5.293365
5240,-102,852,65,395,12,11,188,-5.387222
5240,-102,851,65,395,12,13,188,-5.268440
5240,-102,848,65,395,11,14,189,-6.505707
5240,-102,850,65,395,12,15,190,-4.969124
5240,-102,848,65,395,10,15,189,-8.271568
5240,-102,854,65,395,11,11,188,-7.115700
5240,-102,856,65,395,13,13,188,-4.210060
5240,-102,852,65,395,10,14,189,-7.200279
5240,-102,849,65,395,12,10,188,-5.284111
5240,-102,853,65,395,12,12,188,-5.830826
5240,-102,853,65,395,12,14,189,-5.556778
5240,-102,856,65,395,11,11,189,-6.203690
5240,-102,854,65,395,11,13,189,-6.636307
5240,-102,853,65,395,11,12,188,-6.331909
5240,-102,855,65,395,12,13,189,-5.115326
5240,-102,852,65,395,10,14,188,-7.202713
5240,-102,847,65,395,10,12,189,-7.316177
5240,-102,853,65,395,13,12,189,-4.316818
5240,-102,857,65,395,12,12,188,-6.128304
5240,-102,851,65,395,12,11,188,-6.190292
5240,-102,853,65,395,13,12,188,-5.150467
5240,-102,852,65,395,12,13,189,-5.414871
5240,-102,853,65,395,11,14,188,-6.208740
5240,-102,852,65,395,12,9,189,-5.873611
5240,-102,856,65,395,11,14,189,-6.100052
5240,-102,856,65,395,11,12,187,-6.711212
5240,-102,855,65,395,12,13,189,-5.351929
5240,-102,856,65,395,12,12,188,-5.228233
5240,-102,856,65,395,12,15,190,-5.892616
5240,-102,849,65,395,12,12,188,-5.265488
5240,-102,852,65,395,11,14,189,-6.247162
5240,-102,854,65,395,10,12,188,-7.313492
5240,-102,853,65,395,12,14,189,-5.139938
5240,-102,851,65,395,12,12,188,-5.453064
5240,-102,849,65,395,10,13,188,-7.507477
5240,-102,853,65,395,11,14,189,-6.218132
5240,-102,852,65,395,12,13,189,-5.616867
5240,-102,853,65,395,12,12,189,-5.477859
5240,-102,854,65,395,11,10,189,-6.459793
5240,-102,855,65,395,12,12,188,-5.793076
5240,-102,854,65,395,14,13,188,-3.109451
5240,-102,855,65,395,12,12,189,-5.380249
5240,-102,856,65,395,11,12,189,-6.390839
5240,-102,859,65,395,11,13,190,-7.302391
5240,-102,852,65,395,12,13,188,-5.086906
5240,-102,855,65,395,13,15,189,-4.248093
5240,-102,858,65,395,12,14,190,-5.837372
5240,-102,854,65,395,10,11,190,-7.440445
5240,-102,856,65,395,10,12,189,-7.616821
5240,-102,857,65,395,10,11,189,-7.785126
5240,-102,856,65,395,12,13,189,-5.858124
5240,-102,856,65,395,11,10,189,-7.183929
5240,-102,854,65,395,12,10,188,-5.453094
5240,-102,853,65,395,11,14,189,-6.426788
5240,-102,853,65,395,13,9,188,-4.145370
5240,-102,857,65,395,10,11,188,-7.183289
5240,-102,857,65,395,11,13,188,-6.161545
5240,-102,854,65,395,11,13,188,-6.421829
5240,-102,852,65,395,9,12,190,-8.216507
5240,-102,857,65,395,12,12,190,-5.420517
5240,-102,858,65,395,13,13,188,-4.324142
5240,-102,857,65,395,12,14,189,-5.065079
5240,-102,857,65,395,11,14,190,-6.288666
5240,-102,852,65,395,11,15,190,-6.642914
5240,-102,857,65,395,10,11,189,-7.247681
5240,-102,859,65,395,12,12,188,-5.424530
5240,-102,856,65,395,13,11,189,-4.393188
5240,-102,853,65,395,10,11,189,-7.089516
5240,-102,853,65,395,10,13,189,-7.500961
5240,-102,857,65,395,12,12,189,-5.385002
5240,-102,848,65,395,11,14,189,-6.640793
5240,-102,849,65,395,11,13,188,-6.547836
5240,-102,851,65,395,12,13,188,-5.600769
5240,-102,857,65,395,13,9,188,-5.162796
5240,-102,854,65,395,10,12,188,-7.462097
5240,-102,852,65,395,10,12,189,-7.836403
5240,-102,852,65,395,12,10,188,-5.209198
5240,-102,846,65,395,11,14,188,-6.227097
5240,-102,851,65,395,12,12,189,-5.340057
5240,-102,850,65,395,11,14,190,-6.336746
5240,-102,855,65,395,12,13,189,-5.630096
5240,-102,852,65,395,12,15,189,-5.496628
5240,-102,859,65,395,12,13,190,-5.638382
5240,-102,852,65,395,11,11,189,-6.222900
5240,-102,855,65,395,12,12,189,-5.469391
5240,-102,858,65,395,13,12,189,-4.213104
5240,-102,855,65,395,12,12,188,-5.587914
5240,-102,857,65,395,12,14,190,-5.850159
5240,-102,854,65,395,11,13,190,-6.538315
5240,-102,848,65,395,13,13,188,-4.500214
5240,-102,849,65,395,11,14,189,-6.638245
5240,-102,852,65,395,14,12,189,-4.180496
5240,-102,852,65,395,11,14,190,-6.350510
5240,-102,854,65,395,13,12,188,-4.423355
5240,-102,852,65,395,10,12,189,-7.353607
5240,-102,847,65,395,12,12,189,-5.222015
5240,-102,852,65,395,12,13,188,-5.565437
5240,-102,852,65,395,13,12,188,-4.469406
5240,-102,845,65,395,11,14,190,-6.569298
5240,-102,850,65,395,11,12,189,-6.643799
5240,-102,854,65,395,12,11,188,-5.383484
5240,-102,856,65,395,12,12,188,-6.110664
5240,-102,853,65,395,12,13,190,-6.216812
5240,-102,853,65,395,11,12,188,-6.474777
5240,-102,854,65,395,12,12,188,-5.293182
5240,-102,854,65,395,13,13,189,-4.276772
5240,-102,854,65,395,13,13,189,-4.246033
5240,-102,853,65,395,10,13,188,-7.576935
5240,-102,853,65,395,12,13,188,-5.457413
5240,-102,853,65,395,14,14,189,-3.264404
5240,-102,854,65,395,10,12,189,-7.646835
5240,-102,852,65,395,12,15,189,-5.528214
5240,-102,850,65,395,10,13,188,-7.355057
5240,-102,852,65,395,11,13,189,-6.605499
5240,-102,853,65,395,11,13,189,-6.455917
5240,-102,853,65,395,11,11,190,-6.321686
5240,-102,854,65,395,13,10,187,-4.085327
5240,-102,852,65,395,14,12,188,-3.344025
5240,-102,851,65,395,10,13,188,-8.202072
5240,-102,853,65,395,12,11,189,-5.599030
5240,-102,856,65,395,11,11,188,-6.290359
5240,-102,851,65,395,10,12,188,-7.355370
5240,-102,851,65,395,12,13,189,-5.188972
5240,-102,850,65,395,12,12,188,-6.141373
5240,-102,851,65,395,11,14,188,-6.470055
5240,-102,854,65,395,12,11,188,-5.347153
5240,-102,856,65,395,10,13,190,-7.927811
5240,-102,850,65,395,12,13,189,-5.631226
5240,-102,855,65,395,12,14,188,-5.305206
5240,-102,851,65,395,13,13,188,-4.341156
5240,-102,852,65,395,11,13,189,-7.230125
5240,-102,852,65,395,11,12,189,-6.484818
5240,-102,852,65,395,10,14,189,-7.382767
5240,-102,854,65,395,14,11,188,-3.533661
5240,-102,856,65,395,12,12,190,-5.259552
5240,-102,857,65,395,13,15,189,-4.024170
5240,-102,852,65,395,11,11,188,-6.149391
5240,-102,850,65,395,12,10,188,-5.057159
5240,-102,857,65,395,14,14,188,-3.554207
5240,-102,856,65,395,11,13,189,-6.818398
5240,-102,854,65,395,10,11,188,-7.101624
5240,-102,854,65,395,12,11,188,-5.450241
5240,-102,855,65,395,11,13,189,-6.809570
5240,-102,853,65,395,12,13,189,-5.824265
5240,-102,855,65,395,13,13,189,-4.313736
5240,-102,854,65,395,10,10,187,-7.287720
5240,-102,852,65,395,10,14,188,-7.514244
5240,-102,855,65,395,10,14,188,-8.167755
5240,-102,854,65,395,11,12,189,-6.842415
5240,-102,856,65,395,11,10,189,-6.269073
5240,-102,857,65,395,11,14,188,-6.324402
5240,-102,852,65,395,13,13,189,-4.574905
5240,-102,853,65,395,12,11,188,-5.464691
5240,-102,849,65,395,11,13,189,-6.241676
5240,-102,853,65,395,10,12,189,-8.210114
5240,-102,854,65,395,12,14,189,-6.243958
5240,-102,853,65,395,11,13,189,-6.623726
5240,-102,853,65,395,10,11,190,-7.602463
5240,-102,852,65,395,11,14,189,-6.619339
5240,-102,857,65,395,11,12,190,-6.233658
5240,-102,850,65,395,13,11,188,-4.319336
5240,-102,854,65,395,11,12,189,-6.498520
5240,-102,853,65,395,10,14,188,-7.349319
5240,-102,859,65,395,12,12,189,-5.144058
5240,-102,859,65,395,12,13,189,-5.156372
5240,-102,851,65,395,11,14,189,-6.499573
5240,-102,853,65,395,12,13,189,-5.626572
5240,-102,854,65,395,11,13,188,-6.170166
5240,-102,857,65,395,11,11,189,-6.884521
5240,-102,854,65,395,12,10,190,-5.257126
5240,-102,854,65,395,12,12,189,-5.529655
5240,-102,857,65,395,12,13,190,-5.907440
5240,-102,852,65,395,11,11,188,-6.154007
5240,-102,856,65,395,11,13,189,-7.143814
5240,-102,851,65,395,11,11,189,-7.204887
5240,-102,854,65,395,11,14,189,-6.562653
5240,-102,857,65,395,10,14,189,-8.245140
5240,-102,854,65,395,10,12,189,-7.517654
5240,-102,852,65,395,12,13,189,-5.414948
5240,-102,852,65,395,11,12,188,-6.429199
5240,-102,857,65,395,12,12,188,-5.121132
5240,-102,857,65,395,11,13,190,-6.301453
5240,-102,853,65,395,9,12,189,-8.873978
5240,-102,853,65,395,11,12,188,-6.135643
5240,-102,854,65,395,12,11,188,-5.225067
5240,-102,856,65,395,11,12,189,-6.499069
5240,-102,851,65,395,12,12,189,-5.603714
5240,-102,849,65,395,11,14,189,-6.240143
5240,-102,850,65,395,14,15,189,-3.901581
5240,-102,852,65,395,11,12,189,-7.260086
5240,-102,853,65,395,11,12,188,-6.079758
5240,-102,847,65,395,9,12,188,-8.449974
5240,-102,855,65,395,12,14,189,-5.373756
5240,-102,852,65,395,10,11,189,-7.492508
5240,-102,857,65,395,11,12,190,-6.652153
5240,-102,857,65,395,12,10,188,-5.121368
5240,-102,852,65,395,12,11,188,-5.540588
5240,-102,853,65,395,12,10,190,-5.030167
5240,-102,852,65,395,12,13,189,-5.342422
5240,-102,853,65,395,11,14,188,-7.147293
5240,-102,853,65,395,12,12,187,-5.302765
5240,-102,848,65,395,11,15,190,-6.288116
5240,-102,850,65,395,10,13,189,-7.183624
5240,-102,855,65,395,11,15,190,-6.334709
5240,-102,853,65,395,12,10,189,-5.492432
5240,-102,848,65,395,13,12,188,-4.192047
5240,-102,853,65,395,13,12,188,-4.519775
5240,-102,848,65,395,13,12,188,-4.480186
5240,-102,851,65,395,10,10,188,-7.222748
5240,-102,851,65,395,11,11,187,-6.316589
5240,-102,849,65,395,12,13,189,-5.139374
5240,-102,851,65,395,11,13,189,-6.837059
5240,-102,852,65,395,13,12,189,-4.401138
5240,-102,851,65,395,11,12,189,-6.852928
5240,-102,852,65,395,12,12,188,-5.591339
5240,-102,853,65,395,13,13,189,-4.372101
5240,-102,852,65,395,14,13,188,-3.192352
5240,-102,847,65,395,12,13,189,-5.634705
5240,-102,850,65,395,12,12,188,-5.326355
5240,-102,852,65,395,12,13,188,-5.796898
5240,-102,853,65,395,14,13,189,-3.670120
5240,-102,856,65,395,12,11,190,-6.246506
5240,-102,855,65,395,12,11,189,-5.170059
5240,-102,852,65,395,11,13,189,-6.428345
5240,-102,851,65,395,12,13,188,-4.876213
5240,-102,852,65,395,10,13,189,-7.411316
5240,-102,844,65,395,12,12,188,-5.210037
5240,-102,852,65,395,12,11,188,-6.171997
5240,-102,852,65,395,12,12,188,-5.237915
5240,-102,856,65,395,11,13,189,-7.196869
5240,-102,849,65,395,10,12,189,-7.512711
5240,-102,852,65,395,12,13,188,-5.346588
5240,-102,850,65,395,14,13,189,-3.384750
5240,-102,853,65,395,12,12,190,-5.349571
5240,-102,851,65,395,12,11,188,-5.432426
5240,-102,854,65,395,10,12,188,-7.580376
5240,-102,849,65,395,13,13,189,-5.192535
5240,-102,845,65,395,12,11,187,-5.288467
5240,-102,852,65,395,10,13,190,-8.257889
5240,-102,850,65,395,13,12,188,-4.164764
5240,-102,850,65,395,13,14,188,-5.157639
5240,-102,847,65,395,11,14,189,-5.998344
5240,-102,845,65,395,9,12,189,-9.235718
5240,-102,849,65,395,12,16,190,-5.916718
5240,-102,852,65,395,11,14,188,-6.057419
5240,-102,850,65,395,11,11,189,-6.331985
5240,-102,853,65,395,10,10,188,-7.174400
5240,-102,853,65,395,11,12,187,-6.048203
5240,-102,853,65,395,13,13,188,-4.335411
5240,-102,852,65,395,12,13,189,-5.837120
5240,-102,847,65,395,10,14,189,-7.883110
5240,-102,851,65,395,12,9,188,-5.482086
5240,-102,849,65,395,10,12,188,-7.102264
5240,-102,855,65,395,12,12,189,-5.517380
5240,-102,856,65,395,11,12,190,-6.693924
5240,-102,852,65,395,12,12,188,-5.601364
5240,-102,854,65,395,9,13,189,-8.481232
5240,-102,853,65,395,11,14,189,-6.354942
5240,-102,855,65,395,11,12,189,-6.293335
5240,-102,854,65,395,11,12,189,-6.095703
5240,-102,857,65,395,11,12,189,-6.263000
5240,-102,852,65,395,11,12,187,-7.102379
5240,-102,857,65,395,11,12,189,-6.891373
5240,-102,853,65,395,12,12,188,-6.103653
5240,-102,849,65,395,13,11,188,-4.226578
5240,-102,856,65,395,11,14,190,-6.385040
5240,-102,855,65,395,12,13,188,-5.567955
5240,-102,855,65,395,11,12,187,-6.312561
5240,-102,854,65,395,12,11,188,-6.189194
5240,-102,853,65,395,10,14,190,-7.293381
5240,-102,859,65,395,12,14,190,-5.326309
5240,-102,856,65,395,12,13,188,-5.309723
5240,-102,853,65,395,11,11,188,-6.369858
5240,-102,857,65,395,10,13,189,-7.840218
5240,-102,855,65,395,11,13,189,-7.186142
5240,-102,855,65,395,13,12,188,-4.524681
5240,-102,857,65,395,11,12,189,-6.092850
5240,-102,851,65,395,11,12,189,-6.880585
5240,-102,851,65,395,13,13,189,-4.232941
5240,-102,851,65,395,12,14,188,-5.829056
5240,-102,856,65,395,11,13,190,-6.264633
5240,-102,856,65,395,11,14,190,-6.659622
5240,-102,857,65,395,11,12,188,-6.790253
5240,-102,855,65,395,13,11,188,-4.216507
5240,-102,856,65,395,9,14,190,-8.321663
5240,-102,850,65,395,10,13,188,-7.252960
5240,-102,850,65,395,10,13,188,-7.449059
5240,-102,852,65,395,13,14,188,-4.583427
5240,-102,853,65,395,10,12,189,-8.249924
5240,-102,853,65,395,12,12,189,-6.218796
5240,-102,857,65,395,11,14,190,-6.859360
5240,-102,854,65,395,13,13,189,-4.614273
5240,-102,850,65,395,11,12,189,-7.237808
5240,-102,850,65,395,10,11,188,-7.798927
5240,-102,855,65,395,12,12,189,-5.151756
5240,-102,852,65,395,11,12,189,-6.172302
5240,-102,855,65,395,12,12,189,-5.497589
5240,-102,848,65,395,12,12,188,-5.497879
5240,-102,851,65,395,11,12,189,-6.182419
5240,-102,855,65,395,12,12,188,-5.309357
5240,-102,854,65,395,12,13,189,-5.297379
5240,-102,857,65,395,12,13,189,-5.565460
5240,-102,855,65,395,11,15,189,-5.967117
5240,-102,855,65,395,13,14,188,-4.594696
5240,-102,855,65,395,11,14,190,-6.551270
5240,-102,855,65,395,12,14,188,-5.341660
5240,-102,855,65,395,12,10,188,-5.333649
5240,-102,854,65,395,13,12,188,-4.174492
5240,-102,856,65,395,11,9,187,-6.031631
5240,-102,856,65,395,10,13,189,-7.905716
5240,-102,851,65,395,12,11,189,-5.508224
5240,-102,857,65,395,13,14,189,-4.862015
5240,-102,855,65,395,10,11,189,-7.272446
5240,-102,855,65,395,13,12,189,-4.405991
5240,-102,854,65,395,10,13,189,-7.490082
5240,-102,859,65,395,12,12,188,-5.408699
5240,-102,854,65,395,12,12,190,-5.186661
5240,-102,858,65,395,11,13,189,-6.337982
5240,-102,853,65,395,10,10,188,-7.170052
5240,-102,856,65,395,11,13,189,-6.582001
5240,-102,856,65,395,11,12,189,-6.471069
5240,-102,857,65,395,11,13,189,-6.052063
5240,-102,853,65,395,12,10,188,-5.459274
5240,-102,857,65,395,13,14,188,-4.778015
5240,-102,858,65,395,11,12,189,-6.207748
5240,-102,854,65,395,10,13,189,-7.508255
5240,-102,855,65,395,12,13,188,-5.461105
5240,-102,852,65,395,11,13,189,-6.381744
5240,-102,857,65,395,11,14,188,-6.322746
5240,-102,856,65,395,11,13,189,-6.071548
5240,-102,852,65,395,12,13,189,-5.204483
5240,-102,854,65,395,12,12,188,-5.497528
5240,-102,855,65,395,12,12,190,-5.111496
5240,-102,853,65,395,12,14,189,-5.839569
5240,-102,852,65,395,10,16,190,-7.420685
5240,-102,854,65,395,12,12,188,-5.311729
5240,-102,857,65,395,12,14,189,-5.191422
5240,-102,854,65,395,13,12,189,-4.206268
5240,-102,853,65,395,12,11,188,-5.608200
5240,-102,852,65,395,13,12,189,-4.424751
5240,-102,855,65,395,10,12,188,-7.113052
5240,-102,850,65,395,10,11,189,-7.278191
5240,-102,852,65,395,12,13,189,-5.869392
5240,-102,857,65,395,12,13,189,-5.833847
5240,-102,855,65,395,11,14,190,-6.065285
5240,-102,852,65,395,13,13,189,-4.637993
5240,-102,856,65,395,11,13,189,-6.574966
5240,-102,850,65,395,13,13,188,-4.305283
5240,-102,855,65,395,11,12,189,-6.294510
5240,-102,852,65,395,11,13,188,-6.577530
5240,-102,854,65,395,12,12,188,-5.473907
5240,-102,849,65,395,12,11,188,-5.485565
5240,-102,852,65,395,9,12,188,-8.090157
5240,-102,855,65,395,12,14,189,-5.811935
5240,-102,853,65,395,11,14,190,-6.923256
5240,-102,852,65,395,11,13,189,-6.406334
5240,-102,855,65,395,11,13,190,-6.413765
5240,-102,854,65,395,13,14,188,-4.395126
5240,-102,854,65,395,11,13,188,-6.161598
5240,-102,852,65,395,13,14,189,-4.878174
5240,-102,851,65,395,11,13,189,-7.202629
5240,-102,856,65,395,11,12,188,-6.318939
5240,-102,854,65,395,12,12,188,-5.352478
5240,-102,852,65,395,9,14,188,-9.156021
5240,-102,852,65,395,10,13,190,-8.267616
5240,-102,850,65,395,12,14,190,-5.437576
5240,-102,847,65,395,11,11,188,-6.422455
5240,-102,857,65,395,13,13,188,-4.119659
5240,-102,855,65,395,11,12,189,-7.257599
5240,-102,854,65,395,9,12,189,-8.860512
5240,-102,856,65,395,12,13,189,-5.209305
5240,-102,855,65,395,13,14,189,-4.062561
5240,-102,854,65,395,10,13,188,-7.226112
5240,-102,854,65,395,11,13,189,-6.385956
5240,-102,857,65,395,10,14,190,-7.645035
5240,-102,855,65,395,11,13,189,-6.254227
5240,-102,852,65,395,12,11,189,-5.413971
5240,-102,852,65,395,12,12,189,-5.447342
5240,-102,852,65,395,12,13,189,-5.539749
5240,-102,854,65,395,10,14,189,-7.307632
5240,-102,854,65,395,11,14,189,-6.835083
5240,-102,854,65,395,12,12,188,-5.547958
5240,-102,856,65,395,13,13,189,-4.390091
5240,-102,850,65,395,11,13,188,-6.255478
5240,-102,852,65,395,10,13,189,-7.383423
5240,-102,852,65,395,12,12,188,-5.436676
5240,-102,853,65,395,10,12,188,-7.583511
5240,-102,848,65,395,11,12,187,-7.092682
5240,-102,855,65,395,10,12,190,-7.653610
5240,-102,854,65,395,11,13,189,-7.244080
5240,-102,855,65,395,12,15,189,-5.528091
5240,-102,855,65,395,11,13,189,-7.198517
5240,-102,849,65,395,11,13,189,-7.202927
5240,-102,847,65,395,12,14,188,-5.227356
5240,-102,856,65,395,11,15,188,-6.044792
5240,-102,857,65,395,12,12,189,-5.275055
5240,-102,851,65,395,10,13,190,-7.686157
5240,-102,853,65,395,10,13,188,-7.087646
5240,-102,858,65,395,11,14,188,-6.043823
5240,-102,849,65,395,12,11,187,-6.134369
5240,-102,855,65,395,10,11,189,-7.223587
5240,-102,851,65,395,10,15,190,-7.461067
5240,-102,855,65,395,13,13,189,-4.863091
5240,-102,854,65,395,13,12,188,-4.590584
5240,-102,849,65,395,10,13,188,-7.478531
5240,-102,850,65,395,14,13,189,-3.352432
5240,-102,852,65,395,12,12,188,-5.404266
5240,-102,853,65,395,14,12,189,-3.592819
5240,-102,856,65,395,13,10,190,-4.296051
5240,-102,857,65,395,9,14,190,-8.453575
5240,-102,855,65,395,12,11,188,-6.181648
5240,-102,856,65,395,11,13,189,-6.823074
5240,-102,857,65,395,11,13,190,-6.172073
5240,-102,855,65,395,11,14,189,-6.634850
5240,-102,852,65,395,12,16,189,-5.458008
5240,-102,854,65,395,10,12,188,-7.192795
5240,-102,855,65,395,11,13,188,-7.137955
5240,-102,849,65,395,12,9,188,-5.479019
5240,-102,854,65,395,11,12,188,-6.581116
5240,-102,854,65,395,12,13,188,-5.287979
5240,-102,856,65,395,13,14,190,-4.279892
5240,-102,853,65,395,12,15,189,-5.170837
5240,-102,854,65,395,14,13,188,-3.203705
5240,-102,853,65,395,10,12,189,-7.209915
5240,-102,855,65,395,13,13,189,-4.090424
5240,-102,860,65,395,12,13,189,-6.119751
5240,-102,854,65,395,13,11,188,-4.521667
5240,-102,853,65,395,11,13,189,-6.862694
5240,-102,857,65,395,13,14,190,-5.267952
5240,-102,849,65,395,11,12,189,-6.431396
5240,-102,850,65,395,11,14,188,-6.246315
5240,-102,859,65,395,10,14,190,-7.293068
5240,-102,851,65,395,11,10,189,-6.625999
5240,-102,854,65,395,11,13,188,-6.005981
5240,-102,852,65,395,13,12,189,-4.124817
5240,-102,856,65,395,11,14,190,-6.225441
5240,-102,854,65,395,11,11,188,-7.135391
5240,-102,857,65,395,10,11,189,-7.334366
5240,-102,854,65,395,14,12,189,-3.817581
5240,-102,852,65,395,13,11,188,-4.522873
5240,-102,856,65,395,11,12,189,-6.520409
5240,-102,855,65,395,11,12,189,-6.820374
5240,-102,852,65,395,12,12,187,-5.265816
5240,-102,854,65,395,12,12,188,-5.793343
5240,-102,852,65,395,12,13,189,-5.240242
5240,-102,852,65,395,12,13,188,-5.585083
5240,-102,852,65,395,12,13,189,-5.063843
5240,-102,852,65,395,10,14,189,-7.375374
5240,-102,851,65,395,10,12,188,-7.148804
5240,-102,853,65,395,14,11,187,-3.720718
5240,-102,855,65,395,12,13,188,-5.184769
5240,-102,853,65,395,12,14,190,-5.185562
5240,-102,851,65,395,11,11,189,-7.247978
5240,-102,852,65,395,12,11,188,-5.573715
5240,-102,856,65,395,13,8,188,-4.321571
5240,-102,845,71,390,11,11,188,-6.328079
5240,-102,841,71,390,10,13,188,-7.277954
5240,-102,837,71,390,11,13,188,-6.792862
5240,-102,846,71,390,10,12,187,-7.657722
5240,-102,845,71,390,11,12,188,-7.534988
5240,-102,841,71,390,10,13,188,-7.376282
5240,-102,834,71,390,13,12,187,-4.617783
5240,-102,840,71,390,12,13,188,-5.384247
5240,-102,845,71,390,10,10,188,-7.297958
5240,-102,844,71,390,10,14,189,-7.322311
5240,-102,849,71,390,12,11,188,-5.478500
5240,-102,840,71,390,13,12,188,-4.260094
5240,-102,844,71,390,11,12,189,-7.174377
5240,-102,842,71,390,11,12,189,-6.673523
5240,-102,840,71,390,11,10,188,-6.651749
5240,-102,840,71,390,13,11,188,-4.385834
5240,-102,835,71,390,12,10,188,-5.211960
5240,-102,836,71,390,12,13,188,-5.442001
5240,-102,842,71,390,13,13,188,-4.582855
5240,-102,839,71,390,13,14,187,-4.233597
5240,-102,842,71,390,11,12,188,-6.106911
5240,-102,847,71,390,12,13,189,-6.203568
5240,-102,840,71,390,11,13,188,-6.236580
5240,-102,844,71,390,14,12,188,-3.417923
5240,-102,833,71,390,14,12,188,-3.458076
5240,-102,836,71,390,12,12,187,-5.420097
5240,-102,838,71,390,10,12,187,-7.525391
5240,-102,839,71,390,14,14,188,-3.780258
5240,-102,836,71,390,12,15,188,-5.698761
5240,-102,844,71,390,12,13,188,-5.081360
5240,-102,832,71,390,11,12,187,-6.437836
5240,-102,839,71,390,14,12,187,-3.624466
5240,-102,841,71,390,12,9,188,-5.326630
5240,-102,835,71,390,12,14,189,-5.693619
5240,-102,844,71,390,13,11,188,-4.079453
5240,-102,841,71,390,12,13,188,-5.576843
5240,-102,835,71,390,14,11,188,-2.945831
5240,-102,839,71,390,11,13,189,-6.345909
5240,-102,844,71,390,11,13,188,-6.268524
5240,-102,842,71,390,10,13,187,-7.955353
5240,-102,848,71,390,8,14,189,-9.273758
5240,-102,842,71,390,11,12,188,-6.354141
5240,-102,841,71,390,11,13,188,-6.331604
5240,-102,841,71,390,12,12,187,-5.912445
5240,-102,842,71,390,13,13,189,-4.230003
5240,-102,845,71,390,12,13,188,-5.263206
5240,-102,839,71,390,13,12,188,-4.348465
5240,-102,858,62,399,11,13,190,-6.156525
5240,-102,851,65,396,13,12,191,-4.926987
5240,-102,857,65,396,12,13,190,-5.519424
5240,-102,856,65,396,11,14,191,-6.421219
5240,-102,851,65,396,14,13,188,-3.386078
5240,-102,854,65,396,10,11,189,-7.346344
5240,-102,853,65,396,12,12,189,-5.292191
5240,-102,855,65,396,10,12,189,-7.447845
5240,-102,847,65,396,13,13,187,-4.758026
5240,-102,850,65,396,12,11,189,-5.144775
5240,-102,849,65,396,11,14,189,-6.316704
5240,-102,853,65,396,13,12,189,-4.391098
5240,-102,858,65,396,10,13,189,-7.274658
5240,-102,855,65,396,12,13,190,-6.220062
5240,-102,851,65,396,13,13,189,-4.228912
5240,-102,856,65,396,13,12,189,-4.775566
5240,-102,851,65,396,13,13,188,-5.118088
5240,-102,852,65,396,12,13,189,-5.033661
5240,-102,854,65,396,12,11,190,-5.697266
5240,-102,858,65,396,12,11,190,-5.819412
5240,-102,853,65,396,11,12,189,-6.501686
5240,-102,858,65,396,10,14,189,-7.423805
5240,-102,856,65,396,11,12,188,-6.252052
5240,-102,858,65,396,13,11,188,-4.397850
5240,-102,853,65,396,13,14,189,-4.335068
5240,-102,853,65,396,12,13,189,-5.460007
5240,-102,856,65,396,11,12,189,-7.169830
5240,-102,857,65,396,11,12,189,-6.616699
5240,-102,856,65,396,14,13,188,-3.299767
5240,-102,853,65,396,13,15,190,-4.532066
5240,-102,849,65,396,13,12,188,-4.771790
5240,-102,850,65,395,13,12,187,-4.535728
5240,-102,849,65,395,11,11,188,-6.829155
5240,-102,856,65,395,11,13,189,-6.505783
5240,-102,857,65,395,11,13,190,-6.649277
5240,-102,853,65,395,10,13,189,-7.144394
5240,-102,849,65,395,11,13,188,-6.278145
5240,-102,855,65,395,11,13,189,-6.227966
5240,-102,857,65,395,11,14,189,-6.873322
5240,-102,855,65,395,10,11,188,-7.215355
5240,-102,855,65,395,11,13,188,-6.773354
5240,-102,859,65,395,10,12,189,-7.475632
5240,-102,854,65,395,10,11,189,-7.863258
5240,-102,854,65,395,12,13,189,-5.035805
5240,-102,857,65,395,11,11,188,-6.265091
5240,-102,852,65,395,12,12,189,-5.138306
5240,-102,870,59,402,12,12,192,-5.537727
5240,-102,861,62,399,12,14,189,-5.931671
5240,-102,860,62,399,12,14,190,-5.449005
5240,-102,862,62,399,13,14,190,-4.284576
5240,-102,864,62,399,12,12,190,-5.366768
5240,-102,853,68,393,12,12,187,-5.227173
5240,-102,848,68,393,12,12,188,-5.421700
5240,-102,851,68,393,13,12,188,-4.568497
5240,-102,853,68,393,11,12,188,-6.445908
5240,-102,852,68,393,11,12,189,-6.287552
5240,-102,850,68,393,12,13,188,-5.731689
5240,-102,864,62,399,12,13,190,-5.309563
5240,-102,858,62,399,11,12,190,-6.078674
5240,-102,863,62,399,11,12,190,-6.649597
5240,-102,863,62,399,11,12,189,-6.258545
5240,-102,866,62,399,14,13,190,-3.315063
5240,-102,863,62,399,11,13,190,-6.506073
5240,-102,861,62,399,12,13,190,-5.273788
5240,-102,862,62,399,12,11,190,-6.006104
5240,-102,860,62,399,13,13,189,-4.384804
5240,-102,859,62,399,12,15,191,-6.074768
5240,-102,857,62,399,11,12,189,-6.272552
5240,-102,864,62,399,11,16,191,-7.052063
5240,-102,863,62,399,13,13,190,-5.003662
5240,-102,861,62,399,11,12,190,-6.320457
5240,-102,864,62,399,11,15,190,-6.635361
5240,-102,859,62,399,13,13,190,-4.980423
5240,-102,858,62,399,14,11,189,-3.967346
5240,-102,863,62,399,12,14,190,-5.166542
5240,-102,864,62,399,12,12,190,-5.280685
5240,-102,857,62,399,12,13,190,-5.311470
5240,-102,859,62,398,12,11,188,-5.376038
5240,-102,860,62,398,11,12,189,-6.649200
5240,-102,859,62,398,12,11,188,-5.020355
5240,-102,861,62,398,11,12,189,-6.958717
5240,-102,860,62,398,13,14,190,-4.465347
5240,-102,862,62,398,11,13,190,-6.330734
5240,-102,861,62,398,10,11,189,-7.438553
5240,-102,858,62,398,11,14,190,-6.414230
5240,-102,860,62,398,11,13,189,-6.656906
5240,-102,861,62,398,13,13,189,-4.307129
5240,-102,859,62,398,10,12,189,-7.447693
5240,-102,860,62,398,12,11,189,-5.982994
5240,-102,859,62,398,11,13,189,-6.345673
5240,-102,860,62,398,13,14,189,-4.166183
5240,-102,863,62,398,10,12,189,-7.649109
5240,-102,861,62,398,13,13,190,-5.105591
5240,-102,860,62,398,13,13,190,-4.374420
5240,-102,859,62,398,12,13,189,-5.690750
5240,-102,861,62,398,12,12,190,-5.262444
5240,-102,859,62,398,13,9,188,-4.074799
5240,-102,856,62,398,13,16,188,-4.268082
5240,-102,862,62,398,9,12,190,-8.123260
5240,-102,860,62,398,11,10,189,-6.182785
5240,-102,858,62,398,10,11,188,-7.633926
5240,-102,858,62,398,11,13,189,-6.330917
5240,-102,859,62,398,12,12,189,-5.390724
5240,-102,857,62,398,11,14,189,-6.442978
5240,-102,863,62,398,15,12,189,-2.616058
5240,-102,859,62,398,13,14,189,-4.108398
5240,-102,861,62,398,11,11,189,-6.466927
5240,-102,863,62,398,12,12,189,-5.708870
5240,-102,860,62,398,11,13,188,-6.140045
5240,-102,862,62,398,12,11,189,-5.184708
5240,-102,863,62,398,9,10,190,-8.300201
5240,-102,859,62,398,13,14,190,-4.162186
5240,-102,857,62,398,11,14,190,-6.466217
5240,-102,859,62,398,13,13,190,-4.322319
5240,-102,861,62,398,11,13,190,-6.127853
5240,-102,850,68,392,12,11,187,-5.569824
5240,-102,847,68,392,12,13,188,-5.222221
5240,-102,843,68,392,12,12,187,-5.466141
5240,-102,847,68,392,11,13,189,-6.312363
5260,-102,847,68,392,14,12,190,-3.091888
5260,-102,845,68,392,13,12,188,-4.178894
5260,-102,845,68,392,13,11,189,-4.094612
5260,-102,841,68,392,14,11,189,-3.250122
5260,-102,847,68,392,12,12,189,-4.821518
5260,-102,845,68,392,13,10,188,-4.747238
5260,-102,846,68,392,13,9,188,-4.187210
5260,-102,843,68,392,12,11,188,-5.612747
5260,-102,863,62,399,16,10,191,-1.711563
5260,-102,860,62,399,14,12,191,-3.560638
5260,-102,860,62,399,14,10,190,-3.959457
5260,-102,863,62,399,15,10,191,-2.101372
5260,-102,857,62,399,14,11,190,-3.388855
5260,-102,859,62,399,14,11,191,-3.038513
5260,-102,857,62,399,13,10,190,-4.371338
5260,-102,857,62,399,15,10,190,-2.691574
5260,-102,859,62,399,13,11,190,-4.704254
5260,-102,859,62,399,15,12,191,-3.118088
5260,-102,856,62,399,15,10,190,-2.325073
5260,-102,860,62,399,15,12,190,-2.150864
5260,-102,851,68,393,14,11,190,-4.344254
5260,-102,852,68,393,11,12,190,-6.521446
5260,-102,854,68,393,14,9,189,-3.437019
5260,-102,849,68,393,14,10,190,-3.019958
5260,-102,846,68,393,12,10,189,-5.438438
5260,-102,845,68,393,12,11,190,-5.550354
5260,-102,849,68,393,14,9,188,-2.866905
5260,-102,852,68,393,13,11,189,-4.954132
5260,-102,849,68,393,12,11,190,-4.974007
5260,-102,850,68,393,14,12,190,-2.963417
5260,-102,847,68,393,14,10,189,-3.478958
5260,-102,849,68,393,14,12,190,-3.279877
5260,-102,847,68,393,14,13,191,-3.611542
5260,-102,849,68,393,12,12,189,-5.495003
5260,-102,852,68,393,15,11,190,-2.846748
5260,-102,843,68,393,14,13,190,-3.218460
5260,-102,848,68,393,12,11,190,-5.875580
5260,-102,850,68,393,13,11,190,-4.200256
5260,-102,850,68,393,12,12,190,-5.245056
5260,-102,847,68,393,14,11,189,-3.307365
5260,-102,846,68,393,13,12,190,-4.319412
5260,-102,849,68,393,15,10,190,-2.028458
5260,-102,851,68,393,16,10,189,-1.130829
5260,-102,846,68,393,14,11,191,-3.269348
5260,-102,836,68,393,12,11,189,-5.804863
5260,-102,846,68,393,12,11,189,-5.115341
5260,-102,849,68,393,15,11,189,-2.281662
5260,-102,846,68,393,14,11,190,-2.893433
5260,-102,846,68,393,13,13,191,-4.319550
5260,-102,848,68,393,12,11,190,-5.136703
5260,-102,844,68,393,13,11,188,-4.021484
5260,-102,844,68,393,14,12,190,-2.948952
5260,-102,849,68,393,13,11,191,-3.908943
5260,-102,846,68,393,13,12,190,-4.540848
5260,-102,848,68,393,13,11,189,-4.345688
5260,-102,847,68,393,15,12,190,-3.433113
5260,-102,855,68,393,12,12,191,-5.170975
5260,-102,848,68,393,15,12,190,-2.144897
5260,-102,846,68,393,13,9,190,-4.235947
5260,-102,848,68,393,13,12,189,-4.224899
5260,-102,840,68,393,14,13,190,-3.545357
5260,-102,849,68,393,14,9,190,-3.353577
5260,-102,848,68,393,12,9,189,-6.011642
5260,-102,850,68,393,14,11,190,-3.176376
5260,-102,848,68,393,12,12,190,-5.631104
5260,-102,853,68,393,13,10,189,-4.503967
5260,-102,843,68,393,14,11,190,-3.064522
5260,-102,851,68,393,12,11,190,-5.860901
5260,-102,849,68,393,14,11,189,-4.385117
5260,-102,847,68,393,14,8,189,-3.035965
5260,-102,847,68,393,13,12,190,-4.027252
5260,-102,847,68,393,14,11,188,-3.132286
5260,-102,851,68,393,13,9,190,-4.255920
5260,-102,845,68,393,11,11,190,-6.299469
5260,-102,846,68,393,14,11,188,-3.409576
5260,-102,846,68,393,15,12,190,-2.641037
5260,-102,847,68,393,13,10,189,-4.359940
5260,-102,845,68,393,13,9,188,-4.228378
5260,-102,852,68,393,14,11,190,-3.512115
5260,-102,854,68,393,13,13,191,-4.394714
5260,-102,857,62,398,11,11,190,-6.094772
5260,-102,861,62,398,13,11,191,-4.269791
5260,-102,862,62,398,14,10,190,-3.314041
5260,-102,859,62,398,14,12,190,-3.133652
5260,-102,860,62,398,12,11,191,-5.289169
5260,-102,862,62,398,13,13,190,-4.016235
5260,-102,858,62,398,14,12,190,-3.475044
5260,-102,858,62,398,13,10,191,-4.303909
5260,-102,862,62,398,13,10,190,-5.077782
5260,-102,861,62,398,12,11,190,-5.347076
5260,-102,864,62,398,15,9,191,-3.086670
5260,-102,855,62,398,15,14,190,-2.139633
5260,-102,856,62,398,12,11,191,-5.199585
5260,-102,863,62,398,12,13,192,-5.608521
5260,-102,860,62,398,11,14,190,-6.260254
5260,-102,857,62,398,14,11,190,-3.035217
5260,-102,860,62,398,14,10,191,-3.314667
5260,-102,857,62,398,13,10,189,-4.678650
5260,-102,857,62,398,13,11,191,-4.303482
5260,-102,859,62,398,15,11,191,-2.304520
5260,-102,859,62,398,13,9,190,-5.052490
5260,-102,859,62,398,13,12,190,-4.676147
5260,-102,860,62,398,12,12,190,-5.733040
5260,-102,860,62,398,12,13,190,-5.336761
5260,-102,861,62,398,11,13,192,-6.438278
5260,-102,862,62,398,14,10,189,-3.319626
5260,-102,860,62,398,13,10,189,-4.930359
5260,-102,860,62,398,15,10,191,-2.782265
5260,-102,865,62,398,13,11,190,-4.068237
5260,-102,860,62,398,12,11,190,-6.079712
5260,-102,858,62,398,14,10,190,-3.693298
5260,-102,857,62,398,14,11,190,-3.750839
5260,-102,858,62,398,12,11,190,-5.243988
5260,-102,859,62,398,13,13,191,-4.149178
5260,-102,859,62,398,13,12,190,-4.390076
5260,-102,859,62,398,13,10,188,-4.545898
5260,-102,863,62,398,14,12,191,-3.321732
5260,-102,855,62,398,14,11,189,-3.213165
5260,-102,861,62,398,15,10,190,-2.215202
5260,-102,859,62,398,14,11,191,-3.217270
5260,-102,859,62,398,13,11,191,-4.536484
5260,-102,857,62,398,13,11,190,-4.123146
5260,-102,861,62,398,15,11,191,-2.455826
5260,-102,857,62,398,12,11,190,-5.700516
5260,-102,854,62,398,13,11,190,-4.149979
5260,-102,859,62,398,12,11,191,-5.404785
5260,-102,861,62,398,13,12,190,-5.040619
5260,-102,862,62,398,13,10,191,-4.243134
5260,-102,859,62,398,13,13,190,-4.495598
5260,-102,862,62,398,13,10,191,-3.973480
5260,-102,857,62,398,13,10,190,-4.129105
5260,-102,862,62,398,13,10,190,-5.040436
5260,-102,861,62,398,13,11,190,-4.129341
5260,-102,860,62,398,12,10,190,-5.344475
5260,-102,862,62,398,13,12,190,-4.161469
5260,-102,859,62,398,13,12,189,-4.176476
5260,-102,856,62,398,15,10,190,-2.145187
5260,-102,858,62,398,13,13,191,-4.119125
5260,-102,856,62,398,13,9,190,-4.468689
5260,-102,858,62,398,15,14,191,-2.522102
5260,-102,860,62,398,14,10,191,-3.398438
5260,-102,860,62,398,12,12,190,-5.303032
5260,-102,859,62,398,13,11,191,-4.197021
5260,-102,857,62,398,14,12,190,-3.201729
5260,-102,861,62,398,13,12,190,-4.363693
5260,-102,860,62,398,15,12,190,-2.025085
5260,-102,857,62,398,14,12,190,-3.357407
5260,-102,860,62,398,14,10,189,-3.178116
5260,-102,864,62,398,12,14,191,-5.434372
5260,-102,860,62,398,13,11,190,-5.060104
5260,-102,863,62,398,16,8,189,-1.014114
5260,-102,858,62,398,13,11,191,-4.433716
5260,-102,861,62,398,13,11,191,-4.190140
5260,-102,859,62,398,12,11,190,-5.257477
5260,-102,863,62,398,14,11,191,-3.030045
5260,-102,861,62,398,13,14,190,-4.117706
5260,-102,859,62,398,13,11,190,-4.006531
5260,-102,859,62,398,13,9,191,-4.023338
5260,-102,859,62,398,12,10,190,-5.333252
5260,-102,857,62,398,13,11,190,-4.111031
5260,-102,861,62,398,12,12,191,-6.121948
5260,-102,860,62,398,13,13,190,-4.690475
5260,-102,860,62,398,13,10,189,-4.972786
5260,-102,861,62,398,14,11,191,-2.995644
5260,-102,861,62,399,13,11,191,-4.026161
5260,-102,861,62,399,13,12,192,-4.584564
5260,-102,863,62,399,14,12,191,-3.017860
5260,-102,861,62,399,15,11,190,-2.228508
5260,-102,861,62,399,13,9,191,-5.046021
5260,-102,864,62,399,13,12,191,-4.582184
5260,-102,855,62,399,12,11,189,-5.936539
5260,-102,857,62,399,14,11,191,-2.939384
5260,-102,859,62,399,12,12,191,-5.324951
5260,-102,862,62,399,11,11,191,-6.024261
5260,-102,860,62,399,15,13,191,-2.076752
5260,-102,859,62,399,14,12,191,-3.495941
5260,-102,859,62,399,12,11,191,-5.368782
5260,-102,859,62,399,13,12,191,-4.391937
5260,-102,860,62,399,12,11,191,-5.342163
5260,-102,859,62,399,14,11,190,-3.255600
5260,-102,859,62,399,13,11,190,-4.197586
5260,-102,854,62,399,13,11,190,-4.339218
5260,-102,858,62,399,13,12,190,-4.171646
5260,-102,858,62,399,14,12,191,-3.594742
5260,-102,858,62,399,13,11,191,-5.083351
5260,-102,858,62,399,16,12,190,-1.269913
5260,-102,860,62,399,15,12,192,-2.319153
5260,-102,849,62,399,12,13,191,-5.396622
5260,-102,854,62,399,14,11,191,-3.255844
5260,-102,861,62,399,14,11,192,-3.578888
5260,-102,863,62,399,14,12,191,-3.206635
5260,-102,858,62,399,14,11,191,-3.358582
5260,-102,859,62,399,15,11,191,-2.389572
5260,-102,860,62,399,14,12,191,-3.050522
5260,-102,862,62,399,14,11,191,-3.099899
5260,-102,859,62,399,13,10,191,-4.310654
5260,-102,860,62,399,13,14,191,-4.063232
5260,-102,861,62,399,15,9,191,-2.719055
5260,-102,857,62,399,15,11,191,-2.312889
5260,-102,864,62,399,12,11,191,-5.143211
5260,-102,859,62,399,13,11,191,-5.106873
5260,-102,860,62,399,15,12,192,-2.148773
5260,-102,860,62,399,15,13,190,-2.187439
5260,-102,860,62,399,14,12,191,-3.307495
5260,-102,857,62,399,13,11,192,-4.125549
5260,-102,861,62,399,11,11,191,-6.202019
5260,-102,861,62,399,13,11,191,-4.377563
5260,-102,859,62,399,15,11,191,-2.086212
5260,-102,860,62,399,12,11,191,-5.543091
5260,-102,858,62,399,14,13,191,-3.408569
5260,-102,862,62,399,14,12,191,-3.073524
5260,-102,862,62,399,12,12,191,-5.398895
5260,-102,859,62,399,15,10,191,-2.354141
5260,-102,861,62,399,15,10,190,-2.328163
5260,-102,861,62,399,15,11,191,-2.517334
5260,-102,861,62,399,13,11,192,-4.291580
5260,-102,863,62,399,13,12,191,-4.109406
5260,-102,857,62,399,14,10,189,-3.995758
5260,-102,860,62,399,16,13,191,-1.066643
5260,-102,858,62,399,14,13,192,-3.268349
5260,-102,860,62,399,13,11,191,-4.604782
5260,-102,857,62,399,13,12,191,-4.999268
5260,-102,862,62,399,14,11,191,-3.027863
5260,-102,859,62,399,13,11,190,-4.370193
5260,-102,864,62,399,16,11,191,-0.896820
5260,-102,863,62,399,14,10,190,-3.137848
5260,-102,863,62,399,15,11,190,-1.885071
5260,-102,859,62,399,14,9,191,-4.054306
5260,-102,862,62,399,14,13,192,-4.130798
5260,-102,864,62,399,15,11,190,-2.335678
5260,-102,862,62,399,15,10,192,-2.427589
5260,-102,861,62,399,11,12,191,-6.277359
5260,-102,859,62,399,14,12,190,-3.163162
5260,-102,857,62,399,14,10,190,-3.306107
5260,-102,859,62,399,14,11,191,-3.654060
5260,-102,864,62,399,14,12,192,-4.087036
5260,-102,864,62,399,15,12,191,-2.402512
5260,-102,863,62,399,14,10,190,-2.967255
5260,-102,864,62,399,14,11,191,-3.385437
5260,-102,859,62,399,12,11,191,-5.265442
5260,-102,864,62,399,14,12,191,-3.602478
5260,-102,861,62,399,14,13,192,-3.244431
5260,-102,860,62,399,14,11,191,-3.264496
5260,-102,858,62,399,13,10,190,-4.196411
5260,-102,860,62,399,14,12,191,-3.232224
5260,-102,861,62,399,15,11,191,-2.731140
5260,-102,868,59,402,13,9,191,-4.136292
5260,-102,870,59,402,13,12,193,-4.937439
5260,-102,866,59,402,14,14,193,-3.441086
5260,-102,870,59,402,15,11,192,-2.565613
5260,-102,867,59,402,14,9,192,-3.152969
5260,-102,850,65,395,13,12,190,-4.128029
5260,-102,850,65,395,13,10,189,-4.837372
5260,-102,850,65,395,13,12,190,-4.209320
5260,-102,855,65,395,13,13,190,-4.441605
5260,-102,852,65,395,14,12,190,-3.675606
5260,-102,856,65,395,14,12,191,-3.987808
5260,-102,851,65,395,15,12,190,-2.137222
5260,-102,853,65,395,13,11,189,-4.004791
5260,-102,855,65,395,13,10,191,-4.699356
5260,-102,853,65,395,13,12,190,-4.286789
5260,-102,857,65,395,14,10,189,-3.397537
5260,-102,859,65,395,13,11,190,-4.694511
5260,-102,854,65,395,13,12,190,-4.433563
5260,-102,850,65,395,11,11,189,-6.608185
5260,-102,856,65,395,13,11,191,-4.630768
5260,-102,850,65,395,13,10,189,-4.320625
5260,-102,855,65,395,14,11,190,-3.236450
5260,-102,853,65,395,14,10,191,-3.181717
5260,-102,852,65,395,13,12,190,-4.450424
5260,-102,859,65,395,13,11,190,-4.157906
5260,-102,852,65,395,12,11,190,-5.149689
5260,-102,852,65,395,13,9,190,-4.026276
5260,-102,855,65,395,14,11,190,-3.170563
5260,-102,852,65,395,14,11,190,-3.028473
5260,-102,849,65,395,12,8,188,-5.555008
5260,-102,851,65,395,11,10,189,-7.208450
5260,-102,853,65,395,12,12,190,-5.639107
5260,-102,854,65,395,12,11,190,-5.248856
5260,-102,852,65,395,12,11,190,-5.016174
5260,-102,847,65,395,13,11,190,-4.151871
5260,-102,851,65,395,14,11,189,-3.823700
5260,-102,855,65,395,12,10,190,-4.990952
5260,-102,854,65,395,13,12,190,-4.548553
5260,-102,856,65,395,12,11,190,-4.850441
5260,-102,853,65,395,14,11,190,-3.168030
5260,-102,851,65,395,13,12,190,-4.479439
5260,-102,852,65,395,14,14,190,-3.960037
5260,-102,856,65,395,13,9,190,-4.413696
5260,-102,854,65,395,12,11,190,-5.418991
5260,-102,851,65,395,14,10,189,-3.249680
5260,-102,854,65,395,13,9,191,-4.733292
5260,-102,854,65,395,13,13,190,-4.300613
5260,-102,856,65,395,15,11,189,-2.353424
5260,-102,855,65,395,16,10,190,-1.201622
5260,-102,851,65,395,14,11,191,-3.215385
5260,-102,853,65,395,13,11,190,-4.118126
5260,-102,853,65,395,14,13,191,-3.100067
5260,-102,857,65,395,14,13,190,-2.883759
5260,-102,853,65,395,13,12,190,-4.228043
5260,-102,857,65,395,12,10,190,-5.302368
5260,-102,853,65,395,13,9,189,-4.816193
5260,-102,854,65,395,15,10,190,-2.131226
5260,-102,847,65,395,14,13,190,-3.661850
5260,-102,853,65,395,11,12,191,-6.277756
5260,-102,848,65,395,14,11,190,-3.186180
5260,-102,852,65,395,13,10,191,-4.016891
5260,-102,854,65,395,13,10,190,-4.876282
5260,-102,852,65,395,12,11,190,-5.340805
5260,-102,851,65,395,13,10,190,-3.969009
5260,-102,854,65,395,13,10,189,-4.252808
5260,-102,857,65,395,12,14,191,-5.205215
5260,-102,857,65,395,12,11,190,-5.344635
5260,-102,853,65,395,13,11,190,-4.528488
5260,-102,855,65,395,12,11,190,-5.470261
5260,-102,854,65,395,13,11,190,-4.265900
5260,-102,854,65,395,13,12,190,-4.140564
5260,-102,857,65,395,13,12,189,-4.219872
5260,-102,852,65,395,14,9,190,-3.675972
5260,-102,849,65,395,13,12,190,-4.416840
5260,-102,850,65,395,12,13,190,-5.259186
5260,-102,857,65,395,14,12,189,-3.605331
5260,-102,856,65,395,12,11,190,-5.212463
5260,-102,857,65,395,14,11,191,-4.272217
5260,-102,853,65,395,13,12,190,-4.579453
5260,-102,854,65,395,14,10,189,-3.512329
5260,-102,855,65,395,13,12,191,-3.978561
5260,-102,854,65,395,14,10,190,-3.235420
5260,-102,857,65,395,13,13,190,-4.563492
5260,-102,854,65,395,15,11,191,-2.067230
5260,-102,852,65,395,12,11,190,-5.053879
5260,-102,857,65,395,13,11,190,-4.127739
5260,-102,852,65,395,13,11,190,-4.025391
5260,-102,855,65,395,12,9,189,-5.052841
5260,-102,857,65,395,14,11,190,-3.253311
5260,-102,854,65,395,13,8,189,-4.255089
5260,-102,853,65,395,13,10,189,-4.281479
5260,-102,853,65,395,12,10,190,-5.525696
5260,-102,851,65,395,13,10,190,-3.988113
5260,-102,851,65,395,11,11,190,-5.978271
5260,-102,853,65,395,12,12,189,-5.118546
5260,-102,850,65,395,15,12,190,-2.218109
5260,-102,856,65,395,11,10,189,-7.193199
5260,-102,854,65,395,14,11,190,-3.217300
5260,-102,853,65,395,14,11,190,-3.416351
5260,-102,852,65,395,11,9,190,-6.548599
5260,-102,854,65,395,14,11,190,-3.435776
5260,-102,854,65,395,14,10,190,-3.336311
5260,-102,854,65,395,13,13,189,-4.185028
5260,-102,854,65,395,14,13,190,-3.566666
5260,-102,854,65,395,12,13,190,-5.343552
5260,-102,851,65,395,12,13,191,-5.025360
5260,-102,849,65,395,14,11,190,-3.299301
5260,-102,855,65,395,14,10,190,-3.125305
5260,-102,850,65,395,15,8,187,-3.117256
5260,-102,854,65,395,14,12,191,-3.203194
5260,-102,851,65,395,11,11,190,-6.043938
5260,-102,856,65,395,14,6,188,-2.915482
5260,-102,857,65,395,12,11,190,-5.100708
5260,-102,856,65,395,12,11,190,-5.165161
5260,-102,852,65,395,14,10,189,-3.485542
5260,-102,853,65,395,15,11,190,-2.101151
5260,-102,857,65,395,12,11,190,-5.167114
5260,-102,856,65,395,15,11,190,-2.008217
5260,-102,853,65,395,14,12,191,-3.967728
5260,-102,855,65,395,11,12,190,-6.452560
5260,-102,856,65,395,13,13,190,-3.932739
5260,-102,857,65,395,15,11,190,-2.327515
5260,-102,851,65,395,13,13,190,-4.247253
5260,-102,857,65,395,14,12,190,-3.016373
5260,-102,856,65,395,12,10,190,-5.002441
5260,-102,851,65,395,11,11,190,-6.212952
5260,-102,853,65,395,15,11,189,-2.567978
5260,-102,863,62,398,14,12,191,-3.381500
5260,-102,858,62,398,14,11,190,-3.709320
5260,-102,856,62,398,15,12,190,-2.728439
5260,-102,857,62,398,13,9,190,-4.512787
5260,-102,862,62,398,11,11,190,-6.686882
5260,-102,862,62,398,13,13,190,-4.660172
5260,-102,861,62,398,13,11,190,-4.096191
5260,-102,862,62,398,13,11,190,-4.369843
5260,-102,857,62,398,15,12,190,-2.264267
5260,-102,861,62,398,16,14,191,-1.028603
5260,-102,855,62,398,14,12,189,-3.692291
5260,-102,863,62,398,14,12,190,-3.337692
5260,-102,858,62,398,13,10,190,-4.135300
5260,-102,861,62,398,15,10,190,-2.054382
5260,-102,860,62,398,14,12,191,-3.135162
5260,-102,859,62,398,15,11,190,-2.244766
5260,-102,860,62,398,13,10,190,-5.028824
5260,-102,861,62,398,13,11,191,-4.008179
5260,-102,860,62,398,12,13,190,-6.068008
5260,-102,862,62,398,13,11,190,-4.019974
5260,-102,857,62,398,15,12,190,-2.515907
5260,-102,862,62,398,14,13,192,-3.248703
5260,-102,861,62,398,11,11,190,-6.717545
5260,-102,856,62,398,13,12,191,-5.189011
5260,-102,853,62,398,13,9,189,-4.082718
5260,-102,857,62,398,14,12,191,-3.186020
5260,-102,859,62,398,14,11,191,-3.332420
5260,-102,856,62,398,13,12,190,-4.129288
5260,-102,858,62,398,13,10,190,-4.666275
5260,-102,859,62,398,14,11,191,-3.463074
5260,-102,856,62,398,14,12,191,-3.135757
5260,-102,853,62,398,14,10,188,-3.616150
5260,-102,857,62,398,14,10,190,-3.271049
5260,-102,864,59,402,13,11,191,-4.380043
5260,-102,865,59,402,15,11,192,-2.127930
5260,-102,866,59,402,13,12,192,-4.094727
5260,-102,867,59,402,15,9,190,-2.409767
5260,-102,854,65,396,14,12,190,-3.217415
5260,-102,855,65,396,15,13,191,-2.411278
5260,-102,855,65,396,11,10,191,-6.542168
5260,-102,864,59,401,13,14,192,-4.368073
5260,-102,863,59,401,13,10,191,-4.257904
5260,-102,860,59,401,15,9,190,-2.576431
5260,-102,863,59,401,13,15,191,-4.258301
5260,-102,862,59,401,15,10,191,-2.602356
5260,-102,852,65,396,14,11,190,-3.689438
5260,-102,854,62,399,16,12,191,-1.382561
5260,-102,862,62,399,13,12,191,-4.720444
5260,-102,860,62,399,15,9,190,-2.676361
5260,-102,859,62,399,15,9,190,-2.298378
5260,-102,859,62,399,13,10,190,-4.131714
5260,-102,858,62,399,14,13,191,-4.077187
5260,-102,859,62,399,15,10,191,-2.717010
5260,-102,858,62,399,13,9,190,-4.312637
5260,-102,860,62,399,12,12,191,-5.212265
5260,-102,857,62,399,14,11,191,-3.538208
5260,-102,864,62,399,15,11,191,-2.509598
5260,-102,860,62,399,13,12,190,-4.221436
5260,-102,860,62,399,13,10,191,-4.289703
5260,-102,864,62,399,13,12,192,-4.257782
5260,-102,862,59,401,12,9,190,-5.529373
5260,-102,854,65,396,15,10,191,-2.113495
5260,-102,864,59,401,13,10,191,-4.100937
5260,-102,866,59,401,13,13,192,-4.025955
5260,-102,853,65,395,14,12,190,-3.323441
5260,-102,853,65,395,12,10,190,-5.663666
5260,-102,856,65,395,13,11,190,-3.928955
5260,-102,854,65,395,13,12,190,-4.140717
5260,-102,854,65,395,13,9,189,-4.590408
5260,-102,854,65,395,13,12,191,-4.356674
5260,-102,848,65,395,14,11,190,-2.970154
5260,-102,852,65,395,14,11,188,-3.447250
5260,-102,855,65,395,14,11,190,-3.453812
5260,-102,850,65,395,13,10,189,-4.422203
5260,-102,848,65,395,12,12,190,-5.229599
5260,-102,855,65,395,14,11,190,-3.177185
5260,-102,857,65,395,12,12,191,-5.615906
5260,-102,854,65,395,13,12,190,-4.694687
5260,-102,856,65,395,14,11,190,-3.022186
5260,-102,853,65,395,12,13,190,-5.038239
5260,-102,856,65,395,12,11,190,-6.231194
5260,-102,856,65,395,13,13,190,-4.356857
5260,-102,852,65,395,14,10,189,-3.380081
5260,-102,850,65,395,14,12,190,-2.887283
5260,-102,851,65,395,14,11,191,-3.060684
5260,-102,853,65,395,13,10,190,-4.073753
5260,-102,856,65,395,13,10,189,-4.511414
5260,-102,855,65,395,14,10,190,-3.923828
5260,-102,852,65,395,13,12,190,-4.320862
5260,-102,849,65,395,15,8,188,-2.488632
5260,-102,852,65,395,14,10,190,-3.663574
5260,-102,852,65,395,12,10,189,-5.901611
5260,-102,855,65,395,14,10,190,-3.522308
5260,-102,856,65,395,14,12,191,-3.676575
5260,-102,854,65,395,13,9,189,-4.261345
5260,-102,849,65,395,13,11,190,-4.467468
5260,-102,850,65,395,12,11,190,-5.167297
5260,-102,853,65,395,13,13,190,-4.197433
5260,-102,849,65,395,14,11,190,-3.427322
5260,-102,853,65,395,13,11,190,-4.582779
5260,-102,865,59,402,12,10,191,-5.172943
5260,-102,866,59,402,13,15,193,-4.322350
5260,-102,870,59,402,14,13,193,-3.076027
5260,-102,865,59,402,12,11,192,-5.195038
5260,-102,869,59,402,13,11,192,-4.569519
5260,-102,867,59,402,13,11,192,-4.266998
5260,-102,866,59,402,15,10,191,-2.110840
5260,-102,857,65,395,13,11,190,-4.569733
5260,-102,856,65,395,13,12,191,-4.165352
5260,-102,852,65,395,11,11,190,-6.168945
5260,-102,847,65,395,12,10,190,-5.117294
5260,-102,851,65,395,14,11,190,-3.535583
5260,-102,847,65,395,13,13,191,-4.745071
5260,-102,851,65,395,14,12,190,-3.705429
5260,-102,847,65,395,13,11,190,-4.506958
5260,-102,853,65,395,15,10,189,-2.587570
5260,-102,857,65,395,12,12,191,-5.113655
5260,-102,856,65,395,13,11,190,-4.269821
5260,-102,855,65,395,12,11,190,-5.434731
5260,-102,860,62,399,15,10,191,-2.146439
5260,-102,863,62,399,13,9,190,-4.311081
5260,-102,862,62,399,14,12,191,-3.571999
5260,-102,861,62,399,15,10,190,-1.968704
5260,-102,864,62,399,14,12,190,-3.663620
5260,-102,858,62,399,15,10,190,-2.147247
5260,-102,862,62,399,15,11,192,-2.439064
5260,-102,859,62,399,11,10,190,-6.169647
5260,-102,861,62,399,14,13,191,-3.161270
5260,-102,859,62,399,13,13,191,-4.271919
5260,-102,857,62,399,14,12,190,-3.236809
5260,-102,859,62,399,14,10,191,-3.537735
5260,-102,862,62,399,16,12,191,-1.533768
5260,-102,860,62,399,14,10,190,-3.997078
5260,-102,859,62,399,14,10,191,-3.219452
5260,-102,863,62,399,15,12,191,-3.070663
5260,-102,864,62,399,14,11,190,-3.468826
5260,-102,857,62,399,14,14,191,-3.280960
5260,-102,860,62,399,13,13,191,-5.011993
5260,-102,860,62,399,14,11,191,-2.983490
5260,-102,861,62,399,14,12,191,-3.282135
5260,-102,860,62,399,13,11,191,-4.400833
5260,-102,862,62,399,12,12,191,-5.706284
5260,-102,858,62,399,13,13,191,-4.169678
5260,-102,858,62,399,15,11,192,-2.585121
5260,-102,857,62,399,11,12,191,-6.144417
5260,-102,854,62,399,14,10,191,-3.245010
5260,-102,860,62,399,13,12,190,-5.049088
5260,-102,857,62,399,14,9,188,-3.375824
5260,-102,859,62,399,13,12,192,-4.248962
5260,-102,861,62,399,13,8,191,-4.256989
5260,-102,861,62,399,14,9,190,-3.124680
5260,-102,858,62,399,15,11,190,-2.674301
5260,-102,862,62,399,14,10,190,-4.032303
5260,-102,860,62,399,14,11,192,-2.882172
5260,-102,860,62,399,15,10,192,-1.930008
5260,-102,861,62,399,13,10,190,-4.999786
5260,-102,862,62,399,14,11,191,-2.999680
5260,-102,863,62,399,14,10,191,-3.161942
5260,-102,863,62,399,15,11,190,-2.108894
5260,-102,856,62,399,13,10,190,-4.260208
5260,-102,860,62,399,13,12,192,-4.348633
5260,-102,860,62,399,15,12,191,-2.102921
5260,-102,858,62,399,13,12,190,-4.332153
5260,-102,862,62,399,15,13,191,-2.042053
5260,-102,863,62,399,13,10,192,-4.580673
5260,-102,861,62,399,14,10,190,-3.526581
5260,-102,862,62,399,15,13,192,-2.020630
5260,-102,859,62,399,13,12,190,-4.368942
5260,-102,858,62,399,14,12,191,-3.376137
5260,-102,859,62,399,12,11,190,-5.308281
5260,-102,857,62,399,14,8,190,-2.805916
5260,-102,860,62,399,16,7,190,-1.977989
5260,-102,854,62,399,14,10,190,-3.311790
5260,-102,862,62,399,14,14,191,-2.981705
5260,-102,859,62,399,15,11,190,-2.656693
5260,-102,861,62,399,13,10,191,-4.050476
5260,-102,860,62,399,13,12,190,-4.102333
5260,-102,856,62,399,14,10,192,-3.328400
5260,-102,859,62,399,16,11,190,-1.155075
5260,-102,859,62,399,14,10,190,-3.651016
5260,-102,856,62,399,13,11,191,-5.106560
5260,-102,860,62,399,13,10,191,-4.264297
5260,-102,858,62,399,14,9,190,-3.208267
5260,-102,860,62,399,14,10,191,-3.067734
5260,-102,859,62,399,12,12,192,-5.311569
5260,-102,860,62,399,13,10,191,-4.549324
5260,-102,859,62,399,13,11,191,-4.115074
5260,-102,859,62,399,13,10,190,-4.003906
5260,-102,862,62,399,14,12,191,-3.365486
5260,-102,864,62,399,15,13,192,-1.931732
5260,-102,859,62,399,14,9,190,-3.462914
5260,-102,858,62,399,14,10,190,-3.073471
5260,-102,855,62,399,16,10,191,-1.264313
5260,-102,863,62,399,12,10,191,-5.226135
5260,-102,863,62,399,14,11,191,-3.178589
5260,-102,863,62,399,13,11,192,-4.017456
5260,-102,863,62,399,13,11,191,-3.916298
5260,-102,860,62,399,14,10,190,-2.877831
5260,-102,859,62,399,14,11,191,-3.271622
5260,-102,859,62,399,14,12,191,-3.059799
5260,-102,859,62,399,14,9,190,-4.007477
5260,-102,860,62,399,11,10,191,-6.205017
5260,-102,859,62,399,14,11,189,-3.403015
5260,-102,861,62,399,14,11,191,-3.033760
5260,-102,860,62,399,14,13,191,-2.997589
5260,-102,853,62,399,13,11,189,-4.154892
5260,-102,856,62,399,15,12,190,-2.513367
5260,-102,857,62,399,12,11,191,-5.339508
5260,-102,858,62,399,12,12,191,-5.023308
5260,-102,859,62,399,13,14,192,-4.448242
5260,-102,858,62,399,16,10,190,-1.994949
5260,-102,861,62,399,12,10,190,-5.618767
5260,-102,863,59,402,15,10,191,-2.905762
5260,-102,865,59,402,15,13,192,-2.107819
5260,-102,858,59,402,14,9,189,-3.793015
5260,-102,864,59,402,14,12,192,-3.424377
5260,-102,863,59,402,14,12,192,-3.960358
5260,-102,863,59,402,14,10,191,-3.861740
5260,-102,864,59,402,16,12,192,-0.973404
5260,-102,865,59,402,14,9,192,-2.924782
5260,-102,863,59,402,14,12,192,-3.432907
5260,-102,867,59,402,14,11,193,-3.044724
5260,-102,855,65,395,14,12,190,-3.151657
5260,-102,868,59,402,14,10,192,-3.998055
5260,-102,864,59,402,14,10,192,-3.625359
5260,-102,868,59,402,15,10,192,-2.392883
5260,-102,867,59,402,15,12,191,-2.153610
5260,-102,863,59,402,14,8,191,-3.907639
5260,-102,862,59,401,14,11,191,-3.267883
5260,-102,864,59,401,15,10,192,-2.320282
5260,-102,866,59,401,14,12,192,-3.069061
5260,-102,864,59,401,14,13,191,-3.023232
5260,-102,865,59,401,13,14,192,-4.336395
5260,-102,864,59,401,15,10,192,-2.421501
5260,-102,864,59,401,12,10,191,-5.952301
5260,-102,862,59,401,15,11,191,-2.205452
5260,-102,864,59,402,15,8,191,-2.535385
5260,-102,863,59,402,13,10,191,-4.927200
5260,-102,868,59,402,14,13,193,-3.467636
5260,-102,868,59,402,16,12,192,-1.574242
5260,-102,864,59,402,13,12,192,-4.928726
5260,-102,865,59,402,15,11,192,-2.034470
5260,-102,854,65,395,13,11,190,-4.547508
5260,-102,866,59,402,13,10,191,-4.357231
5260,-102,867,59,402,15,11,192,-2.236191
5260,-102,866,59,402,14,11,191,-3.110687
5260,-102,865,59,402,15,11,191,-1.859818
5260,-102,868,59,402,16,11,193,-0.947945
5260,-102,867,59,402,14,9,191,-3.871620
5260,-102,867,59,402,13,13,192,-4.093567
5260,-102,864,59,402,15,11,192,-2.583710
5260,-102,865,59,402,16,10,192,-1.081345
5260,-102,867,59,402,14,10,192,-3.881935
5260,-102,865,59,402,14,10,192,-3.456985
5260,-102,858,59,402,14,11,192,-3.606476
5260,-102,865,59,402,16,9,191,-1.501083
5260,-102,864,59,402,13,12,192,-4.230270
5260,-102,864,59,402,12,11,191,-5.536018
5260,-102,864,59,402,14,12,192,-3.595642
5260,-102,865,59,402,13,12,192,-4.423111
5260,-102,865,59,402,15,11,192,-2.556953
5260,-102,866,59,402,15,9,191,-2.508400
5260,-102,861,59,402,15,11,192,-2.210220
5260,-102,853,65,395,14,11,190,-3.362823
5260,-102,855,65,395,13,13,190,-4.198494
5260,-102,855,65,395,13,12,190,-4.362862
5260,-102,851,65,395,12,11,190,-5.136360
5260,-102,852,65,395,13,11,190,-4.475677
5260,-102,864,59,402,15,11,192,-1.971466
5260,-102,862,59,402,15,10,191,-2.890251
5260,-102,862,59,402,14,11,191,-3.542404
5260,-102,865,59,402,13,9,192,-4.917862
5260,-102,865,59,401,13,11,190,-4.312180
5260,-102,865,59,401,13,10,191,-4.271065
5260,-102,863,59,401,13,10,191,-4.385025
5260,-102,863,59,401,14,10,191,-3.360138
5260,-102,863,59,401,16,10,192,-1.168320
5260,-102,863,59,401,14,12,192,-3.196960
5260,-102,864,59,401,13,11,191,-4.593491
5260,-102,867,59,401,14,10,192,-3.214279
5260,-102,866,59,401,14,11,191,-3.498756
5260,-102,866,59,401,13,11,190,-4.306885
5260,-102,862,59,401,14,11,192,-4.013306
5260,-102,858,59,401,14,12,191,-3.153030
5260,-102,861,59,401,15,11,190,-1.930313
5260,-102,863,59,401,13,12,192,-4.429771
5260,-102,863,59,401,14,11,191,-3.249763
5260,-102,859,62,399,14,13,192,-3.314072
5260,-102,857,62,399,13,11,191,-4.194489
5260,-102,858,62,399,13,12,191,-3.808632
5260,-102,858,62,399,13,12,191,-4.294830
5260,-102,860,62,399,14,12,191,-3.109680
5260,-102,857,62,399,13,12,190,-5.050751
5260,-102,860,62,399,16,13,191,-1.372955
5260,-102,854,62,399,14,12,191,-2.901215
5260,-102,860,62,399,12,10,190,-5.513512
5260,-102,861,62,399,15,10,191,-1.945534
5260,-102,856,62,399,13,12,191,-3.947983
5260,-102,857,62,399,12,12,191,-5.714264
5260,-102,857,62,399,13,12,191,-4.187004
5260,-102,859,62,399,13,12,191,-4.534927
5260,-102,856,62,399,14,11,190,-3.370010
5260,-102,854,62,399,15,13,192,-2.374084
5260,-102,854,62,399,13,13,191,-4.747803
5260,-102,854,62,399,14,10,189,-3.262848
5260,-102,860,62,399,15,12,191,-2.133438
5260,-102,858,62,399,14,12,191,-3.090164
5260,-102,856,62,399,12,11,190,-5.227219
5260,-102,857,62,399,13,12,192,-4.312088
5260,-102,851,62,399,14,11,191,-3.545120
5260,-102,858,62,399,13,9,191,-5.072418
5260,-102,857,62,399,14,11,192,-2.900177
5260,-102,856,62,399,13,11,191,-4.063637
5260,-102,857,62,399,14,11,191,-3.188904
5260,-102,859,62,399,14,9,191,-3.226791
5260,-102,859,62,399,14,12,191,-2.992096
5280,-102,855,62,399,21,18,196,3.610626
5280,-102,857,62,399,21,16,196,3.976990
5280,-102,848,62,399,21,14,195,3.542725
5280,-102,854,62,399,21,17,196,3.460068
5280,-102,861,62,399,21,14,195,3.249512
5280,-102,857,62,399,20,14,195,2.859413
5280,-102,866,62,399,20,16,196,2.634857
5280,-102,860,62,399,20,13,196,2.713860
5280,-102,856,62,399,21,13,196,3.628799
5280,-102,863,62,399,20,13,197,2.591232
5280,-102,861,62,399,20,13,194,2.971634
5280,-102,859,62,399,22,11,196,4.904709
5280,-102,856,62,399,20,15,197,2.529907
5280,-102,859,62,399,18,15,195,0.767258
5280,-102,858,62,399,22,17,196,4.132896
5280,-102,866,62,399,21,16,196,3.737320
5280,-102,861,62,399,18,15,195,0.242332
5280,-102,858,62,399,21,15,196,3.480873
5280,-102,859,62,399,21,14,196,3.700111
5280,-102,857,62,399,22,16,195,4.549850
5280,-102,858,62,399,21,15,196,2.988708
5280,-102,849,62,399,21,17,196,3.659454
5280,-102,861,62,399,20,13,196,2.685974
5280,-102,861,62,399,21,16,196,3.313744
5280,-102,860,62,399,21,17,196,2.630707
5280,-102,859,62,399,22,15,194,4.600555
5280,-102,859,62,399,22,14,195,4.380646
5280,-102,864,62,399,19,16,196,1.329224
5280,-102,864,62,399,19,14,195,1.820366
5280,-102,864,62,399,21,16,196,3.603882
5280,-102,860,62,399,20,20,197,2.707794
5280,-102,859,62,399,20,15,195,2.839043
5280,-102,859,62,399,20,16,196,2.373543
5280,-102,850,62,399,21,17,196,3.835815
5280,-102,857,62,399,20,11,196,2.578262
5280,-102,857,62,399,20,16,196,2.574127
5280,-102,862,62,399,20,15,195,2.987900
5280,-102,857,62,399,19,12,194,1.490662
5280,-102,857,62,399,20,19,196,2.438858
5280,-102,858,62,399,20,13,196,2.489426
5280,-102,857,62,399,21,15,194,3.497452
5280,-102,858,62,399,22,17,195,4.066437
5280,-102,864,62,399,22,13,196,4.516769
5280,-102,861,62,399,20,13,195,2.650726
5280,-102,861,62,399,21,16,197,3.246597
5280,-102,856,62,399,19,13,194,1.556198
5280,-102,866,62,399,21,12,196,3.374557
5280,-102,866,62,399,21,17,196,3.832008
5280,-102,861,62,399,20,16,195,2.463066
5280,-102,864,62,399,21,13,196,3.545975
5280,-102,855,62,399,22,19,196,4.278412
5280,-102,864,62,399,20,11,195,2.641396
5280,-102,856,62,399,21,16,196,3.945915
5280,-102,857,62,399,21,16,196,3.297714
5280,-102,863,62,399,20,14,194,2.546906
5280,-102,860,62,399,20,20,196,2.289719
5280,-102,866,62,399,21,18,197,3.526291
5280,-102,857,62,399,20,15,195,2.043747
5280,-102,860,62,399,20,16,196,2.655762
5280,-102,858,62,399,21,17,197,3.585815
5280,-102,865,62,399,20,13,195,2.787109
5280,-102,864,62,399,20,15,196,2.389206
5280,-102,856,62,399,19,16,196,1.634972
5280,-102,864,62,399,20,13,195,2.502594
5280,-102,860,62,399,21,17,196,3.147903
5280,-102,858,62,399,19,14,196,1.485443
5280,-102,862,62,399,20,15,195,2.773193
5280,-102,853,62,399,21,17,196,3.228851
5280,-102,866,62,399,20,15,196,2.821976
5280,-102,863,62,399,20,16,195,2.853699
5280,-102,865,62,399,21,18,196,3.447784
5280,-102,864,62,399,20,15,196,2.772247
5280,-102,864,62,399,20,11,195,2.718544
5280,-102,859,62,399,19,18,196,1.789459
5280,-102,864,62,399,20,12,195,2.589462
5280,-102,868,62,399,21,12,196,3.007462
5280,-102,863,62,399,21,15,195,3.636894
5280,-102,865,62,399,21,13,195,3.578125
5280,-102,860,62,399,20,12,195,2.172516
5280,-102,859,62,399,21,15,196,2.948517
5280,-102,857,62,399,19,14,195,1.533371
5280,-102,864,62,399,23,17,196,5.129990
5280,-102,857,62,399,22,15,196,3.620712
5280,-102,866,62,399,20,15,195,2.544121
5280,-102,865,62,399,20,16,197,2.878914
5280,-102,868,62,399,21,14,196,3.627327
5280,-102,864,62,399,20,15,195,1.666809
5280,-102,859,62,399,19,17,196,1.629219
5280,-102,864,62,399,21,17,196,3.440811
5280,-102,856,62,399,21,17,195,3.604515
5280,-102,866,62,399,21,18,195,2.657761
5280,-102,866,62,399,22,17,197,4.400383
5280,-102,862,62,399,20,16,195,2.168129
5280,-102,862,62,399,21,16,195,3.707474
5280,-102,859,62,399,20,18,196,2.908684
5280,-102,865,62,399,21,16,195,3.447350
5280,-102,866,62,399,22,17,196,4.160263
5280,-102,858,62,399,20,18,196,2.668716
5280,-102,862,62,399,19,16,195,1.689262
5280,-102,859,62,399,22,13,196,4.282867
5280,-102,860,62,399,20,16,196,2.755112
5280,-102,861,62,399,20,15,195,2.061478
5280,-102,866,62,399,19,14,196,1.612518
5280,-102,863,62,399,19,15,197,1.672073
5280,-102,861,62,399,19,13,195,0.699272
5280,-102,862,62,399,20,17,196,2.266388
5280,-102,857,62,399,20,12,194,2.577133
5280,-102,860,62,399,20,13,195,2.458221
5280,-102,864,62,399,21,16,196,3.307785
5280,-102,863,62,399,21,14,196,3.464127
5280,-102,864,62,399,20,15,195,2.017487
5280,-102,865,62,399,21,17,196,3.658943
5280,-102,859,62,399,22,12,195,4.019745
5280,-102,857,62,399,21,13,195,3.512360
5280,-102,859,62,399,20,14,196,2.818420
5280,-102,862,62,399,19,14,196,1.623032
5280,-102,860,62,399,21,15,197,3.856384
5280,-102,866,62,399,21,16,196,3.712746
5280,-102,863,62,399,21,12,194,2.693893
5280,-102,865,62,399,21,17,196,3.825462
5280,-102,864,62,399,22,18,197,4.585457
5280,-102,864,62,399,19,15,195,1.698318
5280,-102,864,62,399,20,15,196,2.353226
5280,-102,864,62,399,21,17,197,3.448242
5280,-102,858,62,399,18,14,194,0.041885
5280,-102,863,62,399,21,18,196,3.405525
5280,-102,860,62,399,21,14,195,3.553085
5280,-102,860,62,399,19,12,194,1.378830
5280,-102,859,62,399,20,16,196,2.123848
5280,-102,866,62,399,19,16,195,1.778534
5280,-102,861,62,399,19,16,195,1.668503
5280,-102,854,62,399,21,16,196,3.722763
5280,-102,861,62,399,20,14,196,2.770805
5280,-102,861,62,399,20,17,196,2.329025
5280,-102,867,62,399,21,17,197,3.421280
5280,-102,858,62,399,18,17,196,0.814514
5280,-102,856,62,399,19,15,195,1.666794
5280,-102,863,62,399,20,14,197,2.737991
5280,-102,860,62,399,21,14,195,3.459686
5280,-102,854,62,399,19,13,195,1.439682
5280,-102,860,62,399,20,16,196,2.695946
5280,-102,864,62,399,20,15,196,2.154106
5280,-102,865,62,399,21,13,196,3.795219
5280,-102,854,62,399,20,17,196,2.506119
5280,-102,859,62,399,21,12,194,3.247421
5280,-102,854,62,399,22,15,196,4.703476
5280,-102,856,62,399,23,18,196,5.470261
5280,-102,865,62,399,20,16,195,2.180275
5280,-102,863,62,399,20,17,196,2.818527
5280,-102,864,62,399,19,17,196,1.014465
5280,-102,861,62,399,21,14,196,3.848083
5280,-102,860,62,399,20,15,196,2.135468
5280,-102,864,62,399,18,17,197,0.530556
5280,-102,865,62,399,20,15,196,2.491638
5280,-102,864,62,399,22,15,197,4.846954
5280,-102,864,62,399,21,15,196,3.942825
5280,-102,858,62,399,21,15,194,3.394791
5280,-102,861,62,399,22,18,196,4.393646
5280,-102,866,62,399,21,16,196,3.338623
5280,-102,859,62,399,21,14,194,3.663536
5280,-102,854,62,399,21,17,196,3.597603
5280,-102,862,62,399,21,16,196,3.832077
5280,-102,863,62,399,20,17,195,2.712837
5280,-102,865,62,399,20,16,196,2.173569
5280,-102,862,62,399,20,15,196,2.908211
5280,-102,857,62,399,20,15,195,2.588791
5280,-102,862,62,399,22,19,197,4.070938
5280,-102,862,62,399,21,15,196,4.030075
5280,-102,863,62,399,20,13,195,1.962547
5280,-102,861,62,399,20,18,197,2.806282
5280,-102,860,62,399,20,14,195,2.696434
5280,-102,860,62,399,20,11,196,2.663010
5280,-102,864,62,399,21,15,196,3.425903
5280,-102,859,62,399,20,12,195,2.012497
5280,-102,859,62,399,21,12,195,3.492706
5280,-102,864,62,399,20,18,196,2.497833
5280,-102,864,62,399,20,12,195,2.472458
5280,-102,858,62,399,22,16,196,4.754791
5280,-102,859,62,399,20,13,195,2.189766
5280,-102,864,62,399,20,12,194,2.751060
5280,-102,862,62,399,20,16,196,2.740036
5280,-102,866,62,399,21,17,197,3.489517
5280,-102,864,62,399,20,14,195,2.653702
5280,-102,861,62,399,22,17,196,4.637985
5280,-102,859,62,399,20,15,196,2.753952
5280,-102,856,62,399,19,14,194,1.522446
5280,-102,860,62,399,21,13,196,3.720337
5280,-102,860,62,399,21,16,196,3.265488
5280,-102,864,62,399,17,15,195,-0.636505
5280,-102,857,62,399,22,17,196,4.621872
5280,-102,857,62,399,20,15,195,2.924042
5280,-102,852,62,399,20,15,195,2.847244
5280,-102,855,62,399,19,13,196,1.819534
5280,-102,858,62,399,19,17,195,1.752380
5280,-102,864,62,399,20,15,195,2.353760
5280,-102,864,62,399,21,16,196,3.488884
5280,-102,859,62,399,21,18,197,3.274315
5280,-102,858,62,399,20,14,195,2.007004
5280,-102,864,62,399,22,16,196,4.426796
5280,-102,858,62,399,21,15,195,3.494232
5280,-102,858,62,399,19,14,196,1.471207
5280,-102,861,62,399,21,17,196,3.099518
5280,-102,862,62,399,19,15,196,1.675262
5280,-102,857,62,399,21,11,194,3.744873
5280,-102,864,62,399,20,17,196,2.793755
5280,-102,859,62,399,20,11,194,2.390381
5280,-102,859,62,399,20,12,196,2.445984
5280,-102,858,62,399,21,15,196,3.621872
5280,-102,868,62,399,20,13,196,2.737900
5280,-102,859,62,399,21,14,196,3.329437
5280,-102,860,62,399,20,16,196,2.664711
5280,-102,860,62,399,20,15,195,2.701080
5280,-102,864,62,399,20,16,196,2.755447
5280,-102,859,62,399,21,17,196,2.924187
5280,-102,861,62,399,19,13,195,1.564850
5280,-102,864,62,399,19,19,197,1.609344
5280,-102,861,62,399,20,15,196,2.775543
5280,-102,858,62,399,19,14,194,1.235970
5280,-102,864,62,399,21,19,196,3.783760
5280,-102,851,62,399,20,17,196,2.570770
5280,-102,866,62,399,19,17,195,1.738800
5280,-102,864,62,399,21,18,197,2.560486
5280,-102,864,62,399,20,17,196,2.519394
5280,-102,862,62,399,21,14,195,3.936745
5280,-102,860,62,399,21,16,196,3.563637
5280,-102,854,62,399,22,18,196,4.496826
5280,-102,862,62,399,20,17,196,2.640495
5280,-102,867,62,399,21,17,196,3.432671
5280,-102,856,62,399,20,16,195,2.902420
5280,-102,864,62,399,17,14,196,-0.687378
5280,-102,863,62,399,21,17,196,2.635971
5280,-102,857,62,399,22,14,196,5.049774
5280,-102,854,62,399,20,15,195,1.972397
5280,-102,863,62,399,21,17,197,3.537781
5280,-102,859,62,399,20,14,196,2.609512
5280,-102,856,62,399,21,13,195,3.475388
5280,-102,862,62,399,20,16,196,2.809937
5280,-102,859,62,399,20,14,195,2.043823
5280,-102,856,62,399,21,13,195,3.320343
5280,-102,861,62,399,21,15,197,2.605789
5280,-102,860,62,399,21,12,195,3.796387
5280,-102,856,62,399,19,14,195,1.535706
5280,-102,857,62,399,21,15,196,3.271957
5280,-102,853,62,399,20,16,194,1.699348
5280,-102,854,62,399,19,18,196,1.635910
5280,-102,863,62,399,20,15,196,2.137238
5280,-102,864,62,399,21,15,196,3.819427
5280,-102,858,62,399,21,16,196,3.654083
5280,-102,861,62,399,20,13,195,2.597214
5280,-102,859,62,399,19,14,195,1.860466
5280,-102,865,62,399,21,17,196,3.889114
5280,-102,855,62,399,21,16,196,3.442062
5280,-102,854,62,399,20,13,195,1.643005
5280,-102,850,62,399,21,19,196,2.992645
5280,-102,862,62,399,19,14,196,1.710938
5280,-102,864,62,399,21,15,195,3.035522
5280,-102,857,62,399,21,15,195,3.321991
5280,-102,859,62,399,20,16,196,2.460655
5280,-102,863,62,399,21,15,195,3.863846
5280,-102,868,62,399,22,15,196,4.921570
5280,-102,864,62,399,21,15,196,3.583374
5280,-102,860,62,399,19,16,196,1.167847
5280,-102,864,62,399,19,16,196,1.621933
5280,-102,861,62,399,18,17,195,0.676147
5280,-102,859,62,399,20,16,195,2.994995
5280,-102,860,62,399,21,12,196,3.475189
5280,-102,863,62,399,23,15,196,5.727478
5280,-102,864,62,399,19,13,195,1.782051
5280,-102,864,62,399,21,16,195,3.351212
5280,-102,863,62,399,21,12,195,3.318428
5280,-102,862,62,399,20,13,196,2.445297
5280,-102,859,62,399,20,16,196,2.596237
5280,-102,857,62,399,20,12,196,2.760071
5280,-102,865,62,399,21,13,196,3.398636
5280,-102,863,62,399,19,17,196,1.310913
5280,-102,858,62,399,18,14,195,0.675735
5280,-102,864,62,399,22,15,196,4.498169
5280,-102,866,62,399,20,17,196,2.536026
5280,-102,862,62,399,20,13,195,2.515701
5280,-102,859,62,399,22,15,196,4.934662
5280,-102,856,62,399,21,16,195,3.314117
5280,-102,862,62,399,19,15,196,0.974503
5280,-102,863,62,399,21,15,196,3.312477
5280,-102,854,62,399,21,15,197,3.613380
5280,-102,856,62,399,21,14,194,3.055237
5280,-102,858,62,399,21,16,196,3.773300
5280,-102,856,62,399,21,18,196,3.147156
5280,-102,852,62,399,19,17,195,1.212479
5280,-102,864,62,399,19,14,196,0.646545
5280,-102,858,62,399,21,18,196,3.744003
5280,-102,854,62,399,19,12,195,1.750031
5280,-102,868,62,399,22,16,196,4.526611
5280,-102,862,62,399,18,16,195,0.462784
5280,-102,861,62,399,20,15,195,1.683273
5280,-102,860,62,399,22,15,196,4.446365
5280,-102,859,62,399,20,17,196,2.990318
5280,-102,859,62,399,21,15,195,3.636841
5280,-102,855,62,399,22,15,196,4.746246
5280,-102,857,62,399,21,17,196,3.813789
5280,-102,864,62,399,19,13,195,0.626816
5280,-102,864,62,399,22,15,196,4.168236
5280,-102,854,62,399,20,13,194,2.529480
5280,-102,858,62,399,21,13,195,3.981796
5280,-102,861,62,399,21,17,197,3.544380
5280,-102,856,62,399,20,14,195,2.191841
5280,-102,854,62,399,22,12,194,4.399872
5280,-102,857,62,399,21,15,196,3.383972
5280,-102,866,62,399,20,12,195,2.540726
5280,-102,861,62,399,21,12,195,3.500191
5280,-102,863,62,399,20,15,196,2.316635
5280,-102,858,62,399,20,14,195,2.346100
5280,-102,858,62,399,21,13,195,3.869904
5280,-102,864,62,399,21,13,195,3.371315
5280,-102,858,62,399,21,14,194,3.716774
5280,-102,862,62,399,22,16,195,4.958908
5280,-102,854,62,399,21,16,196,3.628365
5280,-102,861,62,399,21,14,194,4.013016
5280,-102,857,62,399,20,16,196,2.286980
5280,-102,858,62,399,20,17,197,2.505173
5280,-102,863,62,399,20,17,196,2.755646
5280,-102,854,62,399,19,15,196,1.691574
5280,-102,859,62,399,20,17,196,2.564178
5280,-102,857,62,399,20,14,196,2.303619
5280,-102,858,62,399,22,15,196,4.603485
5280,-102,866,62,399,21,15,197,3.282028
5280,-102,857,62,399,20,14,195,2.448532
5280,-102,857,62,399,23,18,196,4.944695
5280,-102,864,62,399,21,15,197,3.946274
5280,-102,863,62,399,21,15,195,3.376373
5280,-102,856,62,399,21,15,196,3.623154
5280,-102,859,62,399,19,15,196,1.505859
5280,-102,863,62,399,21,14,195,2.672546
5280,-102,853,62,399,19,16,196,1.409348
5280,-102,854,62,399,21,14,196,3.685524
5280,-102,858,62,399,21,13,195,3.619354
5280,-102,858,62,399,22,16,196,4.100967
5280,-102,854,62,399,20,11,194,2.223778
5280,-102,860,62,399,20,13,195,2.373535
5280,-102,856,62,399,22,17,197,3.916916
5280,-102,863,62,399,20,12,195,2.472221
5280,-102,854,62,399,22,15,196,4.681114
5280,-102,855,62,399,20,16,197,2.407501
5280,-102,860,62,399,19,15,195,1.608078
5280,-102,856,62,399,21,17,195,2.629044
5280,-102,860,62,399,21,15,196,3.547333
5280,-102,860,62,399,19,17,195,1.619049
5280,-102,858,62,399,20,16,196,2.869766
5280,-102,859,62,399,21,19,196,2.988708
5280,-102,859,62,399,20,15,195,2.625633
5280,-102,859,62,399,20,17,196,2.117813
5280,-102,862,62,399,20,17,195,1.998291
5280,-102,862,62,399,18,14,195,0.400642
5280,-102,863,62,399,21,18,197,3.372009
5280,-102,854,62,399,21,17,196,3.589600
5280,-102,857,62,399,18,14,195,0.713837
5280,-102,864,62,399,21,15,196,3.438156
5280,-102,864,62,399,21,16,195,3.977089
5280,-102,859,62,399,22,13,194,4.548584
5280,-102,852,62,399,20,15,196,2.691666
5280,-102,863,62,399,19,13,196,2.055229
5280,-102,856,62,399,21,12,195,3.862366
5280,-102,860,62,399,21,14,197,3.090866
5280,-102,859,62,399,20,15,197,2.763809
5280,-102,858,62,399,22,14,195,4.843727
5280,-102,864,62,399,21,14,196,3.436249
5280,-102,860,62,399,19,14,195,1.717384
5280,-102,863,62,399,20,14,196,2.012901
5280,-102,860,62,399,19,14,196,1.724472
5280,-102,857,62,399,21,11,195,3.357430
5280,-102,863,62,399,21,12,195,3.918434
5280,-102,860,62,399,20,18,196,2.436752
5280,-102,864,62,399,20,14,195,2.017639
5280,-102,866,62,399,22,16,196,5.148346
5280,-102,862,62,399,22,16,197,4.545258
5280,-102,864,62,399,21,15,195,3.204941
5280,-102,856,62,399,21,18,196,3.806580
5280,-102,850,62,399,21,14,195,3.218948
5280,-102,854,62,399,21,12,195,3.440277
5280,-102,857,62,399,21,15,196,3.584290
5280,-102,856,62,399,23,20,196,5.449570
5280,-102,852,62,399,20,17,195,2.287628
5280,-102,861,62,399,19,16,195,0.688919
5280,-102,860,62,399,22,17,196,4.471558
5280,-102,857,62,399,20,17,195,2.709824
5280,-102,861,62,399,21,20,197,3.289581
5280,-102,863,62,399,20,16,196,2.695923
5280,-102,861,62,399,20,14,195,2.753265
5280,-102,861,62,399,22,15,196,3.950974
5280,-102,858,62,399,22,17,196,4.717148
5280,-102,864,62,399,19,14,195,1.161270
5280,-102,853,62,399,20,15,197,2.244537
5280,-102,854,62,399,21,16,195,2.651337
5280,-102,857,62,399,18,16,195,0.429138
5280,-102,857,62,399,21,14,196,3.343506
5280,-102,852,62,399,21,13,195,3.912788
5280,-102,858,62,399,21,11,195,3.227493
5280,-102,860,62,399,20,16,196,2.297966
5280,-102,859,62,399,21,13,195,3.822968
5280,-102,860,62,399,21,14,195,3.494568
5280,-102,858,62,399,20,14,196,2.691925
5280,-102,856,62,399,18,13,195,0.593887
5280,-102,856,62,399,19,15,196,1.584305
5280,-102,858,62,399,20,16,196,2.638969
5280,-102,855,62,399,20,13,194,2.733429
5280,-102,862,62,399,22,16,196,4.983780
5280,-102,855,62,399,21,15,196,3.482712
5280,-102,861,62,399,20,14,195,2.211624
5280,-102,860,62,399,22,18,196,4.725235
5280,-102,855,62,399,21,19,197,3.699562
5280,-102,865,62,399,21,14,195,3.881172
5280,-102,857,62,399,22,16,195,4.625153
5280,-102,862,62,399,21,18,197,3.769333
5280,-102,854,62,399,21,15,194,3.593460
5280,-102,864,62,399,20,14,196,2.408676
5280,-102,864,62,399,22,16,196,4.299019
5280,-102,865,62,399,18,12,194,0.416367
5280,-102,863,62,399,21,15,196,3.155434
5280,-102,863,62,399,22,17,196,4.714371
5280,-102,861,62,399,21,15,195,3.199432
5280,-102,855,62,399,23,13,196,5.703278
5280,-102,856,62,399,21,17,196,3.822784
5280,-102,864,62,399,21,15,194,3.564850
5280,-102,849,62,399,21,17,195,3.668564
5280,-102,858,62,399,19,16,196,1.707428
5280,-102,856,62,399,18,13,195,0.502480
5280,-102,859,62,399,21,13,196,2.964523
5280,-102,867,62,399,21,16,197,3.568947
5280,-102,856,62,399,20,13,195,2.056168
5280,-102,860,62,399,20,14,196,2.449783
5280,-102,863,62,399,21,14,195,3.930077
5280,-102,854,62,399,20,12,195,2.156113
5280,-102,862,62,399,21,18,196,3.464447
5280,-102,868,62,399,18,15,195,0.551323
5280,-102,864,62,399,20,14,195,2.179741
5280,-102,856,62,399,18,17,196,0.592758
5280,-102,861,62,399,20,12,194,2.580971
5280,-102,864,62,399,22,16,196,4.883530
5280,-102,859,62,399,21,16,196,3.148331
5280,-102,857,62,399,19,15,195,1.430649
5280,-102,857,62,399,22,13,196,5.051636
5280,-102,864,62,399,20,19,196,2.719917
5280,-102,860,62,399,19,16,195,1.509407
5280,-102,861,62,399,19,14,195,1.831390
5280,-102,864,62,399,22,17,197,4.591721
5280,-102,854,62,399,21,13,194,3.545853
5280,-102,856,62,399,20,15,195,2.390121
5280,-102,868,62,399,22,16,196,4.856941
5280,-102,864,62,399,21,15,196,3.465691
5280,-102,864,62,399,21,16,196,3.433144
5280,-102,858,62,399,22,16,196,3.981033
5280,-102,860,62,399,19,16,195,1.205231
5280,-102,856,62,399,22,14,196,4.579010
5280,-102,856,62,399,20,15,196,2.672073
5280,-102,861,62,399,20,16,195,2.361771
5280,-102,854,62,399,21,16,196,3.724625
5280,-102,862,62,399,18,14,195,0.714493
5280,-102,856,62,399,20,17,195,2.842979
5280,-102,861,62,399,21,15,196,3.152328
5280,-102,860,62,399,19,14,196,1.667023
5280,-102,861,62,399,19,13,195,1.464211
5280,-102,862,62,399,20,17,197,1.930046
5280,-102,862,62,399,21,13,195,4.067497
5280,-102,857,62,399,21,14,195,3.016891
5280,-102,864,62,399,21,16,196,3.696999
5280,-102,862,62,399,20,11,196,2.518219
5280,-102,862,62,399,20,14,195,2.896019
5280,-102,859,62,399,22,17,197,4.352432
5280,-102,864,62,399,21,13,196,3.587730
5280,-102,863,62,399,20,12,195,2.731735
5280,-102,856,62,399,21,15,197,2.594666
5280,-102,857,62,399,20,13,195,2.631317
5280,-102,857,62,399,20,15,195,2.967377
5280,-102,854,62,399,21,14,195,3.008362
5280,-102,854,62,399,18,16,195,0.356827
5280,-102,862,62,399,21,14,196,3.614609
5280,-102,866,62,399,20,16,196,2.304459
5280,-102,861,62,399,19,15,195,1.506477
5280,-102,856,62,399,21,17,197,3.495605
5280,-102,865,62,399,21,17,196,2.611496
5280,-102,856,62,399,21,13,195,3.541069
5280,-102,864,62,399,21,18,197,3.598152
5280,-102,861,62,399,19,17,196,0.608101
5280,-102,866,62,399,20,16,195,2.605270
5280,-102,862,62,399,21,16,196,3.273239
5280,-102,860,62,399,22,18,196,4.432060
5280,-102,864,62,399,20,15,195,2.743820
5280,-102,862,62,399,21,14,196,3.424210
5280,-102,854,62,399,18,19,196,0.259735
5280,-102,864,62,399,21,16,195,3.484268
5280,-102,865,62,399,21,17,196,3.447891
5280,-102,859,62,399,21,15,196,3.678452
5280,-102,859,62,399,20,12,195,2.473946
5280,-102,860,62,399,22,17,196,4.715538
5280,-102,860,62,399,19,15,196,1.483154
5280,-102,863,62,399,20,15,195,2.274109
5280,-102,858,62,399,20,17,196,2.463951
5280,-102,861,62,399,21,12,196,3.804459
5280,-102,866,62,399,21,13,196,3.801865
5280,-102,860,62,399,21,16,196,3.812500
5280,-102,857,62,399,21,15,196,3.296509
5280,-102,856,62,399,19,12,195,1.362991
5280,-102,863,62,399,20,15,196,2.452957
5280,-102,863,62,399,20,15,196,2.177170
5280,-102,856,62,399,21,16,196,3.292099
5280,-102,859,62,399,22,17,197,4.270554
5280,-102,860,62,399,19,11,194,1.755386
5280,-102,863,62,399,20,17,197,2.805557
5280,-102,860,62,399,19,18,196,1.096710
5280,-102,860,62,399,17,14,196,-0.341087
5280,-102,863,62,399,19,16,196,1.615265
5280,-102,855,62,399,21,16,196,3.316116
5280,-102,858,62,399,17,16,195,-0.967209
5280,-102,860,62,399,20,15,196,1.659592
5280,-102,856,62,399,21,18,196,2.994354
5280,-102,866,62,399,21,15,195,3.466782
5280,-102,862,62,399,18,16,196,0.421219
5280,-102,864,62,399,19,14,196,0.952911
5280,-102,863,62,399,21,15,196,3.450943
5280,-102,861,62,399,21,16,196,3.440552
5280,-102,856,62,399,19,16,196,1.459900
5280,-102,861,62,399,19,13,195,1.478836
5280,-102,856,62,399,21,17,196,3.741249
5280,-102,855,62,399,20,17,196,2.471008
5280,-102,860,62,399,19,16,195,1.675209
5280,-102,861,62,399,20,15,196,2.552765
5280,-102,856,62,399,21,14,195,3.856705
5280,-102,857,62,399,20,18,196,2.492928
5280,-102,859,62,399,22,16,196,4.731400
5280,-102,864,62,399,21,11,196,3.782188
5280,-102,860,62,399,21,15,195,3.346664
5280,-102,855,62,399,22,17,197,3.896072
5280,-102,857,62,399,20,15,196,2.596115
5280,-102,851,62,399,19,11,194,1.388229
5280,-102,862,62,399,22,16,196,4.396530
5280,-102,861,62,399,20,13,195,2.699265
5280,-102,857,62,399,21,12,195,3.717529
5280,-102,863,62,399,20,16,196,1.990173
5280,-102,861,62,399,22,13,194,4.476898
5280,-102,863,62,399,19,15,195,1.499741
5280,-102,855,62,399,20,16,196,2.309311
5280,-102,861,62,399,21,16,195,3.835632
5280,-102,861,62,399,20,17,197,2.702438
5280,-102,856,62,399,22,18,196,4.367691
5280,-102,861,62,399,22,14,195,4.664993
5280,-102,863,62,399,21,18,196,3.802795
5280,-102,858,62,399,22,15,196,4.417526
5280,-102,857,62,399,20,15,195,2.485031
5280,-102,863,62,399,21,18,196,3.498260
5280,-102,859,62,399,21,16,196,3.392136
5280,-102,854,62,399,19,17,195,1.378288
5280,-102,857,62,399,21,15,196,3.140388
5280,-102,864,62,399,20,17,196,1.969543
5280,-102,864,62,399,20,14,194,2.439323
5280,-102,852,62,399,20,17,196,2.403694
5280,-102,865,62,399,19,16,197,1.617393
5280,-102,860,62,399,21,14,195,3.918839
5280,-102,857,62,399,20,15,196,1.619980
5280,-102,863,62,399,21,17,196,3.634430
5280,-102,860,62,399,21,15,195,3.214958
5280,-102,861,62,399,23,16,197,5.641380
5280,-102,861,62,399,20,16,196,2.834221
5280,-102,863,62,399,22,14,195,4.454521
5280,-102,855,62,399,21,17,196,3.414162
5280,-102,861,62,399,20,15,196,1.659698
5280,-102,866,62,399,21,14,196,3.439682
5280,-102,854,62,399,20,13,196,2.492935
5280,-102,854,62,399,21,13,195,3.205124
5280,-102,864,62,399,20,15,196,1.622833
5280,-102,860,62,399,20,15,197,2.757133
5280,-102,862,62,399,20,11,196,2.166245
5280,-102,857,62,399,19,14,195,1.605919
5280,-102,859,62,399,20,15,196,2.569366
5280,-102,859,62,399,19,12,195,1.664085
5280,-102,854,62,399,20,14,196,3.020866
5280,-102,858,62,399,20,16,196,2.401001
5280,-102,863,62,399,20,15,195,2.058578
5280,-102,860,62,399,22,17,196,4.735695
5280,-102,864,62,399,21,15,196,3.166672
5280,-102,859,62,399,21,14,194,3.485329
5280,-102,857,62,399,21,18,196,3.682091
5280,-102,862,62,399,22,15,196,4.757240
5280,-102,860,62,399,20,14,195,2.658813
5280,-102,859,62,399,20,16,195,2.507843
5280,-102,863,62,399,21,12,196,2.968826
5280,-102,860,62,399,20,13,195,2.529007
5280,-102,857,62,399,22,17,196,4.463287
5280,-102,854,62,399,22,17,196,3.608269
5280,-102,860,62,399,18,14,194,0.524567
5280,-102,858,62,399,21,16,196,3.775681
5280,-102,858,62,399,22,16,196,4.820114
5280,-102,856,62,399,18,14,194,-0.259834
5280,-102,856,62,399,21,16,196,2.961960
5280,-102,859,62,399,22,17,196,4.480103
5280,-102,859,62,399,19,14,195,1.682037
5280,-102,859,62,399,19,14,195,1.302040
5280,-102,861,62,399,21,16,196,3.755135
5280,-102,858,62,399,20,15,195,2.646042
5280,-102,855,62,399,20,15,197,2.696228
5280,-102,860,62,399,20,12,195,2.423172
5280,-102,860,62,399,22,12,194,4.556931
5280,-102,863,62,399,20,17,196,2.592453
5280,-102,862,62,399,20,13,196,2.614029
5280,-102,854,62,399,22,14,195,4.817970
5280,-102,860,62,399,19,17,196,1.604843
5280,-102,863,62,399,19,10,195,1.387383
5280,-102,858,62,399,19,16,195,1.513977
5280,-102,856,62,399,20,17,196,1.964188
5280,-102,854,62,399,20,12,195,2.735611
5280,-102,854,62,399,19,15,196,1.768303
5280,-102,865,62,399,21,15,196,3.292465
5280,-102,859,62,399,21,14,194,3.252052
5280,-102,860,62,399,19,12,196,1.735489
5280,-102,867,62,399,21,17,196,3.713722
5280,-102,860,62,399,20,13,195,1.987106
5280,-102,860,62,399,23,16,196,5.358330
5280,-102,863,62,399,22,16,196,4.438904
5280,-102,861,62,399,20,16,194,2.069534
5280,-102,856,62,399,22,19,196,4.692650
5280,-102,863,62,399,21,19,197,3.431595
5280,-102,856,62,399,20,17,195,2.493835
5280,-102,861,62,399,21,17,196,3.352348
5280,-102,863,62,399,19,19,195,1.181732
5280,-102,861,62,399,19,16,195,1.768204
5280,-102,856,62,399,22,16,195,4.440720
5280,-102,857,62,399,21,17,196,3.447563
5280,-102,859,62,399,19,16,195,1.493668
5280,-102,864,62,399,20,16,196,2.107361
5280,-102,850,62,399,21,16,195,3.944069
5280,-102,854,62,399,20,15,195,2.591858
5280,-102,866,62,399,21,18,196,3.123047
5280,-102,861,62,399,21,16,196,3.816612
5280,-102,859,62,399,22,15,195,4.798553
5280,-102,857,62,399,21,13,195,3.442642
5280,-102,864,62,399,19,15,196,1.660789
5280,-102,863,62,399,20,14,195,1.655167
5280,-102,860,62,399,21,15,195,3.630043
5280,-102,859,62,399,20,14,196,1.963097
5280,-102,860,62,399,19,11,194,1.429108
5280,-102,863,62,399,19,17,196,1.735748
5280,-102,857,62,399,20,13,194,2.534065
5280,-102,862,62,399,21,12,195,3.655968
5280,-102,865,62,399,20,14,196,2.490204
5280,-102,854,62,399,21,14,194,3.713066
5280,-102,858,62,399,22,18,196,5.066528
5280,-102,862,62,399,20,16,197,2.059204
5280,-102,861,62,399,20,17,195,2.648972
5280,-102,852,62,399,22,17,195,4.883453
5280,-102,862,62,399,21,16,196,3.466698
5280,-102,855,62,399,20,14,195,2.516724
5280,-102,856,62,399,20,17,196,2.552086
5280,-102,854,62,399,22,14,196,4.382942
5280,-102,860,62,399,21,12,195,3.339722
5280,-102,858,62,399,21,17,196,3.733307
5280,-102,867,62,399,20,17,196,2.566490
5280,-102,863,62,399,20,16,195,2.656113
5280,-102,861,62,399,20,16,196,2.702530
5280,-102,856,62,399,21,17,196,3.133507
5280,-102,862,62,399,21,16,196,3.430054
5280,-102,866,62,399,22,16,196,4.539536
5280,-102,861,62,399,19,13,195,1.025650
5280,-102,860,62,399,19,15,194,1.072327
5280,-102,862,62,399,22,16,197,4.614021
5280,-102,856,62,399,21,13,196,3.672691
5280,-102,864,62,399,19,14,195,1.578278
5280,-102,860,62,399,20,16,196,2.464523
5280,-102,865,62,399,21,16,196,3.831619
5280,-102,865,62,399,21,15,196,3.819824
5280,-102,860,62,399,21,13,196,3.436142
5280,-102,859,62,399,20,15,196,2.863914
5280,-102,865,62,399,20,14,196,2.519516
5280,-102,862,62,399,21,16,196,3.455643
5280,-102,858,62,399,20,14,196,2.734520
5280,-102,857,62,399,21,13,196,3.663788
5280,-102,855,62,399,22,17,196,3.600922
5280,-102,867,62,399,19,14,196,1.550659
5280,-102,864,62,399,22,13,196,4.772095
5280,-102,863,62,399,22,16,196,4.139603
5280,-102,863,62,399,20,13,196,1.968048
5280,-102,859,62,399,22,16,196,4.879662
5280,-102,860,62,399,21,16,196,3.482864
5280,-102,858,62,399,20,15,195,2.222046
5280,-102,859,62,399,22,18,197,5.025383
5280,-102,855,62,399,20,15,195,2.317947
5280,-102,854,62,399,20,13,194,1.697380
5280,-102,865,62,399,21,17,197,3.872032
5280,-102,858,62,399,21,17,197,3.276474
5280,-102,857,62,399,21,15,195,3.030991
5280,-102,862,62,399,22,16,196,4.456665
5280,-102,847,62,399,20,17,196,2.591919
5300,-102,860,62,399,16,13,193,-1.665298
5300,-102,855,62,399,14,9,191,-3.180237
5300,-102,857,62,399,13,10,191,-5.081978
5300,-102,857,62,399,16,15,192,-1.269592
5300,-102,857,62,399,16,10,191,-1.314415
5300,-102,858,62,399,15,9,191,-2.801132
5300,-102,863,62,399,17,14,193,-1.166412
5300,-102,859,62,399,15,10,190,-3.072685
5300,-102,854,62,399,15,12,191,-2.284988
5300,-102,860,62,399,16,13,194,-1.896980
5300,-102,861,62,399,13,12,192,-4.786224
5300,-102,856,62,399,13,11,191,-5.096909
5300,-102,849,62,399,19,15,193,0.781281
5300,-102,856,62,399,15,12,191,-2.298492
5300,-102,855,62,399,16,8,190,-0.913422
5300,-102,862,62,399,17,12,194,-0.418884
5300,-102,861,62,399,17,10,191,-0.441086
5300,-102,857,62,399,13,9,192,-4.632706
5300,-102,859,62,399,15,12,193,-2.243027
5300,-102,858,62,399,14,12,191,-3.349335
5300,-102,859,62,399,18,9,191,0.198921
5300,-102,855,62,399,14,11,192,-3.285721
5300,-102,854,62,399,14,11,191,-3.082397
5300,-102,861,62,399,17,10,193,-0.399429
5300,-102,859,62,399,13,12,192,-4.289032
5300,-102,860,62,399,13,11,191,-4.037575
5300,-102,860,62,399,16,11,192,-1.168823
5300,-102,858,62,399,16,11,192,-1.634232
5300,-102,861,62,399,16,12,192,-1.286995
5300,-102,861,62,399,15,14,193,-2.518753
5300,-102,857,62,399,13,10,192,-4.507309
5300,-102,863,62,399,16,14,192,-1.470741
5300,-102,859,62,399,15,12,193,-2.530106
5300,-102,855,62,399,15,9,190,-2.146484
5300,-102,857,62,399,14,10,191,-3.551903
5300,-102,858,62,399,16,10,193,-1.683975
5300,-102,860,62,399,13,9,191,-4.597885
5300,-102,860,62,399,12,11,192,-5.650055
5300,-102,857,62,399,16,15,193,-1.850998
5300,-102,859,62,399,15,10,191,-2.381027
5300,-102,862,62,399,15,12,191,-3.108376
5300,-102,864,62,399,16,11,193,-2.136215
5300,-102,860,62,399,14,12,192,-4.129288
5300,-102,858,62,399,15,13,192,-2.282913
5300,-102,858,62,399,18,12,192,0.199341
5300,-102,858,62,399,14,10,191,-3.708481
5300,-102,858,62,399,14,10,190,-2.980072
5300,-102,859,62,399,16,12,193,-1.510567
5300,-102,854,62,399,15,11,191,-2.402206
5300,-102,856,62,399,15,12,191,-2.436203
5300,-102,857,62,399,16,13,193,-1.515663
5300,-102,853,62,399,13,10,190,-4.283386
5300,-102,857,62,399,15,8,190,-2.564926
5300,-102,857,62,399,17,11,192,-0.844528
5300,-102,861,62,399,15,11,192,-2.489990
5300,-102,860,62,399,15,10,192,-2.155540
5300,-102,856,62,399,15,13,192,-2.144432
5300,-102,854,62,399,14,13,191,-3.062157
5300,-102,857,62,399,18,9,192,0.174072
5300,-102,857,62,399,13,12,193,-4.510361
5300,-102,856,62,399,15,13,191,-2.759140
5300,-102,856,62,399,16,11,193,-2.182335
5300,-102,856,62,399,13,11,192,-4.690445
5300,-102,859,62,399,15,13,193,-2.359573
5300,-102,855,62,399,17,14,193,-0.895935
5300,-102,865,59,401,16,10,192,-1.373917
5300,-102,864,59,401,14,11,192,-3.691940
5300,-102,869,56,404,14,13,194,-3.366104
5300,-102,861,62,398,16,9,191,-2.121460
5300,-102,858,62,398,14,11,190,-3.111221
5300,-102,855,62,398,14,12,191,-4.184998
5300,-102,856,62,398,13,10,191,-4.587418
5300,-102,856,62,398,15,9,189,-2.086700
5300,-102,857,62,398,15,13,192,-2.565323
5300,-102,855,62,398,14,12,191,-3.461746
5300,-102,857,62,398,14,10,190,-3.523438
5300,-102,863,62,398,16,14,192,-2.185364
5300,-102,861,62,398,15,12,191,-2.519997
5300,-102,860,62,398,14,11,191,-3.286896
5300,-102,860,62,398,16,13,193,-1.412308
5300,-102,859,62,398,16,11,191,-1.348045
5300,-102,856,62,398,13,8,191,-5.129135
5300,-102,858,62,398,15,13,193,-2.246109
5300,-102,856,62,398,14,11,191,-3.503242
5300,-102,856,62,398,17,9,191,-1.203407
5300,-102,858,62,398,12,12,192,-5.161224
5300,-102,856,62,398,15,12,191,-2.436905
5300,-102,856,62,398,16,10,191,-1.359344
5300,-102,853,62,398,15,11,193,-2.423935
5300,-102,858,62,398,14,11,191,-4.199806
5300,-102,854,62,398,16,9,191,-1.475998
5300,-102,857,62,398,14,12,193,-3.356400
5300,-102,854,62,398,14,11,191,-3.325241
5300,-102,858,62,398,16,12,192,-2.205551
5300,-102,857,62,398,13,11,192,-4.470322
5300,-102,860,62,398,14,11,191,-3.332291
5300,-102,857,62,398,16,11,193,-1.550644
5300,-102,860,62,398,14,10,191,-3.498795
5300,-102,857,62,398,13,12,192,-4.625519
5300,-102,858,62,398,15,14,193,-2.878242
5300,-102,855,62,398,12,9,190,-5.555832
5300,-102,857,62,398,14,11,191,-4.209541
5300,-102,859,62,398,14,15,193,-3.131447
5300,-102,853,62,398,15,9,191,-2.057480
5300,-102,860,62,398,16,13,192,-1.108162
5300,-102,854,62,398,15,15,193,-3.230186
5300,-102,854,62,398,15,11,191,-3.186111
5300,-102,856,62,398,16,11,190,-1.489815
5300,-102,853,62,398,16,12,192,-1.397873
5300,-102,855,62,398,15,10,190,-2.381927
5300,-102,863,62,398,13,9,192,-4.882935
5300,-102,862,62,398,17,12,192,-1.217545
5300,-102,858,62,398,17,10,192,-0.498917
5300,-102,855,62,398,14,11,191,-2.926270
5300,-102,861,59,401,15,13,194,-2.815872
5300,-102,864,59,402,14,12,192,-3.968552
5300,-102,863,59,402,15,9,192,-2.451569
5300,-102,866,59,402,16,15,194,-2.071465
5300,-102,866,59,402,15,10,193,-2.359222
5300,-102,864,59,402,16,11,192,-1.142242
5300,-102,860,59,402,16,14,194,-1.774872
5300,-102,867,59,402,16,11,192,-1.311996
5300,-102,867,59,402,17,10,193,-0.327911
5300,-102,869,59,402,14,13,194,-4.057884
5300,-102,864,59,402,17,13,193,-1.077904
5300,-102,865,59,402,15,12,193,-2.999527
5300,-102,868,59,402,15,13,194,-2.557617
5300,-102,864,59,402,14,11,192,-3.303581
5300,-102,865,59,402,15,12,194,-2.679886
5300,-102,866,59,402,13,13,193,-4.105232
5300,-102,866,59,402,14,12,193,-3.212204
5300,-102,866,59,402,17,14,194,-1.049576
5300,-102,864,59,402,16,10,192,-1.286247
5300,-102,863,59,402,14,13,193,-3.661530
5300,-102,865,59,402,15,14,194,-2.319336
5300,-102,865,59,402,15,12,193,-2.373505
5300,-102,866,59,402,14,10,192,-3.983925
5300,-102,865,59,402,16,13,194,-1.710617
5300,-102,865,59,402,14,10,193,-3.320496
5300,-102,865,59,402,14,11,193,-3.518021
5300,-102,848,65,396,15,13,193,-2.385811
5300,-102,852,65,396,15,9,190,-2.038277
5300,-102,857,65,396,16,11,191,-1.974396
5300,-102,856,62,399,16,13,193,-1.879196
5300,-102,865,59,401,14,12,191,-3.985191
5300,-102,864,59,401,16,9,191,-1.420639
5300,-102,865,59,401,17,15,194,-1.139229
5300,-102,864,59,401,15,11,192,-2.424820
5300,-102,867,59,401,14,10,192,-3.230377
5300,-102,863,59,401,16,13,193,-2.074677
5300,-102,866,59,401,15,13,193,-2.739075
5300,-102,867,59,401,15,11,192,-2.349365
5300,-102,866,59,401,14,12,193,-3.376335
5300,-102,867,59,401,15,14,192,-2.285034
5300,-102,868,59,401,17,11,193,-0.289276
5300,-102,864,59,401,13,14,193,-5.066284
5300,-102,868,59,401,14,11,192,-3.949326
5300,-102,865,59,401,16,11,193,-1.726578
5300,-102,867,59,401,14,13,193,-4.066513
5300,-102,866,59,401,15,13,193,-2.514992
5300,-102,864,59,401,16,12,193,-1.276855
5300,-102,869,59,401,16,10,193,-1.300278
5300,-102,866,59,401,13,11,191,-4.958672
5300,-102,869,59,401,17,13,194,-1.117554
5300,-102,865,59,401,16,10,192,-1.663231
5300,-102,867,59,401,17,11,191,-0.924026
5300,-102,868,59,401,15,11,193,-3.088478
5300,-102,866,59,401,12,10,193,-5.507408
5300,-102,861,59,401,14,12,192,-3.226685
5300,-102,865,59,401,16,13,193,-1.494209
5300,-102,867,59,401,17,10,192,-0.327698
5300,-102,862,59,401,14,10,191,-3.319855
5300,-102,865,59,401,16,13,193,-1.729774
5300,-102,866,59,401,16,10,191,-1.394302
5300,-102,870,59,401,16,10,192,-1.645760
5300,-102,866,59,401,16,13,193,-1.442612
5300,-102,865,59,401,15,9,191,-2.932465
5300,-102,866,59,401,16,10,192,-1.265717
5300,-102,861,59,401,18,13,193,0.260284
5300,-102,863,59,401,14,11,192,-3.439346
5300,-102,865,59,401,15,9,191,-2.282600
5300,-102,866,59,401,16,14,193,-1.491463
5300,-102,865,59,401,14,11,191,-3.162277
5300,-102,865,59,401,17,10,192,-0.421524
5300,-102,863,59,401,16,13,194,-1.588226
5300,-102,863,59,401,15,10,191,-1.917923
5300,-102,864,59,401,16,9,191,-1.299469
5300,-102,868,59,401,14,14,194,-3.121407
5300,-102,866,59,401,14,11,192,-3.358551
5300,-102,866,59,401,16,11,192,-1.395386
5300,-102,864,59,401,14,13,193,-3.323441
5300,-102,866,59,401,15,11,192,-2.672676
5300,-102,868,59,401,17,12,193,-0.664429
5300,-102,868,59,401,14,11,193,-4.080528
5300,-102,862,59,401,14,11,192,-3.423080
5300,-102,863,59,401,15,13,193,-2.514832
5300,-102,867,59,401,16,9,192,-1.362274
5300,-102,868,59,401,15,11,192,-2.186554
5300,-102,866,59,401,16,14,193,-1.703888
5300,-102,869,59,402,15,10,192,-2.418739
5300,-102,865,59,402,15,14,193,-2.252136
5300,-102,863,59,402,16,13,194,-1.393967
5300,-102,863,59,402,13,10,192,-4.948769
5300,-102,870,59,402,15,14,193,-2.210243
5300,-102,869,59,402,17,14,194,-1.068359
5300,-102,870,59,402,13,11,193,-4.475174
5300,-102,870,59,402,13,12,194,-4.702698
5300,-102,868,59,402,18,13,193,0.358185
5300,-102,864,59,402,14,11,193,-3.334198
5300,-102,866,59,402,14,10,192,-3.931747
5300,-102,859,59,402,17,12,194,-1.080894
5300,-102,868,59,402,15,13,193,-3.026947
5300,-102,865,59,402,16,12,193,-2.019157
5300,-102,869,59,402,17,17,195,-0.292763
5300,-102,864,59,402,12,10,192,-5.652435
5300,-102,868,59,402,15,11,193,-2.447258
5300,-102,866,59,402,16,13,195,-1.579437
5300,-102,867,59,402,15,11,193,-2.513443
5300,-102,868,59,402,16,8,192,-1.154236
5300,-102,871,59,402,14,12,194,-3.382889
5300,-102,867,59,402,16,10,193,-1.948608
5300,-102,867,59,402,17,8,193,-0.712013
5300,-102,868,59,402,14,13,194,-3.562584
5300,-102,868,59,402,14,11,193,-3.327255
5300,-102,868,59,402,18,11,194,0.256958
5300,-102,870,59,402,16,12,194,-1.211273
5300,-102,868,59,402,15,11,193,-2.603973
5300,-102,864,59,402,18,11,194,0.259911
5300,-102,866,59,402,15,12,194,-2.286263
5300,-102,865,59,402,14,12,191,-3.518166
5300,-102,869,59,402,17,12,193,-0.657608
5300,-102,866,59,402,16,12,193,-1.400574
5300,-102,870,59,402,14,12,192,-3.973351
5300,-102,869,59,402,15,11,194,-3.025154
5300,-102,869,59,402,15,8,192,-2.624794
5300,-102,867,59,402,14,12,192,-3.964394
5300,-102,869,59,402,16,14,194,-2.030113
5300,-102,868,59,402,16,10,193,-1.688461
5300,-102,860,59,402,17,11,193,-0.529549
5300,-102,869,59,402,17,13,194,-0.407486
5300,-102,865,59,402,15,10,193,-2.700989
5300,-102,868,59,402,16,11,192,-1.153214
5300,-102,868,59,402,17,16,194,-0.289688
5300,-102,867,59,402,15,10,193,-2.337357
5300,-102,864,59,402,14,10,192,-3.599777
5300,-102,862,59,402,18,13,194,0.271362
5300,-102,867,59,402,15,11,193,-2.656624
5300,-102,867,59,402,14,12,193,-2.939720
5300,-102,868,59,402,17,12,194,-0.420639
5300,-102,866,59,402,16,10,192,-1.937393
5300,-102,867,59,402,17,11,192,-0.586647
5300,-102,864,59,402,17,14,194,-0.776184
5300,-102,863,59,402,16,12,193,-2.004364
5300,-102,865,59,402,18,10,192,0.533279
5300,-102,868,59,402,14,11,193,-3.652718
5300,-102,869,59,402,16,10,193,-1.248810
5300,-102,867,59,402,15,9,193,-2.532066
5300,-102,868,59,402,15,15,195,-2.300598
5300,-102,865,59,402,14,11,193,-3.349014
5300,-102,867,59,402,17,11,194,-0.383163
5300,-102,867,59,402,14,8,193,-3.177795
5300,-102,867,59,402,14,11,193,-3.212265
5300,-102,865,59,402,16,13,193,-1.675247
5300,-102,864,59,402,13,11,193,-4.399902
5300,-102,864,59,402,17,12,193,-0.701912
5300,-102,863,59,402,18,14,194,0.713646
5300,-102,865,59,402,16,10,193,-1.329315
5300,-102,865,59,402,15,11,192,-2.600159
5300,-102,864,59,402,15,13,194,-3.063492
5300,-102,869,59,402,16,10,193,-1.281799
5300,-102,870,59,402,16,12,193,-1.972397
5300,-102,866,59,402,16,13,194,-2.068710
5300,-102,868,59,402,15,10,193,-2.650864
5300,-102,866,59,402,17,12,193,-0.533882
5300,-102,869,59,402,15,14,195,-2.317596
5300,-102,867,59,402,15,12,193,-2.032867
5300,-102,868,59,402,15,12,193,-2.487801
5300,-102,861,59,402,16,14,194,-2.054367
5300,-102,864,59,402,14,13,192,-3.291771
5300,-102,869,59,402,14,12,192,-3.438736
5300,-102,862,59,402,16,15,193,-1.690239
5300,-102,867,59,402,15,10,192,-2.148834
5300,-102,867,59,402,14,13,193,-3.963135
5300,-102,865,59,402,18,13,194,0.888130
5300,-102,865,59,402,16,12,193,-1.140938
5300,-102,865,59,402,16,9,191,-1.384674
5300,-102,866,59,402,16,14,193,-1.031342
5300,-102,868,59,402,16,12,193,-1.474632
5300,-102,866,59,402,17,10,193,-1.022461
5300,-102,866,59,402,15,15,194,-3.088745
5300,-102,864,59,402,15,11,193,-2.331879
5300,-102,866,59,402,17,11,193,-0.358604
5300,-102,866,59,402,14,11,194,-3.385727
5300,-102,867,59,402,15,12,193,-2.451355
5300,-102,864,59,402,14,12,193,-3.220528
5300,-102,862,59,402,15,13,193,-2.237793
5300,-102,864,59,402,15,12,192,-2.966003
5300,-102,866,59,402,15,11,193,-2.342972
5300,-102,865,59,402,15,12,193,-2.144302
5300,-102,863,59,402,16,11,192,-1.630409
5300,-102,864,59,402,18,14,194,-0.037689
5300,-102,866,59,402,15,9,193,-2.369156
5300,-102,867,59,402,12,10,192,-5.441650
5300,-102,861,59,402,14,13,193,-3.145828
5300,-102,865,59,402,14,9,193,-3.700562
5300,-102,864,59,402,14,11,192,-2.987915
5300,-102,868,59,402,17,12,194,-0.430450
5300,-102,866,59,402,15,10,193,-2.167862
5300,-102,868,59,402,13,12,192,-4.594223
5300,-102,867,59,402,16,12,194,-2.069687
5300,-102,863,59,402,14,10,192,-3.133247
5300,-102,863,59,402,14,11,193,-4.025536
5300,-102,863,59,402,17,15,194,-1.049446
5300,-102,860,59,402,15,11,191,-2.400055
5300,-102,867,59,402,15,10,192,-2.195602
5300,-102,865,59,402,16,14,194,-1.414551
5300,-102,868,59,402,14,9,192,-3.454071
5300,-102,865,59,402,14,8,191,-3.865013
5300,-102,867,59,402,18,14,194,0.302780
5300,-102,870,59,402,16,12,193,-1.250801
5300,-102,861,59,402,16,10,192,-1.109016
5300,-102,868,59,402,14,12,193,-3.446556
5300,-102,867,59,402,16,13,193,-1.316833
5300,-102,874,54,406,17,10,193,-0.445602
5300,-102,867,59,401,15,12,193,-2.729935
5300,-102,869,59,401,17,12,193,-1.024170
5300,-102,867,59,401,16,11,193,-1.442963
5300,-102,864,59,401,14,13,193,-4.079636
5300,-102,869,59,401,14,12,192,-3.661667
5300,-102,869,59,401,17,11,193,-0.495049
5300,-102,863,62,399,15,11,192,-2.494125
5300,-102,859,62,399,12,11,191,-5.456467
5300,-102,858,62,399,17,12,193,-0.422775
5300,-102,861,62,399,14,9,191,-3.412308
5300,-102,859,62,399,15,12,192,-2.634628
5300,-102,859,62,399,14,13,193,-3.341331
5300,-102,860,62,399,15,10,191,-2.408829
5300,-102,860,62,399,15,11,192,-2.301239
5300,-102,858,62,399,18,12,193,0.567627
5300,-102,859,62,399,12,10,192,-5.442650
5300,-102,861,62,399,15,12,192,-2.036835
5300,-102,864,62,399,18,11,192,-0.152962
5300,-102,862,62,399,16,13,191,-1.601471
5300,-102,861,62,399,14,12,192,-3.591110
5300,-102,866,62,399,17,13,194,-1.205826
5300,-102,859,62,399,13,10,191,-4.742691
5300,-102,858,62,399,13,11,190,-4.377968
5300,-102,849,62,399,16,13,192,-1.637611
5300,-102,860,62,399,13,9,191,-4.592041
5300,-102,863,62,399,14,10,191,-3.214203
5300,-102,862,62,399,17,12,193,-0.398933
5300,-102,859,62,399,16,9,191,-1.021523
5300,-102,858,62,399,16,10,191,-2.093216
5300,-102,859,62,399,15,13,193,-2.233955
5300,-102,862,62,399,15,12,192,-2.300156
5300,-102,862,62,399,16,8,192,-1.486313
5300,-102,856,62,399,16,13,193,-1.683090
5300,-102,860,62,399,15,12,192,-2.314758
5300,-102,861,62,399,17,13,193,-0.665848
5300,-102,863,62,399,12,12,193,-5.337517
5300,-102,857,62,399,13,12,191,-4.329567
5300,-102,859,62,399,16,10,193,-1.162872
5300,-102,860,62,399,14,11,193,-3.894653
5300,-102,862,62,399,16,11,192,-2.160980
5300,-102,857,62,399,16,15,193,-1.867615
5300,-102,860,62,399,15,11,192,-3.174530
5300,-102,864,62,399,13,12,191,-4.295044
5300,-102,863,62,399,15,13,192,-2.795441
5300,-102,862,62,399,13,10,192,-5.142624
5300,-102,860,62,399,16,12,191,-2.124176
5300,-102,860,62,399,15,13,192,-2.659485
5300,-102,859,62,399,14,9,192,-3.634598
5300,-102,860,62,399,14,13,191,-3.342834
5300,-102,859,62,399,15,13,192,-2.288376
5300,-102,856,62,399,14,8,191,-4.113403
5300,-102,860,62,399,12,11,192,-5.324463
5300,-102,864,62,399,16,14,194,-1.728928
5300,-102,860,62,399,14,11,191,-3.563477
5300,-102,861,62,399,16,11,192,-1.117218
5300,-102,863,62,399,16,12,193,-1.341751
5300,-102,861,62,399,14,11,191,-3.306351
5300,-102,864,62,399,15,12,192,-2.130318
5300,-102,856,62,399,17,12,191,-0.346939
5300,-102,858,62,399,15,12,192,-2.252762
5300,-102,861,62,399,15,11,192,-2.796455
5300,-102,857,62,399,17,12,192,-0.762589
5300,-102,859,62,399,14,9,192,-3.351990
5300,-102,859,62,399,15,10,192,-2.493179
5300,-102,860,62,399,16,12,193,-1.417336
5300,-102,862,62,399,14,11,191,-3.423065
5300,-102,861,62,399,17,9,191,-1.112526
5300,-102,864,62,399,15,13,194,-2.826210
5300,-102,862,62,399,15,13,192,-2.470146
5300,-102,863,62,399,18,13,194,-0.214005
5300,-102,862,62,399,15,9,192,-2.821060
5300,-102,864,62,399,14,14,193,-4.147354
5300,-102,860,62,399,17,14,193,-0.844345
5300,-102,860,62,399,14,10,192,-3.313423
5300,-102,861,62,399,14,12,193,-3.353378
5300,-102,856,62,399,17,12,192,-0.351860
5300,-102,861,62,399,16,11,192,-1.829758
5300,-102,860,62,399,12,11,191,-5.592201
5300,-102,856,62,399,14,14,193,-3.554047
5300,-102,862,62,399,13,9,193,-4.548744
5300,-102,864,62,399,12,11,191,-6.067329
5300,-102,861,62,399,14,14,193,-3.415276
5300,-102,861,62,399,15,10,192,-2.634705
5300,-102,864,62,399,13,12,192,-4.762802
5300,-102,860,62,399,17,13,193,-1.210922
5300,-102,860,62,399,17,10,191,-0.831848
5300,-102,861,62,399,15,10,191,-2.594742
5300,-102,864,62,399,18,14,193,0.296745
5300,-102,865,62,399,15,11,192,-3.169731
5300,-102,864,62,399,14,14,192,-3.604164
5300,-102,861,62,399,18,10,193,0.295151
5300,-102,858,62,399,16,12,192,-1.212143
5300,-102,858,62,399,15,8,191,-2.104668
5300,-102,858,62,399,16,13,193,-1.883987
5300,-102,861,62,399,15,10,191,-3.098412
5300,-102,860,62,399,16,9,192,-1.649330
5300,-102,861,62,399,16,12,193,-2.162102
5300,-102,860,62,399,16,10,191,-1.281250
5300,-102,860,62,399,16,10,191,-1.442368
5300,-102,861,62,399,13,13,193,-4.419395
5300,-102,857,62,399,12,13,192,-5.819672
5300,-102,858,62,399,15,10,191,-2.821854
5300,-102,859,62,399,15,15,194,-2.491135
5300,-102,860,62,399,15,9,191,-3.093529
5300,-102,862,62,399,17,12,192,-0.179565
5300,-102,861,62,399,13,11,193,-4.496979
5300,-102,860,62,399,13,10,191,-4.169434
5300,-102,858,62,399,16,13,193,-1.402359
5300,-102,860,62,399,13,10,193,-4.753746
5300,-102,862,62,399,13,11,193,-4.663574
5300,-102,856,62,399,17,10,192,-0.639023
5300,-102,863,62,399,12,10,192,-5.644455
5300,-102,864,62,399,16,12,192,-1.441513
5300,-102,862,62,399,15,13,194,-2.750458
5300,-102,859,62,399,15,8,191,-2.747009
5300,-102,862,62,399,15,11,191,-2.458313
5300,-102,862,62,399,16,11,193,-1.315979
5300,-102,863,62,399,11,10,191,-6.289291
5300,-102,864,62,399,12,11,191,-5.387634
5300,-102,852,62,399,16,14,192,-2.158417
5300,-102,864,62,399,13,11,192,-4.319221
5300,-102,863,62,399,15,10,191,-2.773407
5300,-102,866,62,399,17,13,194,-1.198593
5300,-102,860,62,399,14,13,192,-3.442543
5300,-102,859,62,399,14,11,191,-3.115417
5300,-102,857,62,399,18,13,193,0.167770
5300,-102,851,62,399,15,12,192,-2.310310
5300,-102,864,62,399,15,9,190,-3.026245
5300,-102,859,62,399,17,14,193,-0.436142
5300,-102,861,62,399,15,10,191,-2.231155
5300,-102,862,62,399,14,10,192,-3.641312
5300,-102,859,62,399,17,12,193,-0.451477
5300,-102,862,62,399,17,10,191,-0.392792
5300,-102,862,62,399,16,10,191,-1.392441
5300,-102,861,62,399,14,11,193,-3.173698
5300,-102,863,62,399,14,11,192,-3.784363
5300,-102,858,62,399,18,10,192,0.194412
5300,-102,856,62,399,15,12,193,-2.214104
5300,-102,855,62,399,14,11,191,-3.772552
5300,-102,859,62,399,18,10,193,0.314041
5300,-102,859,62,399,14,12,193,-3.394295
5300,-102,860,62,399,15,12,192,-2.380112
5300,-102,863,62,399,17,12,193,-0.891510
5300,-102,859,62,399,14,12,192,-3.371063
5300,-102,862,62,399,14,10,191,-3.256012
5300,-102,858,62,399,16,14,194,-1.426300
5300,-102,860,62,399,17,9,191,-1.148926
5300,-102,865,62,399,15,12,192,-3.089432
5300,-102,863,62,399,14,13,193,-4.212936
5300,-102,865,62,399,15,9,192,-2.349686
5300,-102,859,62,399,18,11,192,0.336174
5300,-102,859,62,399,17,14,193,-0.496025
5300,-102,865,62,399,14,8,191,-3.428680
5300,-102,862,62,399,16,10,190,-1.352158
5300,-102,863,62,399,16,15,194,-1.879486
5300,-102,865,62,399,14,10,191,-3.298439
5300,-102,863,62,399,16,11,192,-1.367859
5300,-102,863,62,399,17,11,193,-0.473480
5300,-102,860,62,399,14,12,192,-3.279091
5300,-102,861,62,399,14,11,192,-3.773026
5300,-102,854,62,399,16,14,193,-1.376907
5300,-102,862,62,399,14,11,191,-3.592644
5300,-102,864,62,399,13,11,192,-4.253418
5300,-102,864,62,399,16,11,193,-1.634827
5300,-102,861,62,399,16,8,191,-2.115692
5300,-102,859,62,399,15,10,192,-2.335251
5300,-102,861,62,399,17,13,193,-0.500755
5300,-102,862,62,399,14,10,191,-3.231613
5300,-102,861,62,399,14,8,191,-3.220978
5300,-102,864,62,399,16,12,194,-1.876480
5300,-102,861,62,399,15,10,191,-2.542114
5300,-102,865,62,399,17,10,192,-0.803902
5300,-102,861,62,399,13,13,194,-4.457893
5300,-102,864,62,399,15,12,192,-2.326294
5300,-102,864,62,399,16,10,193,-1.170670
5300,-102,860,62,399,15,11,193,-2.684372
5300,-102,862,62,399,14,12,192,-3.622665
5300,-102,862,62,399,17,12,193,-0.411812
5300,-102,863,62,399,14,11,193,-3.402420
5300,-102,864,62,399,16,10,191,-1.301529
5300,-102,859,62,399,14,12,192,-3.450073
5300,-102,860,62,399,17,12,192,-0.458633
5300,-102,859,62,399,14,11,192,-3.592300
5300,-102,860,62,399,15,14,192,-2.370163
5300,-102,861,62,399,13,8,191,-4.335320
5300,-102,858,62,399,15,10,191,-2.607040
5300,-102,863,62,399,14,13,193,-3.341881
5300,-102,857,62,399,14,10,191,-3.455078
5300,-102,860,62,399,14,12,191,-3.265030
5300,-102,859,62,399,16,14,193,-1.843369
5300,-102,865,62,399,14,10,192,-3.269211
5300,-102,864,62,399,15,12,192,-2.462578
5300,-102,868,62,399,12,13,193,-5.491936
5300,-102,862,62,399,16,9,191,-0.980881
5300,-102,859,62,399,13,10,191,-4.435913
5300,-102,857,62,399,16,15,193,-1.819412
5300,-102,864,62,399,13,11,192,-4.570938
5300,-102,861,62,399,14,10,190,-3.215973
5300,-102,871,56,405,18,12,195,0.377159
5300,-102,859,62,398,14,11,191,-3.231659
5300,-102,866,59,401,17,8,193,-0.708969
5300,-102,865,59,401,14,11,193,-4.091545
5300,-102,866,59,401,15,12,192,-2.460121
5300,-102,867,59,401,17,9,192,-0.436516
5300,-102,865,59,401,14,13,194,-3.311859
5300,-102,867,59,401,15,12,192,-2.213776
5300,-102,862,59,401,17,12,192,-0.500839
5300,-102,868,59,401,13,11,193,-5.010094
5300,-102,868,59,401,15,10,193,-2.090324
5300,-102,864,59,401,15,12,193,-2.338989
5300,-102,866,59,401,13,10,192,-4.332214
5300,-102,864,59,401,13,11,192,-4.258057
5300,-102,866,59,401,17,14,194,-0.244789
5300,-102,866,59,401,15,9,191,-2.425827
5300,-102,865,59,401,15,12,192,-2.316086
5300,-102,864,59,401,13,13,193,-4.481705
5300,-102,865,59,401,13,8,192,-4.992081
5300,-102,865,59,401,14,10,192,-3.232071
5300,-102,868,59,401,15,13,194,-2.520195
5300,-102,867,59,401,14,13,192,-3.663101
5300,-102,863,59,401,16,12,192,-1.432915
5300,-102,864,59,401,16,15,194,-1.533394
5300,-102,864,59,401,13,10,191,-4.310577
5300,-102,868,59,401,13,13,193,-4.420731
5300,-102,861,59,401,17,15,193,-0.775063
5300,-102,862,59,401,14,12,191,-3.412552
5300,-102,863,59,401,14,12,192,-3.658661
5300,-102,862,65,396,16,14,193,-1.705872
5300,-102,871,56,405,16,11,194,-1.405319
5300,-102,862,62,399,16,10,191,-1.245125
5300,-102,862,62,399,15,14,193,-2.675995
5300,-102,864,62,399,14,10,192,-4.157753
5300,-102,859,62,399,16,9,191,-1.603897
5300,-102,856,62,399,15,10,192,-2.375122
5300,-102,862,62,399,15,10,192,-2.075020
5300,-102,859,62,399,19,12,193,0.788025
5300,-102,851,62,398,13,12,193,-4.144730
5300,-102,863,62,398,14,12,192,-3.032074
5300,-102,859,62,398,16,12,192,-1.347588
5300,-102,860,62,398,14,11,192,-3.864716
5300,-102,861,62,398,16,9,191,-1.473221
5300,-102,860,62,398,14,13,193,-3.307098
5300,-102,858,62,398,15,9,191,-2.492455
5300,-102,863,62,398,13,11,191,-4.560356
5300,-102,861,62,398,14,12,193,-3.543991
5300,-102,857,62,398,14,10,191,-3.601196
5300,-102,860,62,398,15,11,192,-2.487595
5300,-102,861,62,398,15,11,192,-3.132225
5300,-102,860,62,398,13,8,190,-4.226318
5300,-102,859,62,398,13,10,191,-4.214874
5300,-102,860,62,398,15,14,193,-2.215515
5300,-102,858,62,398,14,8,190,-4.120979
5300,-102,857,62,398,12,9,190,-5.181274
5300,-102,864,62,398,15,10,192,-2.589088
5300,-102,860,62,398,13,11,192,-4.868301
5300,-102,860,62,398,15,9,191,-2.193695
5300,-102,855,62,398,15,12,193,-3.261894
5300,-102,862,62,398,16,10,190,-2.075043
5300,-102,858,62,398,15,11,191,-2.550446
5300,-102,863,62,398,16,13,193,-1.860641
5300,-102,860,62,398,14,11,191,-3.336395
5300,-102,863,62,398,15,10,190,-2.720100
5300,-102,863,62,398,16,13,193,-1.857513
5300,-102,862,62,398,12,9,190,-5.408020
5300,-102,858,62,398,15,10,191,-2.461990
5300,-102,858,62,398,16,14,193,-1.236649
5300,-102,856,62,398,16,13,191,-1.608353
5300,-102,858,62,398,17,8,191,-1.139580
5300,-102,860,62,398,15,14,193,-2.496307
5300,-102,859,62,398,16,11,191,-1.243080
5300,-102,860,62,398,15,9,192,-2.854111
5300,-102,862,62,398,15,12,193,-2.709259
5300,-102,863,62,398,14,11,192,-3.484558
5300,-102,861,62,398,16,12,192,-1.266571
5300,-102,861,62,398,15,10,192,-3.209839
5300,-102,857,62,398,16,12,190,-1.152702
5300,-102,860,62,398,15,14,193,-2.332108
5300,-102,857,62,398,15,11,192,-3.203049
5300,-102,865,59,402,15,11,193,-2.352188
5300,-102,857,62,398,13,13,191,-4.345169
5300,-102,857,62,398,14,10,190,-3.399597
5300,-102,863,62,398,15,11,191,-3.135902
5300,-102,857,62,398,14,10,192,-3.527122
5300,-102,862,62,398,13,12,191,-5.151360
5300,-102,862,62,398,14,10,191,-4.162445
5300,-102,858,62,398,14,12,192,-3.899292
5300,-102,859,62,398,16,9,190,-1.517059
5300,-102,860,62,398,15,12,191,-2.348694
5300,-102,865,62,398,15,12,193,-2.679932
5300,-102,858,62,398,16,13,191,-1.602844
5300,-102,856,62,398,15,11,191,-2.813538
5300,-102,857,62,398,15,11,191,-2.802597
5300,-102,858,62,398,14,13,191,-3.824829
5300,-102,859,62,398,13,14,192,-4.257339
5300,-102,862,62,398,16,13,192,-1.358429
5300,-102,861,62,398,13,11,191,-4.078110
5300,-102,858,62,398,13,12,191,-4.827515
5300,-102,856,62,398,15,13,192,-2.226166
5300,-102,856,62,398,14,10,190,-4.061920
5300,-102,861,62,398,16,10,192,-2.192780
5300,-102,863,62,398,14,12,193,-3.440742
5300,-102,861,62,398,14,11,191,-3.214706
5300,-102,862,62,398,15,8,190,-2.422638
5300,-102,860,62,398,15,14,193,-2.445480
5300,-102,862,62,398,14,10,192,-3.514740
5300,-102,859,62,398,15,9,191,-2.614998
5300,-102,861,62,398,16,12,191,-2.155594
5300,-102,854,62,398,13,12,191,-4.206406
5300,-102,862,62,398,17,12,193,-0.901230
5300,-102,858,62,398,13,10,190,-4.301697
5300,-102,860,62,398,14,11,191,-3.324066
5300,-102,859,62,398,15,12,193,-2.577911
5300,-102,860,62,398,14,11,191,-3.380661
5300,-102,862,62,398,15,12,191,-2.839859
5300,-102,855,62,398,16,12,192,-1.620819
5300,-102,858,62,398,15,9,191,-2.416008
5300,-102,856,62,398,12,10,191,-5.213379
5300,-102,859,62,398,14,11,192,-3.477661
5300,-102,859,62,398,15,9,191,-2.550110
5300,-102,864,62,398,15,9,191,-2.577652
5300,-102,859,62,398,15,13,193,-2.472061
5300,-102,858,62,398,15,10,191,-3.179237
5300,-102,862,62,398,14,10,191,-3.395111
5300,-102,866,62,398,14,15,193,-4.212059
5300,-102,857,62,398,14,10,192,-3.484192
5300,-102,860,62,398,14,13,191,-3.473206
5300,-102,855,62,398,17,11,191,-1.129150
5300,-102,859,62,398,13,10,190,-4.426575
5300,-102,861,62,398,14,9,191,-3.320984
5300,-102,859,62,398,15,13,192,-2.512878
5300,-102,855,62,398,17,10,190,-0.452316
5300,-102,858,62,398,14,12,191,-3.356796
5300,-102,862,62,398,17,11,193,-0.379837
5300,-102,860,62,398,13,10,190,-4.524933
5300,-102,859,62,398,16,10,190,-1.361816
5300,-102,859,62,398,15,14,193,-2.568932
5300,-102,859,62,398,15,11,191,-2.477325
5300,-102,860,62,398,15,8,191,-2.463333
5300,-102,860,62,398,15,12,193,-2.545059
5300,-102,856,62,398,14,11,191,-3.348038
5300,-102,863,62,398,16,10,191,-2.159782
5300,-102,854,62,398,16,13,191,-1.092751
5300,-102,864,59,402,15,12,192,-2.650261
5300,-102,865,59,402,16,13,194,-2.053474
5300,-102,868,59,402,15,13,194,-3.065704
5300,-102,875,56,405,15,12,194,-2.853500
5300,-102,876,56,405,17,12,195,-0.890244
5300,-102,868,59,401,15,12,193,-3.110901
5300,-102,869,59,401,15,11,192,-2.680870
5300,-102,873,56,404,12,12,194,-5.926697
5300,-102,865,62,398,14,11,191,-3.095970
5300,-102,861,62,398,15,12,191,-2.788231
5300,-102,862,62,398,16,14,193,-1.415276
5300,-102,861,62,398,14,10,191,-3.450027
5300,-102,876,54,406,16,10,192,-1.679008
5300,-102,870,59,401,16,11,193,-2.072693
5300,-102,871,59,401,16,13,193,-1.639832
5300,-102,869,59,401,14,10,192,-3.187714
5300,-102,868,59,401,17,14,193,-0.233040
5300,-102,867,59,401,15,11,192,-2.185745
5300,-102,866,59,401,16,9,192,-1.713226
5300,-102,868,59,401,16,16,194,-1.791885
5300,-102,866,59,401,15,11,192,-2.340775
5300,-102,867,59,401,15,7,192,-3.023445
5300,-102,864,59,401,15,12,192,-2.325745
5320,-102,864,59,401,12,12,192,-5.125793
5320,-102,868,59,401,14,15,192,-3.182236
5320,-102,866,59,401,15,13,192,-2.092957
5320,-102,863,59,401,15,13,192,-2.973038
5320,-102,869,59,401,14,10,191,-3.112305
5320,-102,866,59,401,15,14,192,-2.310776
5320,-102,865,59,401,15,16,193,-3.071365
5320,-102,867,59,401,16,14,192,-1.304932
5320,-102,862,59,401,15,13,192,-2.328201
5320,-102,868,59,401,14,12,192,-3.190094
5320,-102,854,65,395,14,12,190,-3.274750
5320,-102,857,62,399,15,14,191,-2.008026
5320,-102,861,62,399,14,13,192,-3.260437
5320,-102,864,62,399,12,14,192,-5.778076
5320,-102,860,62,399,15,12,191,-3.107956
5320,-102,862,62,399,14,14,192,-3.059631
5320,-102,858,62,399,14,12,190,-3.713028
5320,-102,863,62,399,13,14,192,-5.113419
5320,-102,858,62,399,14,11,192,-3.462402
5320,-102,861,62,399,14,12,191,-3.161903
5320,-102,858,65,396,14,12,191,-3.910072
5320,-102,855,65,396,13,13,191,-4.112595
5320,-102,859,65,396,15,13,191,-2.380295
5320,-102,858,65,396,15,14,192,-2.381729
5320,-102,859,65,396,14,12,191,-4.353188
5320,-102,858,65,396,13,14,191,-4.196449
5320,-102,857,65,396,13,15,192,-4.010956
5320,-102,847,65,396,12,13,191,-5.501663
5320,-102,856,65,396,15,11,190,-2.701859
5320,-102,858,65,396,15,14,192,-3.338837
5320,-102,854,65,396,13,12,191,-4.459076
5320,-102,855,65,396,15,12,190,-2.199814
5320,-102,855,65,396,14,13,191,-3.312492
5320,-102,856,65,396,14,11,190,-3.205338
5320,-102,855,65,396,16,12,191,-2.324265
5320,-102,856,65,396,15,15,191,-3.297722
5320,-102,850,65,396,15,14,191,-2.154945
5320,-102,858,65,396,13,14,191,-4.392853
5320,-102,854,65,396,14,13,191,-3.772308
5320,-102,857,65,396,14,12,190,-3.175186
5320,-102,855,65,396,14,13,192,-3.335632
5320,-102,854,65,396,15,14,191,-2.392303
5320,-102,856,65,396,13,11,191,-4.482040
5320,-102,856,65,396,14,12,191,-3.100044
5320,-102,854,65,396,14,12,191,-3.944023
5320,-102,855,65,396,14,11,190,-3.544579
5320,-102,853,65,396,15,13,191,-2.332214
5320,-102,855,65,396,12,13,191,-5.697830
5320,-102,858,65,396,13,12,191,-4.259903
5320,-102,854,65,396,12,13,190,-5.260612
5320,-102,857,65,396,11,13,191,-6.590736
5320,-102,852,65,396,15,15,191,-2.490601
5320,-102,856,65,396,14,11,190,-3.339905
5320,-102,857,65,396,14,13,191,-3.450302
5320,-102,851,65,396,13,15,191,-4.258018
5320,-102,853,65,396,14,11,191,-3.041611
5320,-102,858,65,396,13,13,191,-4.119362
5320,-102,854,65,396,12,11,190,-5.394730
5320,-102,855,65,396,15,12,192,-2.625671
5320,-102,857,65,396,13,13,192,-4.285599
5320,-102,853,65,396,14,14,191,-3.969986
5320,-102,853,65,396,13,14,191,-4.775780
5320,-102,854,65,396,13,13,190,-4.389725
5320,-102,857,65,396,15,12,191,-2.635330
5320,-102,857,65,396,14,13,191,-3.916245
5320,-102,852,65,396,14,12,190,-3.826935
5320,-102,853,65,396,14,15,192,-4.360855
5320,-102,858,65,396,12,15,191,-6.289917
5320,-102,856,65,396,13,13,191,-4.749176
5320,-102,852,65,396,14,14,191,-3.273682
5320,-102,860,65,396,16,14,192,-1.605476
5320,-102,852,65,396,15,14,191,-2.761734
5320,-102,857,65,396,15,11,192,-2.332336
5320,-102,856,65,396,12,13,191,-5.567871
5320,-102,857,65,396,17,14,191,-0.889954
5320,-102,855,65,396,14,12,191,-3.335144
5320,-102,856,65,396,14,13,191,-3.210213
5320,-102,857,65,396,15,14,191,-2.444817
5320,-102,853,65,396,16,12,192,-1.108490
5320,-102,853,65,396,14,10,190,-3.857422
5320,-102,855,65,396,14,12,191,-3.532532
5320,-102,858,65,396,15,13,192,-2.299225
5320,-102,857,65,396,14,12,190,-3.359726
5320,-102,856,65,396,13,12,192,-4.079796
5320,-102,856,65,396,13,13,192,-4.225227
5320,-102,858,65,396,14,16,191,-4.307228
5320,-102,854,65,396,15,14,191,-3.270233
5320,-102,856,65,396,15,12,191,-2.291664
5320,-102,856,65,396,13,13,191,-4.453888
5320,-102,854,65,396,13,13,191,-5.253609
5320,-102,856,65,396,14,13,191,-3.434998
5320,-102,854,65,396,13,10,190,-4.513145
5320,-102,854,65,396,14,13,192,-3.970367
5320,-102,851,65,396,15,12,191,-2.066147
5320,-102,852,65,396,13,12,190,-4.518082
5320,-102,855,65,396,14,13,191,-3.302536
5320,-102,854,65,396,13,14,191,-4.263451
5320,-102,855,65,396,14,12,191,-3.123940
5320,-102,858,65,396,15,12,192,-2.234634
5320,-102,851,65,396,14,14,191,-3.888695
5320,-102,848,65,396,15,12,190,-2.894608
5320,-102,853,65,396,15,13,191,-2.463692
5320,-102,854,65,396,14,14,191,-3.607201
5320,-102,854,65,396,13,14,191,-4.919022
5320,-102,868,59,402,14,9,193,-4.004669
5320,-102,865,59,402,15,14,192,-2.012894
5320,-102,856,65,395,14,12,190,-3.449493
5320,-102,863,62,399,15,13,193,-2.669106
5320,-102,859,62,399,14,11,191,-3.741989
5320,-102,854,62,399,14,13,191,-3.139214
5320,-102,859,62,399,14,14,192,-3.641663
5320,-102,859,62,399,13,14,192,-4.469025
5320,-102,863,62,399,14,12,192,-3.321213
5320,-102,858,62,399,15,15,192,-2.621536
5320,-102,861,62,399,15,16,192,-2.463432
5320,-102,859,62,399,13,11,192,-4.347000
5320,-102,862,62,399,14,12,191,-3.716011
5320,-102,864,62,399,14,13,192,-3.582809
5320,-102,858,62,399,15,13,191,-2.261147
5320,-102,864,62,399,14,11,192,-3.171661
5320,-102,859,62,399,14,16,191,-3.536819
5320,-102,864,62,399,14,13,191,-3.369629
5320,-102,859,62,399,17,12,191,-0.773483
5320,-102,859,62,399,13,13,191,-4.307632
5320,-102,860,62,399,15,12,191,-2.032425
5320,-102,859,62,399,15,11,190,-2.187698
5320,-102,863,62,399,15,13,192,-2.315552
5320,-102,862,62,399,14,13,192,-3.271271
5320,-102,860,62,399,14,13,191,-3.581306
5320,-102,864,62,399,15,12,191,-3.103683
5320,-102,864,62,399,15,14,191,-2.016487
5320,-102,860,62,399,15,14,193,-2.189552
5320,-102,860,62,399,13,14,191,-4.370895
5320,-102,851,62,399,13,12,191,-4.731750
5320,-102,858,62,399,14,13,191,-4.047897
5320,-102,863,62,399,15,12,190,-2.339005
5320,-102,861,62,399,15,15,192,-1.994232
5320,-102,856,62,399,14,15,191,-3.409134
5320,-102,861,62,399,16,11,191,-1.380150
5320,-102,860,62,399,13,12,191,-4.413956
5320,-102,860,62,399,13,11,191,-4.262131
5320,-102,857,62,399,14,12,191,-3.294052
5320,-102,858,62,399,15,14,191,-2.437088
5320,-102,860,62,399,14,11,191,-3.077141
5320,-102,859,62,399,14,13,191,-3.153107
5320,-102,859,62,399,16,13,192,-1.343445
5320,-102,864,62,399,14,11,191,-3.100693
5320,-102,862,62,399,13,13,192,-4.610199
5320,-102,860,62,399,16,13,193,-1.229919
5320,-102,863,62,399,14,13,191,-4.072151
5320,-102,859,62,399,18,12,191,0.904305
5320,-102,860,62,399,15,13,192,-2.138580
5320,-102,856,62,399,13,11,191,-4.296722
5320,-102,864,62,399,16,13,192,-1.438591
5320,-102,859,62,398,13,14,191,-4.730957
5320,-102,864,59,402,12,13,192,-5.274307
5320,-102,873,56,405,16,12,194,-1.336197
5320,-102,859,62,398,13,12,190,-5.133942
5320,-102,860,62,399,15,12,191,-3.088608
5320,-102,864,59,401,16,12,191,-1.623199
5320,-102,866,59,401,13,12,191,-4.619820
5320,-102,863,59,401,14,12,191,-3.966782
5320,-102,864,59,401,17,14,192,0.024704
5320,-102,857,62,398,12,14,191,-5.389740
5320,-102,863,62,398,13,12,190,-4.357559
5320,-102,868,59,401,14,12,193,-3.063377
5320,-102,866,59,401,15,13,192,-2.135757
5320,-102,865,59,401,14,14,191,-3.637375
5320,-102,867,59,401,15,14,192,-2.414490
5320,-102,852,65,396,13,13,191,-4.094070
5320,-102,854,65,396,14,12,191,-3.225601
5320,-102,855,65,396,14,14,191,-3.479996
5320,-102,856,65,396,15,15,192,-2.943619
5320,-102,856,65,396,16,14,191,-1.589851
5320,-102,857,65,396,15,13,192,-2.271271
5320,-102,854,65,396,15,12,191,-2.265587
5320,-102,854,65,396,15,10,190,-2.201904
5320,-102,853,65,396,13,14,191,-4.302460
5320,-102,853,65,396,14,14,191,-3.085533
5320,-102,857,65,396,14,14,192,-3.628822
5320,-102,846,65,396,16,13,191,-1.464325
5320,-102,858,65,396,13,13,191,-4.058815
5320,-102,854,65,396,14,14,191,-3.433472
5320,-102,857,65,396,17,12,191,-0.319511
5320,-102,854,65,396,13,12,190,-4.160561
5320,-102,854,65,396,13,13,191,-4.407532
5320,-102,851,65,396,13,14,191,-4.092926
5320,-102,846,65,396,15,12,190,-2.496460
5320,-102,855,65,396,14,11,191,-3.234421
5320,-102,856,65,396,14,16,192,-3.472305
5320,-102,852,65,396,13,11,190,-4.060318
5320,-102,857,65,396,15,11,191,-3.216354
5320,-102,859,65,396,15,12,191,-3.282883
5320,-102,849,65,396,14,11,191,-3.302383
5320,-102,851,65,396,14,13,190,-3.879959
5320,-102,851,65,396,13,13,191,-4.252487
5320,-102,857,65,396,15,11,188,-2.769051
5320,-102,858,65,396,13,10,192,-4.285599
5320,-102,852,65,396,14,14,192,-3.820389
5320,-102,856,65,396,14,13,190,-3.521645
5320,-102,854,65,396,16,13,191,-1.488884
5320,-102,859,62,398,13,15,191,-4.770981
5320,-102,860,62,398,13,13,191,-4.562447
5320,-102,855,62,398,15,14,191,-2.094299
5320,-102,860,62,398,15,14,191,-1.964691
5320,-102,858,62,398,12,13,190,-5.048737
5320,-102,855,62,398,15,15,191,-3.155075
5320,-102,857,62,398,15,14,191,-3.163368
5320,-102,857,62,398,16,12,190,-1.313354
5320,-102,859,62,398,15,13,192,-2.189529
5320,-102,857,62,398,14,14,191,-3.433800
5320,-102,858,62,398,14,12,190,-3.179901
5320,-102,863,62,398,14,13,191,-3.412659
5320,-102,858,62,398,12,14,191,-5.143692
5320,-102,862,62,398,16,12,190,-1.176743
5320,-102,858,62,398,16,11,191,-1.190186
5320,-102,859,62,398,16,11,190,-1.115913
5320,-102,860,62,398,13,12,191,-4.168228
5320,-102,863,62,398,14,13,192,-3.500061
5320,-102,861,62,398,12,13,191,-5.203659
5320,-102,863,62,398,14,12,191,-3.436218
5320,-102,862,62,398,13,13,191,-4.579102
5320,-102,859,62,398,12,13,191,-5.336617
5320,-102,862,62,398,16,10,190,-1.017166
5320,-102,860,62,398,13,14,192,-5.200729
5320,-102,858,62,398,12,12,191,-5.624199
5320,-102,861,62,398,15,13,191,-2.548111
5320,-102,859,62,398,14,13,192,-3.866241
5320,-102,859,62,398,14,13,190,-3.051918
5320,-102,855,65,396,16,10,191,-1.004425
5320,-102,852,65,396,15,13,191,-2.929176
5320,-102,853,65,396,14,12,190,-4.224274
5320,-102,858,65,396,14,15,192,-3.448906
5320,-102,854,65,396,13,14,191,-4.576462
5320,-102,856,65,396,16,14,192,-1.653595
5320,-102,853,65,396,15,12,192,-2.810257
5320,-102,857,65,396,15,12,191,-2.422607
5320,-102,852,65,396,16,11,190,-1.362778
5320,-102,855,65,396,15,13,191,-2.987869
5320,-102,852,65,396,14,12,191,-3.490448
5320,-102,853,65,396,13,11,190,-4.398758
5320,-102,854,65,396,14,10,190,-3.891609
5320,-102,857,65,396,15,13,191,-2.601669
5320,-102,853,65,396,15,12,191,-2.401962
5320,-102,854,65,396,15,13,192,-2.266495
5320,-102,853,65,396,14,11,191,-3.091522
5320,-102,854,65,396,15,14,191,-3.310295
5320,-102,853,65,396,16,12,191,-1.283730
5320,-102,854,65,396,14,13,191,-3.321579
5320,-102,851,65,396,14,12,191,-3.254868
5320,-102,857,65,396,15,9,191,-2.410751
5320,-102,853,65,396,14,13,191,-3.453476
5320,-102,854,65,396,13,12,191,-4.774239
5320,-102,858,65,396,16,14,192,-1.301636
5320,-102,858,65,396,14,13,191,-3.455093
5320,-102,854,65,396,14,13,191,-3.302940
5320,-102,855,65,396,17,13,191,-0.080612
5320,-102,852,65,396,15,13,190,-2.515442
5320,-102,844,65,396,16,13,191,-1.176682
5320,-102,858,65,396,16,14,192,-1.321732
5320,-102,856,65,396,15,13,191,-2.538879
5320,-102,850,65,396,16,13,192,-1.488876
5320,-102,850,65,396,15,14,191,-2.439255
5320,-102,856,65,396,14,14,191,-3.129211
5320,-102,858,65,396,15,14,192,-2.207565
5320,-102,853,65,396,13,16,192,-3.983459
5320,-102,859,65,396,15,14,192,-3.309326
5320,-102,852,65,396,14,13,191,-3.525734
5320,-102,853,65,396,15,13,191,-2.411842
5320,-102,854,65,396,15,11,190,-2.858780
5320,-102,856,65,396,14,13,191,-3.249283
5320,-102,857,65,396,15,12,191,-2.246002
5320,-102,865,59,401,13,11,191,-4.115433
5320,-102,861,62,399,16,13,192,-1.623482
5320,-102,861,62,399,12,13,191,-5.256241
5320,-102,860,62,399,14,13,190,-3.538895
5320,-102,861,62,399,14,11,191,-3.566505
5320,-102,859,62,399,16,11,191,-1.070633
5320,-102,858,62,399,15,13,191,-2.557106
5320,-102,859,62,399,16,13,191,-1.272629
5320,-102,862,62,399,14,14,190,-3.041061
5320,-102,861,62,399,17,14,191,-0.180069
5320,-102,863,62,399,15,12,192,-2.344147
5320,-102,861,62,399,14,13,190,-3.263718
5320,-102,862,62,399,14,14,191,-4.066315
5320,-102,864,62,399,14,13,192,-3.103447
5320,-102,863,62,399,14,10,191,-3.697433
5320,-102,859,62,399,15,11,191,-2.427376
5320,-102,863,62,399,15,12,192,-2.624260
5320,-102,860,62,399,15,13,192,-2.340492
5320,-102,858,62,399,14,12,191,-3.202682
5320,-102,861,62,399,13,12,191,-4.692001
5320,-102,857,62,399,14,14,191,-3.612717
5320,-102,860,62,399,15,12,192,-2.367538
5320,-102,863,62,399,14,14,192,-3.813850
5320,-102,861,62,399,13,12,192,-4.780731
5320,-102,862,62,399,14,13,191,-3.773544
5320,-102,859,62,399,15,14,192,-2.459839
5320,-102,859,62,399,14,12,191,-3.452980
5320,-102,862,62,399,15,12,191,-2.404190
5320,-102,858,62,399,12,14,192,-5.794662
5320,-102,865,62,399,14,12,191,-3.562851
5320,-102,859,62,399,15,12,191,-2.558655
5320,-102,861,62,399,13,12,191,-5.094376
5320,-102,862,62,399,15,13,191,-2.109131
5320,-102,866,62,399,14,13,192,-3.370438
5320,-102,859,62,399,14,11,191,-4.050400
5320,-102,864,62,399,14,13,192,-4.119904
5320,-102,862,62,399,15,12,192,-2.502609
5320,-102,863,62,399,15,14,192,-2.139755
5320,-102,862,62,399,14,13,192,-3.583382
5320,-102,863,62,399,16,13,192,-2.150124
5320,-102,861,62,399,15,12,191,-2.229370
5320,-102,860,62,399,14,13,191,-4.095657
5320,-102,860,62,399,14,14,192,-3.374725
5320,-102,863,62,399,14,14,192,-3.632462
5320,-102,861,62,399,14,12,191,-3.181213
5320,-102,859,62,399,15,15,192,-2.432106
5320,-102,864,62,399,13,12,192,-4.612503
5320,-102,861,62,399,14,11,190,-3.058304
5320,-102,863,62,399,14,10,191,-3.748093
5320,-102,859,62,399,13,12,190,-4.469093
5320,-102,861,62,398,15,14,191,-2.329803
5320,-102,858,62,398,11,13,191,-6.813965
5320,-102,858,62,398,13,14,191,-4.454620
5320,-102,860,62,398,16,12,190,-1.501472
5320,-102,859,62,398,14,14,191,-3.100060
5320,-102,862,62,398,15,12,190,-2.709503
5320,-102,861,62,398,12,13,192,-5.193588
5320,-102,862,62,398,12,14,191,-5.529648
5320,-102,861,62,398,14,13,191,-4.098816
5320,-102,863,62,398,14,12,191,-3.572220
5320,-102,863,59,401,14,12,191,-3.620422
5320,-102,864,59,401,14,14,193,-3.466110
5320,-102,867,59,401,13,12,192,-4.386925
5320,-102,867,59,401,15,13,192,-2.427795
5320,-102,867,59,401,13,13,192,-4.306183
5320,-102,867,59,401,15,14,192,-2.415024
5320,-102,869,59,401,14,10,192,-3.628799
5320,-102,867,59,401,14,14,191,-3.229156
5320,-102,869,59,401,13,14,192,-4.036301
5320,-102,870,59,402,13,13,192,-4.575684
5320,-102,870,59,402,15,13,193,-2.992813
5320,-102,872,59,402,14,12,194,-3.517334
5320,-102,869,59,402,12,10,193,-5.183197
5320,-102,866,59,402,13,14,193,-3.943497
5320,-102,863,59,402,15,14,192,-2.618233
5320,-102,865,59,402,13,13,192,-4.954391
5320,-102,868,59,402,15,11,193,-2.981827
5320,-102,869,59,402,14,12,192,-3.948486
5320,-102,870,59,402,14,13,193,-3.070023
5320,-102,858,65,396,14,12,191,-3.795258
5320,-102,857,65,396,13,12,191,-4.488205
5320,-102,858,65,396,13,14,191,-4.731148
5320,-102,856,65,396,13,12,192,-4.829498
5320,-102,856,65,396,17,15,191,-0.402740
5320,-102,853,65,396,11,14,191,-7.261139
5320,-102,861,65,396,14,12,192,-3.458557
5320,-102,859,65,396,13,14,192,-4.266457
5320,-102,853,65,396,13,13,191,-4.177048
5320,-102,861,65,396,14,12,191,-3.531967
5320,-102,852,65,396,13,14,192,-4.540550
5320,-102,858,65,396,14,13,191,-3.408142
5320,-102,858,65,396,14,15,192,-3.526169
5320,-102,861,65,396,14,14,192,-3.428543
5320,-102,855,65,396,15,13,190,-2.236053
5320,-102,859,65,396,14,9,191,-3.228867
5320,-102,857,65,396,15,13,191,-2.130280
5320,-102,858,65,396,12,14,191,-5.403320
5320,-102,854,65,396,15,14,191,-2.167572
5320,-102,850,65,396,15,14,191,-2.007889
5320,-102,853,65,396,13,12,190,-4.381927
5320,-102,858,65,396,15,13,192,-2.444855
5320,-102,855,65,396,15,12,191,-2.231140
5320,-102,856,65,396,15,14,191,-2.304123
5320,-102,855,65,396,15,13,191,-2.497948
5320,-102,852,65,396,12,14,191,-6.295837
5320,-102,857,65,396,13,12,190,-4.874428
5320,-102,855,65,396,17,14,191,-0.469513
5320,-102,858,65,396,15,12,191,-2.384003
5320,-102,854,65,396,13,14,191,-4.725662
5320,-102,854,65,396,15,13,191,-3.327499
5320,-102,857,65,396,14,12,190,-2.984802
5320,-102,852,65,396,13,12,191,-4.233490
5320,-102,855,65,396,14,12,191,-3.624191
5320,-102,860,65,396,15,15,191,-2.745316
5320,-102,853,65,396,15,13,191,-2.395950
5320,-102,854,65,396,15,13,191,-2.474686
5320,-102,855,65,396,12,14,192,-5.284775
5320,-102,856,65,396,15,13,191,-2.315491
5320,-102,856,65,396,17,14,192,-0.997490
5320,-102,852,65,396,14,10,190,-3.527237
5320,-102,857,65,396,14,12,190,-3.189568
5320,-102,858,65,396,13,12,192,-4.533058
5320,-102,856,65,396,15,12,191,-2.721695
5320,-102,859,65,396,15,13,192,-2.148041
5320,-102,857,65,396,16,14,192,-1.499016
5320,-102,854,65,396,14,13,191,-3.425598
5320,-102,857,65,396,15,14,192,-2.194107
5320,-102,853,65,396,15,11,190,-2.899536
5320,-102,856,65,396,13,16,192,-4.150421
5320,-102,852,65,396,15,11,191,-2.124947
5320,-102,856,65,396,14,12,191,-3.444382
5320,-102,854,65,396,14,14,191,-3.937981
5320,-102,846,65,396,15,14,192,-2.645813
5320,-102,857,65,396,16,11,191,-1.430328
5320,-102,860,65,396,17,13,191,-0.265259
5320,-102,859,65,396,15,12,191,-3.286812
5320,-102,852,65,396,14,13,192,-3.673004
5320,-102,855,65,396,13,10,191,-4.248611
5320,-102,854,65,396,14,13,191,-3.590866
5320,-102,853,65,396,14,12,191,-4.272324
5320,-102,852,65,396,15,13,191,-2.219849
5320,-102,857,65,396,13,13,191,-4.937981
5320,-102,854,65,396,13,12,190,-4.068253
5320,-102,854,65,396,14,13,191,-3.368431
5320,-102,853,65,396,14,12,191,-3.750748
5320,-102,855,65,396,14,12,190,-3.497910
5320,-102,858,65,396,13,13,191,-4.399742
5320,-102,857,65,396,13,13,191,-4.251801
5320,-102,858,65,396,10,14,191,-7.167435
5320,-102,854,65,396,14,11,191,-3.458939
5320,-102,857,65,396,14,12,191,-3.237595
5320,-102,855,65,396,14,15,191,-3.945328
5320,-102,857,65,396,12,10,191,-5.699409
5320,-102,856,65,396,16,14,191,-1.600937
5320,-102,853,65,396,14,11,191,-3.165039
5320,-102,857,65,396,15,13,191,-2.557587
5320,-102,855,65,396,14,13,191,-3.453827
5320,-102,856,65,396,14,12,191,-3.240891
5320,-102,858,65,396,15,15,191,-2.457794
5320,-102,853,65,396,13,13,191,-4.568924
5320,-102,855,65,396,13,13,190,-5.159943
5320,-102,854,65,396,15,14,191,-2.906738
5320,-102,854,65,396,14,13,191,-3.057861
5320,-102,854,65,396,15,11,190,-3.206680
5320,-102,854,65,396,15,13,192,-2.304939
5320,-102,852,65,396,13,11,191,-4.464165
5320,-102,857,65,396,16,13,191,-1.303741
5320,-102,855,65,396,15,14,192,-2.301384
5320,-102,855,65,396,13,10,191,-4.543617
5320,-102,852,65,396,13,13,191,-4.615997
5320,-102,856,65,396,13,11,191,-4.244171
5320,-102,856,65,396,15,12,191,-2.473495
5320,-102,853,65,396,17,11,191,-0.313019
5320,-102,856,65,396,15,11,191,-2.243164
5320,-102,853,65,396,14,14,191,-2.892807
5320,-102,856,65,396,15,12,191,-2.375282
5320,-102,855,65,396,15,12,191,-2.585915
5320,-102,856,65,396,13,12,192,-5.334557
5320,-102,858,65,396,15,9,190,-2.131363
5320,-102,852,65,396,13,13,191,-4.535385
5320,-102,856,65,396,13,13,191,-4.943108
5320,-102,853,65,396,14,11,191,-3.089203
5320,-102,859,65,396,14,12,191,-3.101456
5320,-102,858,65,396,13,12,191,-4.487564
5320,-102,852,65,396,15,13,191,-2.931923
5320,-102,860,65,396,14,12,191,-3.140060
5320,-102,849,65,396,13,12,191,-4.164322
5320,-102,850,65,396,13,15,191,-4.077759
5320,-102,858,65,396,14,13,192,-3.337959
5320,-102,855,65,396,12,13,191,-5.323845
5320,-102,851,65,396,15,15,191,-2.188507
5320,-102,850,65,396,14,13,191,-3.301865
5320,-102,856,65,396,15,10,191,-2.398064
5320,-102,869,59,402,15,12,193,-2.041168
5320,-102,862,62,398,13,13,192,-4.194641
5320,-102,860,62,398,14,13,190,-3.471863
5320,-102,861,62,398,14,13,191,-4.149757
5320,-102,860,62,398,12,12,190,-5.189232
5320,-102,859,62,398,15,14,190,-2.404655
5320,-102,860,62,398,14,13,191,-2.997681
5320,-102,863,62,398,13,12,191,-4.534500
5320,-102,863,62,398,14,14,191,-3.359787
5320,-102,860,62,398,13,14,191,-4.319366
5320,-102,861,62,398,15,12,191,-2.201279
5320,-102,860,62,398,15,13,190,-2.029831
5320,-102,863,62,398,15,12,191,-2.062813
5320,-102,856,62,398,14,13,190,-3.493378
5320,-102,863,62,398,14,12,191,-3.744003
5320,-102,863,62,398,16,15,192,-1.268875
5320,-102,866,59,402,13,13,193,-4.453712
5320,-102,865,59,402,14,11,192,-3.266327
5320,-102,870,59,402,17,14,193,-0.475960
5320,-102,869,59,402,14,12,192,-3.422539
5320,-102,868,59,402,15,12,193,-2.468292
5320,-102,868,59,402,16,16,193,-1.660355
5320,-102,870,59,402,15,15,193,-2.964142
5320,-102,870,59,402,15,15,194,-2.745346
5320,-102,866,59,402,15,12,193,-2.002594
5320,-102,868,59,402,15,15,192,-2.133278
5320,-102,868,59,402,15,13,193,-2.681198
5320,-102,867,59,402,15,13,192,-2.166054
5320,-102,868,59,402,15,11,191,-2.345261
5320,-102,868,59,402,16,12,192,-1.590141
5320,-102,868,59,402,15,18,193,-2.478577
5320,-102,869,59,402,16,12,192,-1.270981
5320,-102,867,59,402,16,13,192,-1.587578
5320,-102,868,59,402,14,15,193,-3.622070
5320,-102,865,59,402,15,12,192,-2.960953
5320,-102,870,59,402,16,12,193,-1.714432
5320,-102,868,59,402,12,12,192,-5.936790
5320,-102,865,59,402,14,11,191,-3.188072
5320,-102,870,59,402,14,13,193,-4.001068
5320,-102,869,59,402,16,12,193,-1.460175
5320,-102,869,59,402,13,12,192,-4.392296
5320,-102,868,59,402,14,12,193,-3.335663
5320,-102,866,59,402,13,10,192,-4.280365
5320,-102,851,65,396,13,13,190,-5.238808
5320,-102,859,65,396,16,13,191,-1.593224
5320,-102,857,65,396,15,13,191,-2.390030
5320,-102,856,65,396,14,14,192,-4.273483
5320,-102,854,65,396,15,13,191,-2.411728
5320,-102,855,65,396,13,11,189,-4.379288
5320,-102,853,65,396,14,12,191,-3.929108
5320,-102,858,65,396,17,14,192,-0.817947
5320,-102,858,65,396,16,12,192,-1.103958
5320,-102,858,65,396,14,14,191,-3.187263
5320,-102,854,65,396,14,12,191,-3.771057
5320,-102,855,65,396,15,13,191,-2.140495
5320,-102,858,65,396,15,14,191,-2.400223
5320,-102,858,65,396,13,12,191,-4.503479
5320,-102,870,59,402,14,10,193,-3.264404
5320,-102,867,59,402,15,13,192,-2.594627
5320,-102,864,59,402,12,15,193,-5.516014
5320,-102,866,59,402,15,11,191,-2.535660
5320,-102,868,59,402,16,12,193,-1.622040
5320,-102,863,59,402,15,14,192,-2.961578
5320,-102,858,62,398,14,14,190,-3.370384
5320,-102,858,62,398,14,12,191,-3.085258
5320,-102,857,62,398,13,14,190,-4.130905
5320,-102,858,62,398,13,12,190,-4.139481
5320,-102,859,62,398,14,13,191,-3.235695
5320,-102,861,62,398,14,13,191,-3.338913
5320,-102,860,62,398,13,14,191,-4.396912
5320,-102,863,62,398,14,12,191,-3.368469
5320,-102,859,62,399,16,12,190,-2.071678
5320,-102,864,62,399,13,14,192,-4.347046
5320,-102,858,62,399,13,13,192,-4.452026
5320,-102,860,62,399,13,12,191,-4.214836
5320,-102,861,62,399,15,14,191,-2.368546
5320,-102,863,62,399,13,12,191,-5.081589
5320,-102,862,62,399,14,12,191,-3.313293
5320,-102,863,62,399,14,12,191,-3.765480
5320,-102,859,62,399,14,13,192,-3.341370
5320,-102,859,62,399,12,15,192,-5.294037
5320,-102,862,62,399,15,12,191,-3.125641
5320,-102,861,62,399,14,14,192,-3.036758
5320,-102,859,62,399,15,13,191,-2.350319
5320,-102,859,62,399,14,13,191,-3.289948
5320,-102,862,62,399,13,11,191,-4.588112
5320,-102,862,62,399,12,13,191,-5.413895
5320,-102,862,62,399,16,12,191,-1.578186
5320,-102,863,62,399,14,13,192,-4.188324
5320,-102,864,62,399,13,15,192,-5.125961
5320,-102,860,62,399,16,15,192,-0.983589
5320,-102,862,62,399,15,14,191,-2.256546
5320,-102,863,62,399,16,13,191,-1.372467
5320,-102,859,62,399,14,10,191,-3.592018
5320,-102,858,62,399,14,12,191,-3.579002
5320,-102,864,62,399,14,13,191,-3.303894
5320,-102,857,62,399,16,12,191,-2.096466
5320,-102,859,62,399,14,13,192,-3.365158
5320,-102,857,62,399,14,13,191,-3.603645
5320,-102,861,62,399,15,13,192,-3.136002
5320,-102,860,62,399,15,10,190,-2.499199
5320,-102,859,62,399,13,13,191,-4.271759
5320,-102,855,62,399,15,12,191,-2.284065
5320,-102,862,62,399,14,15,192,-3.597015
5320,-102,856,62,399,15,14,190,-2.343765
5320,-102,862,62,399,15,13,192,-2.132370
5320,-102,859,62,399,13,13,191,-5.103409
5320,-102,861,62,399,13,14,192,-4.613281
5320,-102,862,62,399,16,12,192,-2.103622
5320,-102,859,62,399,15,11,191,-2.700882
5320,-102,863,62,399,14,13,192,-3.502953
5320,-102,844,68,392,15,9,189,-2.426956
5320,-102,847,68,392,13,13,189,-4.179779
5320,-102,848,68,392,15,12,189,-2.750603
5320,-102,846,68,392,12,12,189,-5.698486
5320,-102,848,68,392,13,13,189,-4.142464
5320,-102,850,68,392,12,14,190,-5.152420
5320,-102,850,68,392,15,13,190,-2.353996
5320,-102,850,68,392,13,14,190,-4.433556
5320,-102,843,68,392,14,12,189,-3.248367
5320,-102,851,68,392,14,13,190,-3.135315
5320,-102,850,68,392,13,14,190,-4.489761
5320,-102,845,68,392,13,12,190,-4.531906
5320,-102,851,68,392,13,14,191,-4.700867
5320,-102,851,68,392,14,12,189,-3.769165
5320,-102,851,68,392,13,11,190,-4.473984
5320,-102,848,68,392,15,13,189,-2.199005
5320,-102,850,68,392,14,13,189,-3.153931
5320,-102,851,68,392,14,14,190,-3.194397
5320,-102,851,68,392,13,13,190,-4.420120
5320,-102,841,68,392,13,13,188,-4.543076
5320,-102,845,68,392,14,11,189,-3.470924
5320,-102,848,68,392,16,16,190,-1.483261
5320,-102,848,68,392,14,14,190,-3.302963
5320,-102,852,68,392,14,12,190,-3.658340
5320,-102,853,68,392,14,14,190,-3.536522
5320,-102,848,68,392,16,11,188,-1.273987
5320,-102,848,68,392,14,12,189,-3.464325
5320,-102,853,68,392,13,11,190,-4.263817
5320,-102,851,68,392,14,12,189,-3.343521
5320,-102,850,68,392,15,15,191,-2.086929
5320,-102,848,68,392,14,11,190,-3.542633
5320,-102,849,68,392,13,12,190,-4.783066
5320,-102,847,68,392,15,13,190,-2.146965
5320,-102,846,68,392,13,13,189,-4.018112
5320,-102,863,62,399,12,12,192,-5.632065
5320,-102,864,59,402,16,12,192,-1.178978
5320,-102,865,59,402,15,10,192,-2.180206
5320,-102,865,59,402,14,12,192,-3.944496
5320,-102,868,59,402,14,12,193,-3.342041
5320,-102,868,59,402,14,13,192,-3.421371
5320,-102,870,59,402,16,13,193,-1.474998
5320,-102,857,65,395,14,11,190,-3.645294
5320,-102,865,59,401,13,13,191,-4.351151
5320,-102,865,59,401,16,12,192,-2.030167
5320,-102,867,59,401,14,11,192,-3.609444
5320,-102,867,59,401,15,11,191,-2.552856
5320,-102,868,59,401,16,13,193,-1.128891
5320,-102,867,59,401,10,11,193,-7.194351
5320,-102,866,59,401,14,13,192,-4.044128
5320,-102,865,59,401,14,14,193,-3.686104
5320,-102,864,59,401,16,14,191,-1.602127
5320,-102,866,59,401,15,11,191,-2.369553
5320,-102,864,59,401,14,12,191,-3.283081
5320,-102,869,59,401,14,12,192,-3.294319
5320,-102,865,59,401,15,12,192,-2.698868
5320,-102,865,59,401,14,13,192,-3.258484
5320,-102,866,59,401,14,13,192,-3.667053
5320,-102,858,65,396,13,14,191,-4.746445
5320,-102,846,65,396,15,12,191,-2.567474
5320,-102,855,65,396,16,12,191,-1.202286
5320,-102,856,65,396,15,12,191,-3.284790
5320,-102,855,65,396,15,13,191,-2.746529
5320,-102,852,65,396,14,11,191,-4.237411
5320,-102,856,65,396,14,14,192,-3.959915
5320,-102,852,65,396,15,13,192,-2.526260
5320,-102,852,65,396,13,13,191,-4.272377
5320,-102,858,65,396,15,15,191,-2.474350
5320,-102,855,65,396,14,13,191,-3.777405
5320,-102,854,65,396,13,14,191,-4.748657
5320,-102,858,65,396,14,12,191,-3.688545
5320,-102,861,65,396,14,13,191,-4.277969
5320,-102,856,65,396,13,13,191,-5.275162
5320,-102,856,65,396,15,11,191,-2.460159
5320,-102,858,62,399,12,14,192,-5.344986
5320,-102,860,62,399,14,13,191,-4.086632
5320,-102,858,62,399,14,13,191,-3.412346
5320,-102,859,62,399,14,10,191,-3.578896
5320,-102,858,62,399,13,12,190,-4.679214
5320,-102,862,62,399,15,14,192,-2.147766
5320,-102,864,62,399,15,13,191,-2.744202
5320,-102,858,62,399,14,14,191,-3.611427
5320,-102,853,62,399,14,12,191,-3.133362
5320,-102,862,62,399,16,13,191,-2.122879
5320,-102,865,62,399,13,11,192,-4.373428
5320,-102,859,62,399,15,13,191,-2.383499
5320,-102,861,62,399,13,13,192,-4.616714
5320,-102,862,62,399,15,13,190,-2.497177
5320,-102,859,62,399,16,12,192,-2.156479
5320,-102,864,62,399,15,14,191,-2.275757
5320,-102,859,62,399,14,12,191,-3.267288
5320,-102,859,62,399,16,13,192,-1.473862
5320,-102,859,62,399,15,12,191,-2.307098
5320,-102,862,62,399,15,11,192,-2.796799
5320,-102,862,62,399,16,14,192,-1.149734
5320,-102,860,62,399,16,12,191,-1.232513
5320,-102,859,62,399,13,14,192,-4.076103
5320,-102,866,62,399,15,12,192,-2.299850
5320,-102,861,62,399,14,11,191,-3.716125
5320,-102,858,62,399,14,13,191,-3.785660
5320,-102,866,62,399,15,13,192,-2.779282
5320,-102,861,62,399,14,12,191,-4.018829
5320,-102,856,62,399,15,12,191,-1.944435
5320,-102,859,62,399,16,12,191,-2.049423
5320,-102,862,62,399,16,15,191,-1.541901
5320,-102,861,62,399,15,13,192,-2.675034
5320,-102,866,59,402,14,13,193,-3.608459
5320,-102,870,59,402,16,12,193,-1.479187
5320,-102,867,59,402,14,13,193,-3.499954
5320,-102,869,59,402,15,12,193,-2.274078
5320,-102,867,59,402,15,11,192,-2.616196
5320,-102,870,59,402,16,16,193,-1.159721
5320,-102,867,59,402,15,14,193,-2.297539
5320,-102,870,59,402,15,14,193,-3.027893
5745,-102,860,62,399,18,13,190,1.095619
5745,-102,864,62,399,18,13,191,0.997391
5745,-102,864,62,399,17,13,190,-0.696548
5745,-102,863,62,399,18,11,189,0.436241
5745,-102,863,62,399,18,12,190,0.742081
5745,-102,863,62,399,19,13,190,1.692345
5745,-102,862,62,399,18,15,190,0.780067
5745,-102,862,62,399,18,12,190,0.341354
5745,-102,861,62,399,19,11,189,1.055473
5745,-102,861,62,399,20,12,190,1.997337
5745,-102,862,62,399,18,11,190,0.331879
5745,-102,862,62,399,17,12,190,-0.482796
5745,-102,865,62,399,18,15,191,0.812180
5745,-102,864,62,399,17,9,189,-0.624954
5745,-102,860,62,399,19,13,190,1.033554
5745,-102,862,62,399,17,13,190,-0.491997
5745,-102,857,62,399,18,11,190,-0.024948
5745,-102,857,62,399,19,12,189,2.054306
5745,-102,864,62,399,17,14,190,-0.983253
5745,-102,864,62,399,19,12,190,1.803726
5745,-102,859,62,399,15,13,190,-3.037125
5745,-102,861,62,399,18,14,190,0.712219
5745,-102,861,62,399,20,12,190,2.525162
5745,-102,864,62,399,17,10,190,-0.260788
5745,-102,860,62,399,20,12,190,2.341843
5745,-102,862,62,399,19,13,190,1.363281
5745,-102,861,62,399,17,16,190,-0.209381
5745,-102,861,62,399,18,12,190,0.338776
5745,-102,863,62,399,17,14,191,-0.523796
5745,-102,865,62,399,18,12,190,0.845154
5745,-102,864,62,399,18,12,190,0.543900
5745,-102,861,62,399,19,12,189,1.741333
5745,-102,863,62,399,19,14,190,1.828934
5745,-102,860,62,399,18,13,190,0.682663
5745,-102,862,62,399,19,14,190,1.579865
5745,-102,859,62,399,17,12,190,0.039703
5745,-102,863,62,399,19,10,189,1.616203
5745,-102,862,62,399,19,14,189,1.764313
5745,-102,861,62,399,18,13,189,0.572968
5745,-102,860,62,399,20,14,190,2.334015
5745,-102,864,62,399,16,15,190,-1.660004
5745,-102,864,62,399,18,13,190,0.382736
5745,-102,860,62,399,18,14,190,-0.001465
5745,-102,862,62,399,18,10,189,1.055649
5745,-102,864,62,399,18,13,190,0.940300
5745,-102,864,62,399,16,13,191,-1.657776
5745,-102,862,62,399,17,12,191,-0.381119
5745,-102,857,62,399,18,14,190,0.821732
5745,-102,859,62,399,18,14,190,0.831604
5745,-102,862,62,399,19,13,190,0.995102
5745,-102,863,62,399,17,11,190,-0.193985
5745,-102,860,62,399,19,11,190,1.790962
5745,-102,861,62,399,18,11,190,0.528290
5745,-102,863,62,399,18,11,190,0.542114
5745,-102,860,62,399,18,12,190,0.473267
5745,-102,867,62,399,19,12,191,1.315369
5745,-102,860,62,399,19,13,190,1.838135
5745,-102,861,62,399,19,14,190,1.836288
5745,-102,858,62,399,20,13,191,2.621086
5745,-102,858,62,399,18,13,190,0.466812
5745,-102,863,62,399,19,11,190,0.996109
5745,-102,860,62,399,19,14,190,1.403915
5745,-102,860,62,399,19,10,190,1.367188
5745,-102,859,62,399,17,13,191,-1.051651
5745,-102,859,62,399,20,11,189,2.613220
5745,-102,859,62,399,20,12,190,2.729355
5745,-102,858,62,399,19,12,189,1.541245
5745,-102,861,62,399,18,11,190,0.531700
5745,-102,864,62,399,19,13,189,1.043839
5745,-102,864,62,399,18,11,190,0.879601
5745,-102,860,62,399,19,13,191,1.761444
5745,-102,862,62,399,19,12,190,1.781769
5745,-102,863,62,399,18,12,191,0.788971
5745,-102,863,62,399,19,13,190,1.763321
5745,-102,863,62,399,20,12,190,2.840958
5745,-102,864,62,399,18,11,190,0.555779
5745,-102,866,62,399,19,11,190,1.802826
5745,-102,864,62,399,18,11,190,0.387787
5745,-102,862,62,399,19,11,190,1.870430
5745,-102,863,62,399,17,14,190,-0.518295
5745,-102,861,62,399,19,13,190,1.572144
5745,-102,864,62,399,19,12,190,0.971664
5745,-102,864,62,399,18,11,190,0.996689
5745,-102,864,62,399,18,15,190,0.695259
5745,-102,858,62,399,19,13,190,1.688156
5745,-102,860,62,399,19,12,190,1.521133
5745,-102,862,62,399,17,14,190,-0.475563
5745,-102,864,62,399,19,13,190,1.663300
5745,-102,861,62,399,19,14,190,1.642242
5745,-102,864,62,399,17,11,190,-0.050560
5745,-102,862,62,399,18,14,191,-0.054810
5745,-102,862,62,399,18,14,190,-0.044083
5745,-102,863,62,399,18,13,191,0.297249
5745,-102,862,62,399,17,12,191,-0.661224
5745,-102,860,62,399,17,10,189,-0.382561
5745,-102,864,62,399,17,12,191,-0.713570
5745,-102,863,62,399,18,13,191,0.460449
5745,-102,863,62,399,18,11,190,1.011696
5745,-102,864,62,399,20,13,191,2.778740
5745,-102,863,62,399,19,13,190,1.713120
5745,-102,863,62,399,21,10,190,3.924927
5745,-102,861,62,399,16,13,190,-1.342056
5745,-102,865,62,399,18,14,191,0.663071
5745,-102,861,62,399,18,15,190,0.661461
5745,-102,865,62,399,18,14,191,1.128838
5745,-102,860,62,399,19,13,190,1.708076
5745,-102,862,62,399,18,12,190,1.008469
5745,-102,863,62,399,18,13,190,-0.018448
5745,-102,862,62,399,17,11,190,-0.637711
5745,-102,863,62,399,17,12,190,-1.042259
5745,-102,862,62,399,20,13,191,2.744408
5745,-102,864,62,399,19,12,190,1.379044
5745,-102,864,62,399,19,13,190,1.701462
5745,-102,866,62,399,18,13,191,0.306656
5745,-102,861,62,399,17,16,190,-0.996086
5745,-102,860,62,399,20,11,190,2.493622
5745,-102,863,62,399,17,11,190,-0.474052
5745,-102,859,62,399,18,12,190,0.514801
5745,-102,864,62,399,17,12,190,-0.964294
5745,-102,863,62,399,19,12,190,1.008110
5745,-102,862,62,399,18,13,190,0.668732
5745,-102,863,62,399,17,11,190,-0.312546
5745,-102,864,62,399,18,13,190,-0.019913
5745,-102,861,62,399,17,12,190,-0.281586
5745,-102,861,62,399,17,12,190,-0.165894
5745,-102,865,62,399,19,10,190,1.334610
5745,-102,864,62,399,18,14,190,0.696243
5745,-102,866,62,399,19,12,190,1.686478
5745,-102,864,62,399,19,13,191,1.728836
5745,-102,861,62,399,17,12,190,-0.176163
5745,-102,868,62,399,20,14,190,2.560661
5745,-102,863,62,399,18,12,190,0.345352
5745,-102,861,62,399,19,11,190,1.700943
5745,-102,864,62,399,18,12,190,0.819931
5745,-102,865,62,399,18,12,190,0.850098
5745,-102,862,62,399,18,12,190,0.856735
5745,-102,866,62,399,17,11,189,0.135483
5745,-102,865,62,399,19,14,191,0.948540
5745,-102,865,62,399,18,14,190,0.513306
5745,-102,866,62,399,18,11,190,0.543030
5745,-102,864,62,399,18,13,190,0.529602
5745,-102,866,62,399,19,15,191,1.655846
5745,-102,866,62,399,17,13,191,-0.354294
5745,-102,860,62,399,18,11,190,0.831604
5745,-102,866,62,399,17,13,190,-0.999146
5745,-102,864,62,399,18,13,191,-0.026520
5745,-102,865,62,399,19,12,190,1.845749
5745,-102,864,62,399,18,12,190,0.882095
5745,-102,864,62,399,18,14,191,0.955261
5745,-102,865,62,399,18,13,190,0.363937
5745,-102,864,62,399,18,12,190,0.762619
5745,-102,864,62,399,19,13,190,1.849861
5745,-102,863,62,399,16,14,191,-1.728729
5745,-102,864,62,399,18,13,190,0.674728
5745,-102,862,62,399,17,14,191,-0.212410
5745,-102,863,62,399,20,12,189,2.065887
5745,-102,862,62,399,19,12,190,1.509186
5745,-102,863,62,399,19,12,190,1.376633
5745,-102,862,62,399,19,11,190,1.821594
5745,-102,862,62,399,19,13,190,1.525688
5745,-102,848,68,392,18,12,188,0.353653
5745,-102,868,59,401,17,11,191,-0.880478
5745,-102,866,59,401,18,12,191,0.745094
5745,-102,867,59,401,18,12,191,0.641647
5745,-102,868,59,401,17,10,191,-0.180023
5745,-102,861,59,401,20,13,190,2.100952
5745,-102,869,59,401,18,11,191,0.867416
5745,-102,868,59,401,18,15,191,0.736343
5745,-102,857,65,396,19,12,189,1.359367
5745,-102,857,65,396,20,10,188,2.616417
5745,-102,859,62,399,17,14,190,-0.991180
5745,-102,861,62,399,19,10,189,1.878006
5745,-102,864,62,399,18,12,190,0.530083
5745,-102,863,62,399,18,11,190,0.791763
5745,-102,863,62,399,19,12,190,1.572311
5745,-102,863,62,399,17,13,190,-0.950943
5745,-102,859,62,399,18,11,190,1.020691
5745,-102,860,62,399,18,15,190,0.940475
5745,-102,863,62,399,19,13,190,1.763367
5745,-102,860,62,399,19,11,190,1.487305
5745,-102,864,62,399,17,13,191,-1.048958
5745,-102,862,62,399,17,13,190,-0.132507
5745,-102,864,62,399,18,12,190,0.804855
5745,-102,858,62,399,19,11,190,0.993378
5745,-102,861,62,399,17,10,189,-0.303192
5745,-102,863,62,399,16,14,191,-1.218552
5745,-102,862,62,399,19,13,191,1.295410
5745,-102,864,62,399,18,13,190,0.534470
5745,-102,861,62,399,19,13,190,1.340912
5745,-102,861,62,399,18,10,190,0.507095
5745,-102,857,62,399,20,12,189,2.826492
5745,-102,858,62,399,17,11,189,-0.621872
5745,-102,862,62,399,18,12,190,0.787643
5745,-102,863,62,399,19,12,190,1.554749
5745,-102,860,62,399,18,11,190,0.007294
5745,-102,861,62,399,19,11,189,1.365631
5745,-102,862,62,399,18,10,190,0.721237
5745,-102,861,62,399,19,13,190,1.533279
5745,-102,862,62,399,18,10,190,0.695663
5745,-102,859,62,399,18,12,190,-0.002289
5745,-102,863,62,399,18,13,190,0.834976
5745,-102,866,62,399,18,11,190,0.562393
5745,-102,858,62,399,18,13,189,0.562149
5745,-102,861,62,399,20,13,190,2.852844
5745,-102,860,62,399,18,11,189,0.712784
5745,-102,862,62,399,19,12,190,1.382019
5745,-102,864,62,399,17,12,190,-1.035110
5745,-102,859,62,399,18,13,191,0.580643
5745,-102,869,59,401,17,12,191,-0.244682
5745,-102,864,62,399,18,13,191,0.285782
5745,-102,861,62,399,18,10,190,0.697739
5745,-102,864,62,399,17,11,191,-0.080864
5745,-102,863,62,399,17,13,191,-0.085526
5745,-102,859,62,399,18,12,190,0.920517
5745,-102,866,62,399,19,12,190,2.050514
5745,-102,865,62,399,17,14,190,-0.304794
5745,-102,865,62,399,17,13,190,-0.284286
5745,-102,861,62,399,19,16,190,1.689003
5745,-102,857,62,399,20,11,190,2.482697
5745,-102,866,62,399,18,14,190,0.897903
5745,-102,864,62,399,18,13,190,1.139114
5745,-102,864,62,399,18,11,190,0.820259
5745,-102,864,62,399,19,11,191,1.349167
5745,-102,862,62,399,17,13,190,-0.341927
5745,-102,864,62,399,19,12,190,1.810104
5745,-102,862,62,399,19,12,190,1.744446
5745,-102,864,62,399,19,12,190,1.501335
5745,-102,860,62,399,17,14,190,-1.004936
5745,-102,863,62,399,18,13,191,-0.063095
5745,-102,864,62,399,18,12,190,0.529213
5745,-102,863,62,399,18,13,190,0.982101
5745,-102,864,62,399,17,14,192,-0.106300
5745,-102,861,62,399,18,10,190,0.389755
5745,-102,863,62,399,19,13,191,1.299194
5745,-102,861,62,399,18,12,190,0.686172
5745,-102,861,62,399,18,11,190,0.845871
5745,-102,860,62,399,18,12,190,0.776199
5745,-102,862,62,399,19,12,191,1.774200
5745,-102,862,62,399,18,13,190,0.024757
5745,-102,861,62,399,19,12,190,1.707611
5745,-102,862,62,399,19,14,190,1.332588
5745,-102,864,62,399,16,16,190,-1.515594
5745,-102,860,62,399,18,11,190,0.780136
5745,-102,859,62,399,19,15,190,1.634003
5745,-102,859,62,399,18,13,191,0.696884
5745,-102,866,62,399,17,10,190,-0.630478
5745,-102,864,62,399,18,13,190,0.360291
5745,-102,864,62,399,18,13,190,-0.000168
5745,-102,863,62,399,17,13,190,-0.360519
5745,-102,863,62,399,18,9,191,0.965866
5745,-102,864,62,399,18,14,191,-0.081223
5745,-102,860,62,399,16,11,190,-1.171814
5745,-102,863,62,399,19,14,190,1.572701
5745,-102,863,62,399,18,11,189,0.443527
5745,-102,862,62,399,19,15,190,1.744324
5745,-102,857,62,399,19,12,189,1.035385
5745,-102,860,62,399,19,13,190,1.540291
5745,-102,858,62,399,18,12,190,0.529907
5745,-102,862,62,399,18,11,190,0.526711
5745,-102,862,62,399,20,10,190,2.380142
5745,-102,862,62,399,19,10,190,1.558304
5745,-102,863,62,399,19,12,190,1.822525
5745,-102,865,62,399,18,10,190,-0.015594
5745,-102,864,62,399,18,12,190,0.345215
5745,-102,864,62,399,18,13,190,1.136467
5745,-102,863,62,399,21,11,191,3.617737
5745,-102,862,62,399,19,13,190,1.304947
5745,-102,863,62,399,19,11,190,1.770889
5745,-102,862,62,399,18,12,190,0.797180
5745,-102,863,62,399,19,13,190,1.349907
5745,-102,863,62,399,17,12,190,-0.494583
5745,-102,866,62,399,19,12,190,1.384552
5745,-102,860,62,399,17,14,190,-0.437965
5745,-102,858,62,399,17,10,189,-0.262131
5745,-102,864,62,399,18,10,190,0.790909
5745,-102,866,62,399,20,13,190,2.339310
5745,-102,870,59,402,18,14,192,0.791046
5745,-102,870,59,402,18,11,191,0.131302
5745,-102,855,65,395,19,14,190,1.600891
5745,-102,855,65,395,19,12,189,1.165260
5745,-102,855,65,395,20,11,189,2.912674
5745,-102,859,65,395,18,14,189,0.626007
5745,-102,857,65,395,19,13,189,1.738419
5745,-102,859,65,395,19,12,189,1.608871
5745,-102,857,65,395,19,12,189,1.666336
5745,-102,859,65,395,18,10,188,0.838135
5745,-102,859,65,395,19,12,189,1.886169
5745,-102,859,65,395,18,13,190,-0.256424
5745,-102,860,65,395,20,12,190,2.565079
5745,-102,859,65,395,16,13,189,-1.045593
5745,-102,856,65,395,19,13,188,1.477554
5745,-102,858,65,395,18,12,189,0.410469
5745,-102,859,65,395,19,11,190,1.543747
5745,-102,857,65,395,18,11,190,0.459656
5745,-102,857,65,395,19,12,189,1.478287
5745,-102,853,65,395,18,12,188,0.888565
5745,-102,855,65,395,18,12,189,0.772881
5745,-102,858,65,395,17,14,190,-0.547546
5745,-102,854,65,395,20,12,188,2.779999
5745,-102,854,65,395,17,11,189,-0.369247
5745,-102,856,65,395,21,10,189,3.787476
5745,-102,853,65,395,19,13,189,1.731934
5745,-102,857,65,395,19,11,189,1.341644
5745,-102,854,65,395,19,13,190,1.332664
5745,-102,855,65,395,19,14,189,0.800949
5745,-102,857,65,395,19,13,189,1.506790
5745,-102,857,65,396,18,14,190,0.850464
5745,-102,859,65,396,17,12,189,-0.455872
5745,-102,851,65,396,17,12,188,-0.590027
5745,-102,866,59,401,17,12,190,-0.216537
5745,-102,846,68,393,18,14,189,0.794701
5745,-102,857,65,396,17,10,190,-0.329834
5745,-102,858,65,396,18,15,190,0.309845
5745,-102,858,65,396,18,11,189,0.796822
5745,-102,856,65,396,18,10,189,0.678253
5745,-102,858,65,396,19,12,189,1.560089
5745,-102,858,65,396,18,14,191,0.554932
5745,-102,858,65,396,17,9,189,-0.077972
5745,-102,856,65,396,18,15,189,0.388428
5745,-102,859,65,396,18,11,189,0.716827
5745,-102,858,65,396,17,14,189,-0.193680
5745,-102,852,65,396,18,10,188,0.443314
5745,-102,856,65,396,18,12,189,0.895248
5745,-102,857,65,396,18,10,189,0.760704
5745,-102,856,65,396,19,14,190,1.631241
5745,-102,857,65,396,16,13,190,-0.977280
5745,-102,859,65,396,16,13,190,-1.261597
5745,-102,856,65,396,19,13,189,1.935791
5745,-102,858,65,396,17,13,190,-0.797806
5745,-102,859,65,396,19,13,190,0.803375
5745,-102,858,65,396,18,13,190,0.937607
5745,-102,853,65,396,19,13,189,1.370865
5745,-102,859,65,396,17,12,189,-0.612350
5745,-102,855,65,396,16,11,190,-1.206253
5745,-102,857,65,396,18,12,189,0.705231
5745,-102,860,65,396,18,13,190,-0.174759
5745,-102,856,65,396,18,13,190,0.633224
5745,-102,860,65,396,18,11,190,0.353226
5745,-102,858,65,396,17,12,189,-0.474945
5745,-102,855,65,396,21,14,190,4.092026
5745,-102,860,65,396,18,13,190,0.508003
5745,-102,855,65,396,17,13,189,-0.342896
5745,-102,853,65,396,18,13,189,0.489494
5745,-102,867,59,401,16,8,190,-1.282288
5745,-102,867,59,401,18,12,191,0.768738
5745,-102,861,62,398,18,11,190,0.682785
5745,-102,863,62,398,18,11,190,0.522041
5745,-102,861,62,398,18,14,190,0.710930
5745,-102,863,62,398,18,13,190,0.963760
5745,-102,859,62,398,19,14,190,1.938873
5745,-102,863,62,398,16,10,190,-1.726089
5745,-102,862,62,398,17,11,190,-0.329865
5745,-102,860,62,398,18,13,189,0.707664
5745,-102,860,62,398,17,13,190,-0.426514
5745,-102,862,62,398,19,15,190,1.302132
5745,-102,863,62,398,17,14,190,-0.387238
5745,-102,860,62,398,17,12,190,-0.266411
5745,-102,862,62,398,18,12,190,0.584839
5745,-102,863,62,398,18,12,190,0.868546
5745,-102,863,62,398,20,13,190,2.778297
5745,-102,859,62,398,17,12,189,-0.307404
5745,-102,864,62,398,17,14,190,-0.119797
5745,-102,863,62,398,17,13,189,-0.401871
5745,-102,861,62,398,18,11,190,0.705246
5745,-102,863,62,398,18,11,189,0.764435
5745,-102,863,62,398,18,14,189,0.604248
5745,-102,863,62,398,18,12,190,0.519814
5745,-102,860,62,398,18,13,189,0.011948
5745,-102,853,62,398,18,13,189,0.767624
5745,-102,860,62,398,20,12,190,2.788422
5745,-102,862,62,398,18,13,189,0.985962
5745,-102,863,62,398,16,12,190,-2.080292
5745,-102,863,62,398,19,12,190,1.327560
5745,-102,862,62,398,17,13,190,-1.069412
5745,-102,862,62,398,18,12,190,0.721382
5745,-102,861,62,398,18,12,189,0.602692
5745,-102,862,62,398,18,12,191,0.473526
5745,-102,862,62,398,18,13,190,0.547073
5745,-102,859,62,398,17,13,190,-0.130028
5745,-102,862,62,398,18,11,189,1.154610
5745,-102,859,62,398,18,11,189,0.794434
5745,-102,861,62,398,20,12,190,1.942505
5745,-102,860,62,398,18,12,189,1.033577
5745,-102,860,62,398,17,13,190,-0.678299
5745,-102,861,62,398,18,14,190,0.571808
5745,-102,859,62,398,17,11,190,-1.029556
5745,-102,858,62,398,17,12,190,-1.109489
5745,-102,858,62,398,19,10,189,1.308502
5745,-102,861,62,398,18,12,189,0.717682
5745,-102,859,62,398,18,13,190,0.519676
5745,-102,863,62,398,17,12,189,-0.947273
5745,-102,859,62,398,18,12,189,0.986168
5745,-102,861,62,398,19,12,189,1.565483
5745,-102,857,62,398,19,12,190,1.516510
5745,-102,857,62,398,18,12,190,0.960373
5745,-102,861,62,398,17,10,190,-0.230606
5745,-102,863,62,398,17,10,189,-0.183411
5745,-102,856,62,398,17,13,190,-0.380981
5745,-102,852,68,393,18,11,189,0.987480
5745,-102,867,59,401,21,11,190,3.777008
5745,-102,865,59,401,18,9,190,0.751762
5745,-102,861,62,398,18,10,189,0.810242
5745,-102,858,62,398,18,13,190,0.607559
5745,-102,863,62,398,18,13,190,0.741440
5745,-102,870,59,402,17,12,191,-0.852806
5745,-102,869,59,402,16,13,193,-1.979042
5745,-102,870,59,402,19,14,191,1.135330
5745,-102,870,59,402,16,13,192,-0.777023
5745,-102,870,59,402,18,12,192,0.787209
5745,-102,857,65,395,19,11,188,1.193665
5745,-102,857,65,395,17,10,188,-0.213501
5745,-102,856,65,395,18,12,188,0.587708
5745,-102,857,65,395,18,12,188,0.835999
5745,-102,856,65,395,20,11,188,2.554276
5745,-102,857,65,395,17,13,189,-0.197975
5745,-102,855,65,395,17,12,189,-0.804581
5745,-102,856,65,395,19,9,188,1.654556
5745,-102,856,65,395,17,13,189,-0.358032
5745,-102,859,65,395,20,11,189,2.880890
5745,-102,857,65,395,16,13,190,-1.841751
5745,-102,857,65,395,18,12,188,0.648483
5745,-102,857,65,395,18,9,189,1.166412
5745,-102,854,65,395,18,11,188,0.759186
5745,-102,855,65,395,18,12,189,0.499504
5745,-102,852,65,395,16,11,189,-0.979950
5745,-102,869,59,401,18,11,191,0.900970
5745,-102,865,59,401,19,13,190,1.942169
5745,-102,858,65,396,21,13,190,3.681717
5745,-102,854,65,396,20,11,190,3.023560
5745,-102,860,65,396,20,10,189,1.846359
5745,-102,858,65,396,18,14,190,0.748444
5745,-102,869,59,402,18,10,190,0.522919
5745,-102,864,62,398,20,13,190,2.685776
5745,-102,861,62,398,17,12,190,-0.683655
5745,-102,863,62,398,18,13,189,0.698074
5745,-102,863,62,398,18,12,190,0.321671
5745,-102,859,62,398,15,13,189,-3.023170
5745,-102,864,62,398,18,12,189,0.593048
5745,-102,863,62,398,19,12,190,1.751038
5745,-102,863,62,398,18,13,190,-0.067337
5745,-102,859,62,398,18,15,189,-0.043274
5745,-102,859,62,398,18,12,189,0.664337
5745,-102,863,62,398,19,11,189,1.612099
5745,-102,863,62,398,18,13,190,0.786514
5745,-102,863,62,398,15,11,190,-3.034531
5745,-102,863,62,398,19,11,190,1.642136
5745,-102,859,62,398,17,13,189,-0.422577
5745,-102,862,62,398,20,11,189,2.800232
5745,-102,863,62,398,18,11,190,0.789078
5745,-102,862,62,398,17,12,190,-1.071045
5745,-102,860,62,398,18,14,190,1.033127
5745,-102,859,62,398,18,11,190,0.884689
5745,-102,863,62,398,19,12,190,1.777130
5745,-102,858,62,398,18,13,189,0.566483
5745,-102,858,62,398,18,14,190,0.938263
5745,-102,861,62,398,17,12,190,-0.377411
5745,-102,864,62,398,16,12,191,-1.401398
5745,-102,861,62,398,17,11,189,-0.321625
5745,-102,860,62,398,18,10,189,0.721573
5745,-102,862,62,398,19,11,189,1.388725
5745,-102,859,62,398,19,13,190,1.244461
5745,-102,864,62,398,17,14,190,-0.697807
5745,-102,858,62,398,19,13,189,1.682465
5745,-102,863,62,398,18,10,190,0.963669
5745,-102,863,62,398,19,13,190,1.537254
5745,-102,862,62,398,17,13,189,-0.323799
5745,-102,862,62,398,19,10,189,1.371582
5745,-102,865,62,398,17,12,190,-0.983620
5745,-102,863,62,398,16,12,189,-2.001709
5745,-102,862,62,398,18,11,189,-0.005157
5745,-102,864,62,398,18,14,190,0.942451
5745,-102,860,62,398,16,12,190,-1.124283
5745,-102,863,62,398,19,11,190,1.316254
5745,-102,863,62,398,18,12,189,0.706734
5745,-102,861,62,398,18,11,189,0.705933
5745,-102,863,62,398,19,13,190,1.735336
5745,-102,859,62,398,17,12,189,-0.208755
5745,-102,862,62,398,19,11,188,1.659958
5745,-102,859,62,398,18,11,189,0.804260
5745,-102,863,62,398,21,13,190,3.006256
5745,-102,861,62,398,18,12,189,0.555252
5745,-102,863,62,398,17,12,190,-0.310257
5745,-102,847,68,393,20,13,188,2.581551
5745,-102,854,68,393,19,13,189,1.530975
5745,-102,861,62,398,20,11,188,2.675072
5745,-102,860,62,398,18,13,190,0.780136
5745,-102,860,62,398,18,11,189,1.007980
5745,-102,861,62,398,19,12,189,0.989334
5745,-102,860,62,398,18,12,190,0.719360
5745,-102,861,62,398,19,14,190,1.520264
5745,-102,858,62,398,19,10,189,1.829849
5745,-102,860,62,398,18,12,189,0.954346
5745,-102,858,62,398,20,15,189,2.580299
5745,-102,862,62,398,19,12,189,1.576797
5745,-102,863,62,398,18,12,190,0.643570
5745,-102,862,62,398,18,13,190,0.642822
5745,-102,861,62,398,17,15,191,-0.758423
5745,-102,863,62,398,20,13,190,2.291000
5745,-102,858,62,398,19,11,190,1.668549
5745,-102,861,62,398,16,12,190,-1.507156
5745,-102,869,59,402,16,11,192,-1.546776
5745,-102,854,65,395,19,12,188,1.544579
5745,-102,854,65,395,20,13,190,2.666443
5745,-102,854,65,395,19,13,189,1.597687
5745,-102,852,65,395,18,12,188,0.795700
5745,-102,856,65,395,20,13,190,2.841980
5745,-102,855,65,396,19,13,190,1.784149
5745,-102,857,65,396,17,13,190,-0.828140
5745,-102,857,65,396,19,13,190,1.981438
5745,-102,858,65,396,18,12,190,0.926224
5745,-102,850,65,396,18,13,189,0.694138
5745,-102,852,65,396,17,11,189,-0.623993
5745,-102,854,65,396,18,12,189,0.647820
5745,-102,854,65,396,18,10,189,0.541870
5745,-102,853,65,396,18,12,190,0.931374
5745,-102,857,65,396,18,12,189,0.966278
5745,-102,856,65,396,18,13,189,0.637756
5745,-102,853,65,396,17,13,189,-0.129784
5745,-102,857,65,396,17,11,189,-0.640015
5745,-102,854,65,396,18,13,189,0.678185
5745,-102,857,65,396,18,12,190,0.319565
5745,-102,856,65,396,18,13,190,0.678802
5745,-102,858,65,396,18,15,191,0.644058
5745,-102,856,65,396,17,13,191,-0.710388
5745,-102,857,65,396,18,12,190,0.192307
5745,-102,857,65,396,19,11,189,1.669495
5745,-102,855,65,396,18,12,189,0.627831
5745,-102,854,65,396,18,12,189,0.523880
5745,-102,851,65,396,17,12,190,-0.035866
5745,-102,854,65,396,19,13,189,1.505508
5745,-102,855,65,396,18,11,190,0.906731
5745,-102,857,65,396,18,12,189,0.712219
5745,-102,851,65,396,20,12,190,2.464020
5745,-102,857,65,396,17,13,190,-0.090103
5745,-102,855,65,396,18,13,190,0.765549
5745,-102,855,65,396,16,12,189,-2.191544
5745,-102,853,65,396,19,10,187,1.514442
5745,-102,859,65,396,20,12,190,2.973587
5745,-102,857,65,396,18,13,190,0.507599
5745,-102,858,65,396,18,13,190,0.608749
5745,-102,855,65,396,19,12,190,1.131790
5745,-102,860,65,396,18,13,189,0.351585
5745,-102,857,65,396,19,13,190,1.616516
5745,-102,856,65,396,17,10,189,-0.812408
5745,-102,855,65,396,17,13,189,-0.088898
5745,-102,857,65,396,19,13,190,1.817581
5745,-102,852,65,396,19,12,189,1.495438
5745,-102,858,65,396,17,11,188,-0.177040
5745,-102,856,65,396,16,12,189,-1.432953
5745,-102,855,65,396,18,12,190,0.330681
5745,-102,858,65,396,19,13,191,1.626175
5745,-102,857,65,396,17,11,189,-0.565994
5745,-102,856,65,396,20,13,189,2.888107
5745,-102,852,65,396,18,13,189,0.322655
5745,-102,852,65,396,18,11,189,0.651489
5745,-102,852,65,396,19,13,189,1.521492
5745,-102,858,65,396,17,14,190,-0.280441
5745,-102,854,65,396,18,11,188,1.096909
5745,-102,851,65,396,18,14,189,0.815460
5745,-102,855,65,396,17,16,190,-1.197243
5745,-102,857,65,396,17,13,190,-0.852783
5745,-102,853,65,396,16,11,189,-1.443451
5745,-102,857,65,396,21,12,189,2.867584
5745,-102,858,65,396,18,12,189,0.532242
5745,-102,858,65,396,19,14,190,1.902855
5745,-102,857,65,396,20,13,190,2.801849
5745,-102,855,65,396,19,12,190,1.792046
5745,-102,855,65,396,19,12,190,1.847305
5745,-102,858,65,396,17,14,190,-0.375580
5745,-102,856,65,396,18,13,189,0.573822
5745,-102,857,65,396,19,13,190,1.654709
5745,-102,860,65,396,17,12,190,-0.163483
5745,-102,860,65,396,21,12,189,4.206398
5745,-102,858,65,396,17,13,189,-0.271255
5745,-102,848,65,396,18,12,189,0.194862
5745,-102,851,65,396,19,12,189,1.186836
5745,-102,854,65,396,17,13,189,-0.432793
5745,-102,859,65,396,19,10,190,1.510796
5745,-102,855,65,396,17,13,189,0.202164
5745,-102,857,65,396,17,13,189,-1.171265
5745,-102,856,65,396,19,12,190,1.703979
5745,-102,854,65,396,18,12,189,0.847717
5745,-102,852,65,396,20,9,189,2.369568
5745,-102,854,65,396,17,11,189,-0.783661
5745,-102,854,65,396,18,11,190,0.757065
5745,-102,849,65,396,19,11,188,1.662766
5745,-102,855,65,396,18,13,189,0.679047
5745,-102,852,65,396,19,13,189,1.662537
5745,-102,855,65,396,18,13,189,0.880981
5745,-102,855,65,396,19,13,189,1.669205
5745,-102,856,65,396,18,11,189,0.839478
5745,-102,856,65,396,18,11,189,0.635239
5745,-102,852,65,396,19,13,189,1.541466
5745,-102,853,65,396,17,12,189,-0.650177
5745,-102,857,65,396,17,13,190,-0.342484
5745,-102,852,65,396,18,11,190,0.497330
5745,-102,855,65,396,17,13,190,-0.357651
5745,-102,853,65,396,18,10,188,0.576385
5745,-102,852,65,396,18,12,189,0.697205
5745,-102,854,65,396,20,10,188,1.889832
5745,-102,856,65,396,18,13,190,0.855789
5745,-102,855,65,396,19,11,190,0.834488
5745,-102,856,65,396,21,13,191,3.080734
5745,-102,850,65,396,19,11,189,1.811653
5745,-102,854,65,396,18,12,189,-0.215408
5745,-102,853,65,396,19,11,189,1.750092
5745,-102,858,65,396,19,11,190,1.777512
5745,-102,854,65,396,17,13,190,-0.525459
5745,-102,856,65,396,17,11,189,-0.472275
5745,-102,857,65,396,17,14,191,-0.400726
5745,-102,853,65,396,19,13,190,1.594673
5745,-102,856,65,396,18,14,190,0.173363
5745,-102,857,65,396,19,14,190,1.803101
5745,-102,856,65,396,18,12,189,-0.138641
5745,-102,859,65,396,18,14,190,0.796677
5745,-102,860,65,396,17,14,189,-0.273605
5745,-102,858,65,396,18,12,190,0.921394
5745,-102,859,65,396,19,10,189,1.890228
5745,-102,858,65,396,19,12,188,1.454010
5745,-102,856,65,396,19,13,190,1.880630
5745,-102,853,65,396,18,13,189,0.622208
5745,-102,857,65,396,18,12,190,0.797256
5745,-102,861,65,396,18,11,189,0.611374
5745,-102,858,65,396,19,13,190,1.691856
5745,-102,858,65,396,17,12,190,-0.479927
5745,-102,859,65,396,19,11,190,1.725861
5745,-102,853,65,396,20,10,189,2.491600
5745,-102,855,65,396,17,13,190,-1.169098
5745,-102,858,65,396,17,12,189,-1.164215
5745,-102,857,65,396,18,12,189,0.339592
5745,-102,859,65,396,17,11,190,-0.261467
5745,-102,860,65,396,17,12,189,0.019913
5745,-102,858,65,396,18,13,190,0.865723
5745,-102,856,65,396,19,13,190,1.998840
5745,-102,855,65,396,19,14,190,1.717529
5745,-102,857,65,396,19,12,189,1.849236
5745,-102,856,65,396,19,14,190,1.946594
5745,-102,858,65,396,17,11,189,-0.318222
5745,-102,856,65,396,18,13,190,0.781830
5745,-102,858,65,396,16,11,190,-1.414818
5745,-102,857,65,396,19,12,189,0.856110
5745,-102,859,65,396,19,13,190,2.020935
5745,-102,858,65,396,18,12,190,0.316147
5745,-102,857,65,396,19,13,190,2.006653
5745,-102,858,65,396,16,12,190,-1.072250
5745,-102,858,65,396,17,12,190,-0.474030
5745,-102,854,65,396,18,14,189,0.717339
5745,-102,855,65,396,19,12,188,1.967224
5745,-102,859,65,396,17,12,190,-0.632782
5745,-102,861,65,396,17,13,190,-0.281364
5745,-102,856,65,396,17,12,188,-0.221367
5745,-102,857,65,396,16,13,189,-2.102875
5745,-102,856,65,396,19,13,190,1.863884
5745,-102,856,65,396,18,12,189,0.786728
5745,-102,858,65,396,18,12,190,0.535767
5745,-102,860,65,396,17,13,190,-0.448555
5745,-102,857,65,396,18,14,190,0.991562
5745,-102,857,65,396,19,13,190,1.520233
5745,-102,858,65,396,19,12,189,1.711441
5745,-102,856,65,396,19,13,189,1.215942
5745,-102,858,65,396,18,13,190,0.705017
5745,-102,858,65,396,19,11,189,1.889008
5745,-102,860,65,396,16,13,189,-1.615417
5745,-102,857,65,396,20,14,189,2.627670
5745,-102,858,65,396,16,14,190,-1.166275
5745,-102,854,65,396,18,15,190,0.984467
5745,-102,854,65,396,19,12,190,1.829285
5745,-102,857,65,396,19,9,189,1.184273
5745,-102,857,65,396,20,13,191,2.880905
5745,-102,855,65,396,17,14,190,-0.394943
5745,-102,857,65,396,19,13,191,1.643097
5745,-102,855,65,396,17,12,189,-0.441315
5745,-102,858,65,396,16,12,190,-1.809898
5745,-102,857,65,396,19,11,191,1.096931
5745,-102,855,65,396,17,13,189,-0.132004
5745,-102,858,65,396,18,13,190,-0.141754
5745,-102,855,65,396,18,14,191,0.638367
5745,-102,860,65,396,19,13,191,1.625732
5745,-102,853,65,396,17,12,189,-0.285172
5745,-102,857,65,396,17,12,190,-0.327888
5745,-102,854,65,396,18,13,190,0.619324
5745,-102,858,65,396,18,13,190,0.313614
5745,-102,858,65,396,17,12,190,-0.520004
5745,-102,859,65,396,17,11,189,-0.362747
5745,-102,857,65,396,20,12,189,2.528793
5745,-102,856,65,396,18,13,190,0.493172
5745,-102,858,65,396,17,13,189,-1.119637
5745,-102,858,65,396,19,13,190,1.686325
5745,-102,857,65,396,19,12,190,1.355743
5765,-102,857,65,396,17,13,191,-0.446869
5765,-102,857,65,396,18,13,191,0.384995
5765,-102,855,65,396,17,13,191,-0.426331
5765,-102,856,65,396,18,14,191,0.879028
5765,-102,860,65,396,20,13,191,2.095528
5765,-102,859,65,396,16,14,191,-1.499634
5765,-102,855,65,396,19,15,191,1.447540
5765,-102,860,65,396,19,11,190,0.773148
5765,-102,856,65,396,17,12,190,-0.715454
5765,-102,858,65,396,18,14,191,0.125748
5765,-102,860,65,396,19,14,191,1.678848
5765,-102,855,65,396,18,13,190,0.134010
5765,-102,853,65,396,19,13,191,1.404350
5765,-102,857,65,396,19,15,191,1.730804
5765,-102,857,65,396,19,11,190,1.466011
5765,-102,857,65,396,18,12,190,0.828369
5765,-102,860,65,396,19,16,191,1.241501
5765,-102,858,65,396,19,14,190,0.780121
5765,-102,855,65,396,17,15,191,-0.570557
5765,-102,855,65,396,17,13,190,-0.118591
5765,-102,855,65,396,16,14,190,-1.026962
5765,-102,856,65,396,17,12,190,-0.876404
5765,-102,858,65,396,17,13,190,-0.253098
5765,-102,860,65,396,17,12,190,-0.399612
5765,-102,858,65,396,19,15,190,1.625023
5765,-102,859,65,396,18,13,191,-0.305191
5765,-102,858,65,396,15,14,191,-2.414093
5765,-102,861,65,396,19,14,191,1.337143
5765,-102,858,65,396,20,16,191,2.315536
5765,-102,852,65,396,17,14,190,-0.347519
5765,-102,860,65,396,17,15,191,-0.401146
5765,-102,858,65,396,18,13,190,0.470490
5765,-102,857,65,396,19,11,190,1.657990
5765,-102,853,65,396,17,13,190,-0.201675
5765,-102,855,65,396,20,14,190,2.128983
5765,-102,857,65,396,16,14,191,-1.427170
5765,-102,858,65,396,18,12,190,0.624954
5765,-102,859,65,396,18,13,189,0.519165
5765,-102,857,65,396,16,16,191,-1.314758
5765,-102,858,65,396,19,12,190,1.612267
5765,-102,858,65,396,17,15,192,-0.655014
5765,-102,855,65,396,18,12,190,0.615051
5765,-102,858,65,396,19,11,190,1.890732
5765,-102,858,65,396,19,13,190,1.637100
5765,-102,859,65,396,18,13,190,0.127182
5765,-102,854,65,396,19,13,190,1.646698
5765,-102,855,65,396,17,13,190,-0.440186
5765,-102,858,65,396,19,13,191,1.717499
5765,-102,859,65,396,17,11,190,-0.669479
5765,-102,855,65,396,18,12,191,0.118706
5765,-102,854,65,396,17,13,190,-0.125549
5765,-102,856,65,396,16,14,191,-1.397186
5765,-102,858,65,396,16,14,190,-2.188057
5765,-102,858,65,396,18,15,190,0.745865
5765,-102,858,65,396,18,14,191,0.757034
5765,-102,860,65,396,17,12,191,-1.269722
5765,-102,858,65,396,17,11,190,-0.623955
5765,-102,856,65,396,20,13,190,2.306305
5765,-102,858,65,396,19,11,191,1.638725
5765,-102,853,65,396,19,14,190,1.623032
5765,-102,860,65,396,17,11,191,-0.573128
5765,-102,854,65,396,18,14,191,0.434486
5765,-102,858,65,396,19,13,191,1.550049
5765,-102,858,65,396,18,11,190,0.620941
5765,-102,860,65,396,17,13,191,-0.423416
5765,-102,854,65,396,19,11,190,1.508759
5765,-102,860,65,396,17,12,191,-0.539299
5765,-102,858,65,396,18,14,191,-0.255875
5765,-102,857,65,396,18,14,190,0.117142
5765,-102,858,65,396,19,17,191,1.095718
5765,-102,859,65,396,17,14,190,-0.411682
5765,-102,858,65,396,16,13,191,-1.371872
5765,-102,856,65,396,20,14,191,2.274605
5765,-102,853,65,396,17,12,189,-0.381638
5765,-102,858,65,396,19,13,189,1.214584
5765,-102,859,65,396,16,14,190,-1.383202
5765,-102,857,65,396,19,13,191,1.804733
5765,-102,858,65,396,18,12,191,-0.269852
5765,-102,862,65,396,20,17,191,2.602921
5765,-102,861,65,396,17,15,191,-0.878189
5765,-102,858,65,396,18,15,190,0.672272
5765,-102,859,65,396,18,16,191,0.917740
5765,-102,858,65,396,19,14,191,1.742233
5765,-102,857,65,396,19,13,191,1.223717
5765,-102,856,65,396,17,14,190,-0.380745
5765,-102,855,65,396,15,15,191,-3.310814
5765,-102,858,65,396,18,14,191,-0.293045
5765,-102,857,65,396,19,13,190,1.434570
5765,-102,858,65,396,17,12,190,-0.675720
5765,-102,855,65,396,19,12,189,1.352547
5765,-102,858,65,396,17,13,190,-0.203606
5765,-102,854,65,396,16,13,190,-1.890335
5765,-102,850,65,396,18,15,191,0.574768
5765,-102,858,65,396,17,13,191,-0.527191
5765,-102,857,65,396,18,12,190,0.924103
5765,-102,856,65,396,18,11,190,0.597977
5765,-102,858,65,396,18,15,192,0.540649
5765,-102,858,65,396,17,12,190,-1.224503
5765,-102,858,65,396,18,15,191,0.718399
5765,-102,858,65,396,18,12,190,0.752487
5765,-102,859,65,396,17,11,189,-0.639420
5765,-102,858,65,396,16,14,190,-1.070755
5765,-102,858,65,396,18,12,190,0.351257
5765,-102,856,65,396,18,11,190,0.643547
5765,-102,857,65,396,19,13,191,1.553833
5765,-102,852,65,396,17,11,189,-0.836395
5765,-102,861,65,396,18,14,191,0.708199
5765,-102,860,65,396,18,15,191,0.243378
5765,-102,854,65,396,18,15,190,1.082771
5765,-102,860,65,396,17,14,191,-0.212616
5765,-102,853,65,396,18,12,190,0.776566
5765,-102,854,65,396,17,13,190,-0.386856
5765,-102,857,65,396,21,13,190,3.874832
5765,-102,858,65,396,17,12,190,-0.850990
5765,-102,855,65,396,18,14,190,0.683334
5765,-102,856,65,396,19,14,191,1.603897
5765,-102,855,65,396,18,15,190,0.629433
5765,-102,853,65,396,18,15,191,0.502304
5765,-102,858,65,396,19,14,190,1.809395
5765,-102,859,65,396,18,13,190,-0.259064
5765,-102,858,65,396,18,12,191,0.747231
5765,-102,857,65,396,19,15,191,1.691803
5765,-102,860,65,396,17,13,191,-0.507767
5765,-102,852,65,396,18,11,190,0.612274
5765,-102,857,65,396,18,12,191,-0.265282
5765,-102,855,65,396,20,13,190,2.294289
5765,-102,858,65,396,16,14,191,-1.230316
5765,-102,858,65,396,19,13,191,1.396080
5765,-102,858,65,396,17,14,190,-0.891525
5765,-102,857,65,396,18,11,189,0.199600
5765,-102,858,65,396,18,11,190,0.171196
5765,-102,855,65,396,16,13,190,-1.476028
5765,-102,857,65,396,16,12,191,-1.771255
5765,-102,851,65,396,18,14,190,0.313171
5765,-102,857,65,396,18,15,190,0.502289
5765,-102,853,65,396,19,13,191,1.532776
5765,-102,856,65,396,18,14,191,0.187485
5765,-102,856,65,396,18,13,191,0.885391
5765,-102,858,65,396,18,11,190,-0.230453
5765,-102,860,65,396,19,15,191,1.594910
5765,-102,852,65,396,18,14,190,0.732674
5765,-102,858,65,396,16,13,191,-1.563263
5765,-102,854,65,396,19,12,191,1.876999
5765,-102,862,65,396,18,13,191,0.772827
5765,-102,858,65,396,18,13,190,0.760292
5765,-102,857,65,396,18,12,190,0.577927
5765,-102,857,65,396,17,13,191,-0.755020
5765,-102,856,65,396,19,14,191,1.680183
5765,-102,858,65,396,19,14,190,1.599045
5765,-102,856,65,396,19,14,191,1.042404
5765,-102,858,65,396,19,11,191,1.646629
5765,-102,857,65,396,17,10,190,-0.687454
5765,-102,857,65,396,17,13,190,-1.183716
5765,-102,853,65,396,19,15,191,1.404877
5765,-102,855,65,396,18,14,191,0.605240
5765,-102,853,65,396,18,12,190,0.658379
5765,-102,852,65,396,19,14,191,1.561974
5765,-102,854,65,396,18,13,191,0.411324
5765,-102,857,65,396,17,13,190,-0.183746
5765,-102,852,65,396,16,12,190,-1.740425
5765,-102,858,65,396,17,13,190,-0.713417
5765,-102,857,65,396,15,15,191,-2.580109
5765,-102,855,65,396,18,13,190,0.105568
5765,-102,858,65,396,20,13,190,2.638489
5765,-102,854,65,396,20,13,190,2.653091
5765,-102,854,65,396,19,13,190,1.595093
5765,-102,857,65,396,16,15,191,-1.309677
5765,-102,860,65,396,17,12,191,-0.418388
5765,-102,858,65,396,18,13,191,0.695648
5765,-102,862,65,396,17,13,190,-0.435799
5765,-102,854,65,396,18,14,190,0.799149
5765,-102,860,65,396,19,14,191,0.767517
5765,-102,862,65,396,18,12,191,0.083237
5765,-102,857,65,396,17,12,190,-0.487030
5765,-102,856,65,396,16,14,190,-1.351227
5765,-102,854,65,396,18,14,191,0.565292
5765,-102,853,65,396,17,14,191,-0.467461
5765,-102,855,65,396,17,13,190,-0.701813
5765,-102,869,59,402,18,12,192,0.024338
5765,-102,862,62,398,19,13,190,1.780411
5765,-102,859,62,398,16,14,190,-1.034218
5765,-102,858,62,398,17,12,191,-0.186066
5765,-102,858,62,398,19,10,190,1.865677
5765,-102,860,62,398,18,13,190,0.792274
5765,-102,861,62,398,18,14,190,0.744537
5765,-102,862,62,398,17,15,191,-0.230087
5765,-102,859,62,398,17,13,191,-1.181641
5765,-102,861,62,398,18,14,190,0.643219
5765,-102,855,62,398,18,11,190,0.815552
5765,-102,857,62,398,17,13,190,-0.366241
5765,-102,864,62,398,18,12,190,0.271454
5765,-102,862,62,398,17,13,190,-0.665283
5765,-102,861,62,398,18,12,190,0.844559
5765,-102,860,62,398,15,13,190,-2.403641
5765,-102,861,62,398,19,13,190,0.930145
5765,-102,862,62,398,17,15,190,-0.306541
5765,-102,861,62,398,17,11,191,-0.809830
5765,-102,863,62,398,18,14,190,0.485008
5765,-102,860,62,398,18,12,190,0.570190
5765,-102,861,62,398,17,12,190,-0.522110
5765,-102,861,62,398,17,12,190,-1.054688
5765,-102,862,62,398,16,14,190,-2.047005
5765,-102,861,62,398,18,11,190,0.247108
5765,-102,863,62,398,17,14,191,-0.444313
5765,-102,860,62,398,16,12,191,-1.378433
5765,-102,862,62,398,18,13,191,-0.149033
5765,-102,863,62,398,19,13,190,1.256531
5765,-102,869,59,401,19,14,191,1.638077
5765,-102,868,59,401,18,13,191,0.050957
5765,-102,869,59,401,19,13,192,0.993340
5765,-102,863,62,398,17,12,191,-0.768997
5765,-102,859,62,398,19,15,191,1.152817
5765,-102,857,62,398,20,14,190,1.864754
5765,-102,861,62,398,16,14,190,-1.094765
5765,-102,862,62,398,20,14,190,2.523514
5765,-102,860,62,398,16,14,190,-1.276123
5765,-102,860,62,398,19,12,191,0.834740
5765,-102,860,62,398,20,12,190,1.898285
5765,-102,856,62,398,16,12,190,-2.061035
5765,-102,855,62,398,17,12,190,-1.111710
5765,-102,860,62,398,19,14,190,1.265717
5765,-102,860,62,398,18,13,191,0.581635
5765,-102,863,62,398,20,13,190,2.501923
5765,-102,861,62,398,17,13,190,-1.081978
5765,-102,864,62,398,18,11,190,-0.114815
5765,-102,858,62,398,17,14,191,-1.147118
5765,-102,865,59,402,17,16,193,-0.658234
5765,-102,870,59,402,18,13,192,0.590340
5765,-102,870,59,402,19,12,192,1.758690
5765,-102,868,59,402,18,12,192,0.583252
5765,-102,865,59,402,17,11,192,-0.282967
5765,-102,857,65,395,18,12,189,-0.236847
5765,-102,856,65,395,16,12,188,-1.446274
5765,-102,855,65,395,15,14,190,-2.234879
5765,-102,853,65,395,17,12,189,-0.625328
5765,-102,853,65,395,17,12,189,-0.305420
5765,-102,854,65,395,18,13,189,0.487885
5765,-102,857,65,395,18,15,190,0.698547
5765,-102,857,65,395,19,12,190,1.130341
5765,-102,856,65,395,18,16,190,0.081627
5765,-102,851,65,395,16,14,189,-1.653465
5765,-102,855,65,395,17,14,190,-0.446953
5765,-102,853,65,395,20,14,191,2.813873
5765,-102,857,65,395,18,14,190,0.784012
5765,-102,855,65,395,18,12,189,-0.211967
5765,-102,854,65,395,16,15,191,-1.124054
5765,-102,857,65,395,17,13,190,-0.325691
5765,-102,856,65,395,19,15,190,1.547050
5765,-102,854,65,395,17,15,190,-0.451294
5765,-102,855,65,395,18,13,189,0.619911
5765,-102,856,65,395,17,9,190,-0.551392
5765,-102,860,65,395,18,13,190,0.664169
5765,-102,853,65,395,19,12,190,1.079346
5765,-102,854,65,395,18,12,190,0.571396
5765,-102,859,65,395,16,14,190,-1.434708
5765,-102,853,65,395,18,13,190,0.978920
5765,-102,859,65,395,17,12,190,-0.472275
5765,-102,857,65,395,18,12,189,0.788277
5765,-102,855,65,395,19,15,190,1.874237
5765,-102,853,65,395,19,11,188,1.395905
5765,-102,856,65,395,18,12,190,0.685730
5765,-102,850,65,395,17,13,190,-1.275002
5765,-102,854,65,395,18,12,189,0.338921
5765,-102,858,65,395,20,13,190,2.853333
5765,-102,859,65,395,20,14,190,2.564140
5765,-102,859,65,395,16,12,190,-1.304749
5765,-102,861,65,395,18,13,191,0.749023
5765,-102,857,65,395,17,14,190,-0.478775
5765,-102,857,65,395,18,14,190,0.753654
5765,-102,854,65,395,17,13,189,-0.418076
5765,-102,860,65,395,18,12,191,0.061218
5765,-102,859,65,395,18,12,190,0.651245
5765,-102,854,65,395,18,11,189,0.380630
5765,-102,851,65,395,18,13,189,0.584305
5765,-102,855,65,395,18,12,189,0.114571
5765,-102,853,65,395,18,14,190,0.423874
5765,-102,858,65,395,18,10,190,0.641693
5765,-102,856,65,395,19,13,190,1.301224
5765,-102,853,65,395,18,11,189,0.819824
5765,-102,853,65,395,18,13,189,0.546577
5765,-102,856,65,395,18,13,190,0.054482
5765,-102,852,65,395,18,15,190,0.313477
5765,-102,856,65,395,19,16,190,1.633217
5765,-102,853,65,395,19,11,190,1.406647
5765,-102,857,65,395,20,14,190,2.451248
5765,-102,852,65,395,18,14,190,0.407944
5765,-102,857,65,395,17,15,190,-0.163101
5765,-102,857,65,395,18,16,190,-0.288193
5765,-102,855,65,395,19,12,189,1.488937
5765,-102,854,65,395,17,10,189,-0.205933
5765,-102,852,65,395,18,14,190,0.457657
5765,-102,856,65,395,16,14,190,-1.436165
5765,-102,851,65,395,18,13,190,0.805954
5765,-102,853,65,395,17,14,190,-0.361191
5765,-102,856,65,395,18,15,190,0.416901
5765,-102,853,65,395,18,12,190,-0.314232
5765,-102,855,65,395,17,13,189,-0.484039
5765,-102,858,65,395,17,12,189,-0.829193
5765,-102,859,65,395,18,12,190,0.610153
5765,-102,856,65,395,18,13,190,0.802246
5765,-102,854,65,395,18,12,190,0.100365
5765,-102,851,65,395,17,15,190,-0.562088
5765,-102,855,65,395,18,13,190,0.712013
5765,-102,855,65,395,19,13,190,1.338181
5765,-102,851,65,395,16,13,190,-1.292526
5765,-102,855,65,395,18,10,189,0.351471
5765,-102,856,65,395,15,13,190,-2.271454
5765,-102,857,65,395,20,12,190,2.919006
5765,-102,853,65,395,17,15,190,-0.614693
5765,-102,857,65,395,18,13,190,0.979187
5765,-102,853,65,395,20,14,190,2.101166
5765,-102,854,65,395,19,14,190,1.737747
5765,-102,854,65,395,16,13,190,-1.329491
5765,-102,856,65,395,17,14,190,-0.527435
5765,-102,857,65,395,17,13,190,-0.636017
5765,-102,856,65,395,18,12,190,0.648514
5765,-102,862,62,398,17,14,191,-0.300247
5765,-102,855,62,398,18,14,191,0.788162
5765,-102,862,62,398,17,14,190,-0.388939
5765,-102,860,62,398,18,13,190,0.872101
5765,-102,863,62,398,17,14,191,-0.400681
5765,-102,855,62,398,16,14,190,-1.510567
5765,-102,860,62,398,17,14,190,-0.276871
5765,-102,858,62,398,18,13,190,-0.120598
5765,-102,857,62,398,18,14,191,0.199249
5765,-102,858,62,398,19,14,190,1.741966
5765,-102,862,62,398,17,16,191,-0.215500
5765,-102,860,62,398,20,12,190,2.958282
5765,-102,856,62,398,18,14,190,0.278320
5765,-102,857,62,398,18,13,190,0.587921
5765,-102,856,62,398,18,14,190,0.761154
5765,-102,859,62,398,19,14,190,1.847748
5765,-102,861,62,398,17,14,192,-0.477417
5765,-102,861,62,398,18,13,190,0.545227
5765,-102,863,62,398,18,13,190,0.615280
5765,-102,861,62,398,19,14,190,1.822800
5765,-102,862,62,398,18,14,191,0.941666
5765,-102,862,62,398,19,12,190,1.612213
5765,-102,858,62,398,19,15,191,1.236496
5765,-102,859,62,398,19,12,189,1.320770
5765,-102,863,62,398,19,15,191,1.266510
5765,-102,860,62,398,18,15,191,0.553940
5765,-102,863,62,398,18,13,190,0.649490
5765,-102,861,62,398,19,14,190,1.595215
5765,-102,860,62,398,16,13,191,-1.343109
5765,-102,857,62,398,19,12,189,1.529587
5765,-102,857,62,398,18,12,190,0.239227
5765,-102,862,62,398,19,11,190,1.483490
5765,-102,862,62,398,19,13,190,1.823372
5765,-102,862,62,398,20,16,191,2.716110
5765,-102,857,62,398,20,15,190,1.889885
5765,-102,860,62,398,17,14,191,-0.179848
5765,-102,862,62,398,17,14,190,-0.062866
5765,-102,863,62,398,19,12,189,1.915131
5765,-102,862,62,398,19,12,190,1.319382
5765,-102,861,62,398,19,15,190,1.485596
5765,-102,863,62,398,16,13,190,-1.492126
5765,-102,863,62,398,16,14,190,-1.737366
5765,-102,859,62,398,18,11,190,0.245682
5765,-102,858,62,398,18,13,190,1.005936
5765,-102,863,62,398,19,12,191,0.873032
5765,-102,861,62,398,17,12,190,-0.275208
5765,-102,860,62,398,19,13,191,1.457718
5765,-102,859,62,398,19,13,190,1.274643
5765,-102,861,62,398,19,13,190,0.909508
5765,-102,862,62,398,17,13,191,-0.530258
5765,-102,863,62,398,18,13,190,0.947845
5765,-102,859,62,398,16,11,190,-1.352188
5765,-102,863,62,398,17,13,190,-0.031219
5765,-102,859,62,398,18,12,190,0.480690
5765,-102,863,62,398,18,12,190,0.820633
5765,-102,856,62,398,16,14,190,-1.499153
5765,-102,855,62,398,18,14,190,0.257111
5765,-102,862,62,398,19,12,190,0.936981
5765,-102,861,62,398,20,15,190,2.291595
5765,-102,864,62,398,19,12,191,1.770370
5765,-102,863,62,398,17,14,191,-0.789375
5765,-102,859,62,398,19,12,190,0.884705
5765,-102,856,62,398,18,14,190,0.553764
5765,-102,859,62,398,16,13,191,-1.778664
5765,-102,859,62,398,18,12,190,0.738083
5765,-102,861,62,398,18,14,191,0.419136
5765,-102,859,62,398,19,13,191,1.689285
5765,-102,860,62,398,17,12,190,-0.179703
5765,-102,859,62,398,16,15,191,-1.763535
5765,-102,860,62,398,18,11,190,0.734604
5765,-102,861,62,398,18,14,191,0.200966
5765,-102,854,62,398,18,14,190,0.846840
5765,-102,861,62,398,18,13,190,0.249817
5765,-102,859,62,398,17,13,191,-0.429031
5765,-102,860,62,398,19,11,190,1.534233
5765,-102,863,62,398,17,13,191,-0.192650
5765,-102,861,62,398,18,15,191,0.698593
5765,-102,860,62,398,17,15,190,-0.754395
5765,-102,863,62,398,15,11,190,-2.729950
5765,-102,858,62,398,19,14,191,1.823074
5765,-102,860,62,398,16,14,190,-1.410172
5765,-102,861,62,398,17,13,190,-1.041519
5765,-102,861,62,398,17,12,191,-0.732697
5765,-102,861,62,398,19,12,190,1.618141
5765,-102,862,62,398,17,14,190,-0.470901
5765,-102,856,62,398,18,11,190,0.845245
5765,-102,863,62,398,16,13,191,-1.556549
5765,-102,863,62,398,20,13,190,1.918701
5765,-102,858,62,398,17,12,190,-1.029747
5765,-102,861,62,398,18,12,190,0.740982
5765,-102,860,62,398,17,14,191,-0.422493
5765,-102,858,62,398,18,13,190,0.299080
5765,-102,861,62,398,18,13,191,0.573776
5765,-102,862,62,398,18,12,190,0.777618
5765,-102,862,62,398,17,14,191,-0.766541
5765,-102,859,62,398,17,14,191,-0.769745
5765,-102,862,62,398,17,14,190,-0.756844
5765,-102,855,62,398,18,14,190,0.736603
5765,-102,857,62,398,17,13,190,-0.149216
5765,-102,861,62,398,19,11,190,1.787888
5765,-102,859,62,398,18,13,190,0.465591
5765,-102,861,62,398,17,13,191,-0.457809
5765,-102,859,62,398,20,12,189,2.291580
5765,-102,862,62,398,17,13,190,-1.051498
5765,-102,861,62,398,18,14,190,-0.110458
5765,-102,863,62,398,19,14,191,1.212616
5765,-102,859,62,398,16,14,190,-2.117142
5765,-102,862,62,398,18,14,190,1.027451
5765,-102,861,62,398,19,12,190,0.905014
5765,-102,861,62,398,20,14,191,2.557442
5765,-102,862,62,398,17,11,190,-0.714142
5765,-102,863,62,398,18,14,190,0.503082
5765,-102,863,62,398,19,14,190,1.536369
5765,-102,863,62,398,19,12,190,0.956909
5765,-102,861,62,398,19,14,191,1.580017
5765,-102,863,62,398,17,15,190,-0.733383
5765,-102,858,62,398,19,15,191,1.208069
5765,-102,863,62,398,19,15,190,1.754547
5765,-102,861,62,398,17,13,189,-0.286407
5765,-102,865,62,398,19,14,191,1.961731
5765,-102,859,62,398,18,12,190,0.599678
5765,-102,861,62,398,18,14,190,0.515030
5765,-102,861,62,398,17,13,190,-0.499771
5765,-102,863,62,398,18,16,190,0.723999
5765,-102,860,62,398,19,10,190,1.289200
5765,-102,859,62,398,17,13,190,-0.732239
5765,-102,861,62,398,16,13,191,-1.415649
5765,-102,862,62,398,17,14,190,-0.750275
5765,-102,863,62,398,18,16,190,0.634995
5765,-102,863,62,398,17,13,191,-1.108521
5765,-102,863,62,398,18,9,190,0.487213
5765,-102,861,62,398,17,13,190,-0.753876
5765,-102,860,62,398,17,12,191,-1.107422
5765,-102,863,62,398,18,11,189,0.020630
5765,-102,863,62,398,17,14,191,-0.413147
5765,-102,862,62,398,18,12,191,0.796249
5765,-102,860,62,398,18,13,191,0.466827
5765,-102,859,62,398,20,12,190,2.234116
5765,-102,859,62,398,17,13,191,-0.775703
5765,-102,859,62,398,20,11,188,2.759735
5765,-102,859,62,398,19,13,191,1.787910
5765,-102,861,62,398,17,11,190,-0.530930
5765,-102,861,62,398,18,13,190,0.914368
5765,-102,859,62,398,17,12,190,-0.162140
5765,-102,861,62,398,18,13,190,0.296158
5765,-102,863,62,398,17,15,191,-0.328918
5765,-102,861,62,398,18,14,190,0.655334
5765,-102,859,62,398,19,14,190,0.884346
5765,-102,859,62,398,19,10,188,1.716614
5765,-102,863,62,398,17,14,190,-1.103531
5765,-102,858,62,398,17,14,191,-0.737656
5765,-102,864,62,398,17,12,191,-0.184296
5765,-102,863,62,398,19,13,190,1.236969
5765,-102,862,62,398,19,13,190,1.483032
5765,-102,863,62,398,17,12,191,-0.174438
5765,-102,866,62,398,19,15,192,0.862579
5765,-102,863,62,398,17,12,190,-1.041809
5765,-102,863,62,398,18,15,190,0.904129
5765,-102,865,62,398,17,12,191,-1.099129
5765,-102,862,62,398,18,12,191,0.696350
5765,-102,861,62,398,17,13,191,-0.518227
5765,-102,861,62,398,17,15,191,-0.582001
5765,-102,859,62,398,18,14,190,-0.106682
5765,-102,860,62,398,19,14,189,1.556625
5765,-102,860,62,398,19,12,191,1.153061
5765,-102,860,62,398,16,12,190,-1.370842
5765,-102,862,62,398,17,12,190,-1.122108
5765,-102,863,62,398,19,15,191,1.759491
5765,-102,861,62,398,17,13,190,-1.065689
5765,-102,862,62,398,19,14,190,1.873672
5765,-102,862,62,398,19,16,191,1.415199
5765,-102,863,62,398,18,12,190,0.865768
5765,-102,864,62,398,19,11,190,1.929192
5765,-102,863,62,398,21,13,191,3.631577
5765,-102,861,62,398,18,13,190,0.968918
5765,-102,857,62,398,18,12,190,0.202316
5765,-102,862,62,398,17,13,192,-0.381821
5765,-102,862,62,398,18,12,190,0.631927
5765,-102,862,62,398,20,13,190,2.843719
5765,-102,859,62,398,19,13,190,1.243309
5765,-102,860,62,398,17,12,190,-0.229561
5765,-102,861,62,398,16,14,191,-1.836487
5765,-102,861,62,398,19,13,190,1.746597
5765,-102,858,62,398,18,14,190,0.254105
5765,-102,860,62,398,17,10,189,-0.673019
5765,-102,861,62,398,18,14,191,0.223038
5765,-102,863,62,398,18,10,191,0.611671
5765,-102,863,62,398,19,14,190,1.275093
5765,-102,862,62,398,19,14,191,1.591644
5765,-102,863,62,398,18,13,190,0.895721
5765,-102,862,62,398,18,11,190,0.880959
5765,-102,861,62,398,17,12,190,-0.385185
5765,-102,862,62,398,17,11,190,-0.676208
5765,-102,862,62,398,17,13,190,-0.380569
5765,-102,857,62,398,18,12,191,0.649460
5765,-102,862,62,398,17,12,190,-0.414505
5765,-102,863,62,398,18,12,190,0.634033
5765,-102,862,62,398,18,11,190,0.239975
5765,-102,863,62,398,17,13,190,-0.712631
5765,-102,858,62,398,19,14,190,1.726089
5765,-102,860,62,398,16,17,190,-1.519714
5765,-102,862,62,398,17,14,191,-0.800858
5765,-102,860,62,398,17,15,190,-0.361343
5765,-102,863,62,398,18,13,191,0.677742
5765,-102,858,62,398,17,14,190,-0.033463
5765,-102,863,62,398,17,16,190,-0.293945
5765,-102,862,62,398,17,13,190,-0.142548
5765,-102,862,62,398,18,14,191,0.661377
5765,-102,858,62,398,18,14,190,0.260742
5765,-102,857,62,398,19,14,190,1.523262
5765,-102,858,62,398,18,14,191,0.218842
5765,-102,859,62,398,18,12,190,0.594772
5765,-102,859,62,398,18,12,191,0.462921
5765,-102,854,62,398,18,13,190,-0.143509
5765,-102,859,62,398,16,13,191,-1.383804
5765,-102,860,62,398,19,12,190,1.251358
5765,-102,860,62,398,17,13,192,-0.838638
5765,-102,863,62,398,18,11,190,-0.070297
5765,-102,860,62,398,19,11,190,1.532272
5765,-102,863,62,398,18,13,191,-0.113274
5765,-102,859,62,398,19,14,190,1.223511
5765,-102,859,62,398,17,14,191,-1.131241
5765,-102,862,62,398,19,14,191,1.593002
5765,-102,860,62,398,18,11,189,0.960342
5765,-102,859,62,398,19,12,190,1.510162
5765,-102,859,62,398,19,13,190,0.941254
5765,-102,860,62,398,18,13,190,0.702896
5765,-102,863,62,398,17,12,190,-1.094635
5765,-102,862,62,398,17,15,191,-0.499863
5765,-102,859,62,398,17,13,189,-0.686096
5765,-102,861,62,398,19,12,190,0.909554
5765,-102,862,62,398,18,10,190,0.249573
5765,-102,857,62,398,17,14,190,-0.175323
5765,-102,860,62,398,20,13,190,2.832962
5765,-102,859,62,398,19,13,190,1.233109
5765,-102,854,62,398,18,12,190,0.595856
5765,-102,862,62,398,18,13,191,0.892242
5765,-102,861,62,398,18,13,191,0.659470
5765,-102,863,62,398,18,13,191,0.578804
5765,-102,863,62,398,15,12,190,-2.402992
5765,-102,862,62,398,19,11,190,1.258171
5765,-102,860,62,398,18,12,191,0.547012
5765,-102,860,62,398,18,13,191,0.209702
5765,-102,863,62,398,19,14,190,1.525238
5765,-102,863,62,398,16,13,191,-1.228584
5765,-102,863,62,398,18,12,189,-0.021088
5765,-102,863,62,398,17,13,190,-0.372368
5765,-102,864,62,398,18,13,190,0.563858
5765,-102,862,62,398,19,14,191,1.438545
5765,-102,860,62,398,17,13,190,-0.459702
5765,-102,862,62,398,17,14,191,-0.439453
5765,-102,860,62,398,19,13,191,1.426453
5765,-102,860,62,398,17,13,190,-0.475677
5765,-102,863,62,398,18,13,189,0.698341
5765,-102,862,62,398,17,10,190,-0.729828
5765,-102,861,62,398,18,14,191,-0.182526
5765,-102,861,62,398,17,12,190,-0.116699
5765,-102,863,62,398,17,13,191,-0.437851
5765,-102,862,62,398,18,13,190,0.917145
5765,-102,861,62,398,16,8,190,-1.267471
5765,-102,865,62,398,17,12,190,-0.226273
5765,-102,863,62,398,17,12,191,-1.164444
5765,-102,860,62,398,18,13,190,-0.119995
5765,-102,861,62,398,18,14,191,0.480202
5765,-102,862,62,398,15,13,190,-2.737114
5765,-102,862,62,398,19,12,190,1.483444
5765,-102,858,62,398,18,13,191,0.514954
5765,-102,859,62,398,17,13,190,-0.384567
5765,-102,862,62,398,18,15,191,0.245560
5765,-102,858,62,398,19,13,190,1.586929
5765,-102,857,62,398,19,14,190,1.709381
5765,-102,861,62,398,17,14,191,-0.772873
5765,-102,862,62,398,16,14,190,-1.411148
5765,-102,858,62,398,18,12,191,0.209969
5765,-102,860,62,398,19,13,190,1.494415
5765,-102,858,62,398,19,14,190,0.940643
5765,-102,859,62,398,17,12,190,-0.231277
5765,-102,864,62,398,17,13,191,-0.391373
5765,-102,859,62,398,20,11,190,2.550888
5765,-102,860,62,398,17,14,190,-0.184113
5765,-102,859,62,398,17,16,191,-0.212219
5765,-102,861,62,398,18,13,190,-0.075287
5765,-102,861,62,398,17,15,190,-0.731148
5765,-102,856,62,398,19,12,190,1.249527
5765,-102,863,62,398,17,11,190,-1.052254
5765,-102,860,62,398,17,12,190,-0.127823
5765,-102,860,62,398,17,12,190,-0.537338
5765,-102,858,62,398,18,14,190,-0.074059
5765,-102,858,62,398,19,15,190,1.513901
5765,-102,862,62,398,17,15,191,-1.145828
5765,-102,857,62,398,20,13,190,2.641823
5765,-102,858,62,398,19,13,191,1.682465
5765,-102,863,62,398,16,15,191,-1.798141
5765,-102,860,62,398,19,10,189,0.963745
5765,-102,859,62,398,18,13,189,0.804108
5765,-102,863,62,398,17,11,190,-0.401352
5765,-102,864,62,398,16,12,190,-1.290314
5765,-102,862,62,398,17,10,190,-0.391113
5765,-102,862,62,398,19,14,191,0.842728
5765,-102,863,62,398,18,13,190,0.298660
5765,-102,861,62,398,19,13,190,0.927887
5765,-102,860,62,398,18,13,190,0.563034
5765,-102,863,62,398,17,14,191,-0.182892
5765,-102,859,62,398,17,12,190,-0.754303
5765,-102,865,62,398,16,13,191,-1.241821
5765,-102,860,62,398,17,13,189,-0.620636
5765,-102,863,62,398,19,12,190,1.501221
5765,-102,858,62,398,17,13,190,-0.359619
5765,-102,860,62,398,17,13,190,-0.385681
5765,-102,861,62,398,18,12,189,0.772118
5765,-102,859,62,398,19,14,190,1.478249
5765,-102,859,62,398,18,12,189,0.897491
5765,-102,861,62,398,17,14,191,-0.565643
5765,-102,859,62,398,18,13,190,0.828201
5765,-102,860,62,398,19,12,190,0.897064
5765,-102,861,62,398,20,14,191,2.600449
5765,-102,857,62,398,19,12,190,1.603394
5765,-102,859,62,398,16,15,191,-1.315384
5765,-102,863,62,398,18,14,191,0.241501
5765,-102,860,62,398,19,12,190,1.624191
5765,-102,862,62,398,17,13,190,-0.527634
5765,-102,862,62,398,17,15,190,-1.065529
5765,-102,861,62,398,16,12,191,-1.433502
5765,-102,864,62,398,18,12,190,0.290596
5765,-102,863,62,398,18,13,190,-0.069878
5765,-102,859,62,398,17,11,190,-0.369850
5765,-102,859,62,398,19,14,190,1.272842
5765,-102,862,62,398,17,13,191,-1.121353
5765,-102,857,62,398,18,14,191,0.647850
5765,-102,860,62,398,19,12,191,1.784653
5765,-102,857,62,398,18,11,190,0.625237
5765,-102,861,62,398,18,15,191,0.548080
5765,-102,862,62,398,17,14,191,-0.235413
5765,-102,859,62,398,18,9,189,1.125984
5765,-102,858,62,398,19,11,190,1.531944
5765,-102,863,62,398,17,14,190,-1.049118
5765,-102,861,62,398,18,15,191,0.664520
5765,-102,858,62,398,17,13,190,-0.232155
5765,-102,859,62,398,18,17,191,0.242783
5765,-102,863,62,398,19,14,191,1.483078
5765,-102,863,62,398,18,12,190,-0.051231
5765,-102,865,62,398,19,14,191,1.486969
5765,-102,863,62,398,20,13,191,2.685211
5765,-102,860,62,398,17,13,191,-1.100174
5765,-102,863,62,398,18,12,190,0.284409
5765,-102,861,62,398,17,13,190,-0.714859
5765,-102,858,62,398,19,15,190,1.481743
5765,-102,863,62,398,16,15,191,-1.781845
5765,-102,860,62,398,17,14,190,-0.713730
5765,-102,861,62,398,19,12,190,1.762299
5765,-102,861,62,398,18,12,191,0.680939
5765,-102,864,62,398,18,16,192,0.885811
5765,-102,863,62,398,18,12,190,0.645798
5765,-102,862,62,398,16,14,190,-2.064117
5765,-102,863,62,398,18,14,190,0.629486
5765,-102,863,62,398,17,14,190,-1.051376
5765,-102,859,62,398,17,12,191,-1.149567
5765,-102,857,62,398,16,14,190,-2.076302
5765,-102,861,62,398,18,14,190,0.934219
5765,-102,861,62,398,19,13,190,1.727142
5765,-102,859,62,398,19,14,190,1.521980
5765,-102,859,62,398,18,14,191,0.903015
5765,-102,853,62,398,18,15,191,-0.196457
5765,-102,859,62,398,17,14,191,-0.179062
5765,-102,861,62,398,19,13,190,1.723083
5765,-102,861,62,398,18,14,190,0.935768
5765,-102,864,62,398,17,11,190,-0.333008
5765,-102,859,62,398,16,16,191,-1.522308
5765,-102,856,62,398,18,13,190,0.740326
5765,-102,860,62,398,16,13,190,-2.121140
5765,-102,860,62,398,17,13,190,-0.754959
5765,-102,861,62,398,18,14,190,0.831039
5765,-102,858,62,398,17,13,190,-0.191849
5785,-102,861,62,398,17,12,190,-0.739883
5785,-102,858,62,398,18,12,190,0.901962
5785,-102,862,62,398,15,14,190,-3.023972
5785,-102,857,62,398,16,13,190,-1.722977
5785,-102,859,62,398,18,15,189,-0.023102
5785,-102,861,62,398,16,12,189,-1.402077
5785,-102,862,62,398,16,13,190,-1.435768
5785,-102,860,62,398,16,13,190,-1.226639
5785,-102,858,62,398,16,12,190,-1.689911
5785,-102,850,68,393,17,12,188,-0.241417
5785,-102,847,68,393,17,12,188,-0.542435
5785,-102,852,68,393,18,12,189,0.764587
5785,-102,844,68,393,18,13,188,0.569977
5785,-102,855,68,393,17,13,189,-0.132782
5785,-102,852,68,393,16,11,188,-1.226738
5785,-102,851,68,393,15,14,188,-2.384003
5785,-102,851,68,393,19,11,188,1.035324
5785,-102,852,68,393,17,11,189,-0.539619
5785,-102,848,68,393,18,11,188,0.857117
5785,-102,852,68,393,15,14,189,-2.196503
5785,-102,850,68,393,14,10,189,-3.534500
5785,-102,848,68,393,18,12,189,0.491165
5785,-102,849,68,393,17,14,189,-0.798172
5785,-102,851,68,393,16,14,189,-1.627411
5785,-102,841,68,393,18,13,188,0.389511
5785,-102,850,68,393,17,12,188,-0.316696
5785,-102,847,68,393,16,11,188,-1.226257
5785,-102,849,68,393,18,10,188,0.230972
5785,-102,850,68,393,17,11,189,-1.024475
5785,-102,854,68,393,19,12,188,1.715668
5785,-102,848,68,393,15,11,188,-2.937698
5785,-102,847,68,393,17,14,189,-1.355904
5785,-102,850,68,393,19,11,188,1.535172
5785,-102,852,68,393,17,12,188,-0.917450
5785,-102,843,68,393,17,12,188,-1.349564
5785,-102,845,68,393,17,14,188,-0.591415
5785,-102,845,68,393,15,12,189,-2.325050
5785,-102,848,68,393,14,12,188,-3.941483
5785,-102,850,68,393,18,13,189,0.992798
5785,-102,854,68,393,18,11,189,0.576263
5785,-102,850,68,393,17,12,188,-0.923477
5785,-102,851,68,393,16,14,189,-1.267426
5785,-102,851,68,393,17,13,189,-1.027679
5785,-102,845,68,393,15,15,190,-2.229721
5785,-102,850,68,393,18,13,189,0.922226
5785,-102,846,68,393,18,12,188,-0.320152
5785,-102,851,68,393,19,13,188,1.562576
5785,-102,852,68,393,17,12,189,-0.274704
5785,-102,852,68,393,17,13,188,-0.954872
5785,-102,850,68,393,19,12,189,1.693161
5785,-102,849,68,393,14,10,188,-3.729767
5785,-102,849,68,393,18,11,189,0.358505
5785,-102,851,68,393,16,14,189,-1.646866
5785,-102,851,68,393,16,12,187,-1.185364
5785,-102,852,68,393,19,14,190,1.616333
5785,-102,855,68,393,17,11,189,-0.593674
5785,-102,852,68,393,17,13,188,-0.482498
5785,-102,846,68,393,15,11,188,-2.912201
5785,-102,849,68,393,17,15,189,0.002060
5785,-102,852,68,393,17,11,188,-0.420090
5785,-102,848,68,393,17,14,189,-0.758072
5785,-102,849,68,393,17,11,188,-0.326935
5785,-102,856,68,393,17,11,188,-0.236267
5785,-102,855,68,393,16,12,189,-1.236099
5785,-102,853,68,393,20,14,189,2.732292
5785,-102,854,68,393,16,11,188,-1.473389
5785,-102,848,68,393,17,13,189,-1.011627
5785,-102,853,68,393,17,11,188,-0.429260
5785,-102,851,68,393,18,11,188,0.645088
5785,-102,849,68,393,15,12,188,-2.128777
5785,-102,853,68,393,17,14,189,-0.949203
5785,-102,849,68,393,18,13,189,0.567169
5785,-102,848,68,393,15,12,188,-2.186432
5785,-102,843,68,393,16,13,188,-1.478577
5785,-102,854,68,393,18,11,188,0.520706
5785,-102,853,68,393,18,11,188,0.210304
5785,-102,849,68,393,16,13,189,-1.322449
5785,-102,850,68,393,17,16,189,-0.125092
5785,-102,850,68,393,16,14,189,-1.810341
5785,-102,852,68,393,16,11,188,-1.241379
5785,-102,844,68,393,16,12,189,-1.482071
5785,-102,852,68,393,16,11,188,-1.389435
5785,-102,847,68,393,19,12,188,1.407227
5785,-102,852,68,393,17,14,188,-0.423126
5785,-102,852,68,393,17,11,188,0.098923
5785,-102,849,68,393,17,12,189,-0.646820
5785,-102,853,68,393,16,11,188,-1.240250
5785,-102,852,68,393,18,10,188,0.559769
5785,-102,848,68,393,18,12,189,0.737335
5785,-102,849,68,393,17,11,188,-1.283386
5785,-102,844,68,393,17,13,188,-0.207207
5785,-102,847,68,393,15,11,189,-2.200470
5785,-102,854,68,393,18,15,189,0.521904
5785,-102,853,68,393,19,15,189,1.401405
5785,-102,851,68,393,16,12,188,-1.405945
5785,-102,849,68,393,18,12,188,0.694046
5785,-102,844,68,393,16,14,188,-1.768875
5785,-102,847,68,393,17,12,188,-0.325470
5785,-102,848,68,393,16,10,188,-1.610809
5785,-102,847,68,393,18,14,189,0.487152
5785,-102,848,68,393,18,12,188,0.436790
5785,-102,854,68,393,17,12,188,-0.010666
5785,-102,847,68,393,18,13,189,0.707809
5785,-102,849,68,393,17,14,189,-0.500122
5785,-102,853,68,393,18,12,188,0.265015
5785,-102,850,68,393,17,12,188,-0.514679
5785,-102,852,68,393,18,12,189,0.836151
5785,-102,849,68,393,17,12,188,-0.126221
5785,-102,849,68,393,18,13,188,0.373634
5785,-102,848,68,393,17,11,188,-0.746506
5785,-102,854,68,393,16,12,188,-1.420197
5785,-102,849,68,393,15,12,189,-2.464157
5785,-102,850,68,393,18,13,188,0.968391
5785,-102,850,68,393,16,12,188,-1.979218
5785,-102,849,68,393,17,11,188,-0.223923
5785,-102,844,68,393,17,11,188,-0.313599
5785,-102,851,68,393,15,13,189,-2.773758
5785,-102,850,68,393,17,12,189,-0.490021
5785,-102,855,68,393,18,15,189,0.038261
5785,-102,853,68,393,18,12,188,0.761620
5785,-102,849,68,393,17,12,189,-0.429443
5785,-102,843,68,393,17,13,188,-0.629562
5785,-102,852,68,393,18,12,189,0.060242
5785,-102,847,68,393,18,12,188,0.570114
5785,-102,849,68,393,15,12,188,-2.474457
5785,-102,851,68,393,17,10,188,-0.342339
5785,-102,853,68,393,16,12,189,-1.129379
5785,-102,850,68,393,18,13,189,0.820068
5785,-102,851,68,393,17,13,189,-0.368851
5785,-102,852,68,393,17,11,188,-0.170158
5785,-102,849,68,393,18,12,189,0.413879
5785,-102,848,68,393,17,13,188,-0.986969
5785,-102,847,68,393,18,12,189,0.466125
5785,-102,849,68,393,16,12,188,-1.537964
5785,-102,852,68,393,18,12,189,0.906754
5785,-102,847,68,393,18,14,188,1.096581
5785,-102,845,68,393,18,12,188,0.971283
5785,-102,848,68,393,18,11,188,0.235092
5785,-102,848,68,393,18,12,189,0.715981
5785,-102,849,68,393,16,13,189,-2.394836
5785,-102,849,68,393,17,11,188,-0.404922
5785,-102,851,68,393,16,10,188,-1.288826
5785,-102,852,68,393,16,11,188,-1.218307
5785,-102,853,68,393,17,12,189,-0.603058
5785,-102,848,68,393,16,12,188,-1.015182
5785,-102,851,68,393,17,13,189,-0.442001
5785,-102,848,68,393,19,13,188,1.432709
5785,-102,851,68,393,16,13,189,-0.984016
5785,-102,851,68,393,17,12,188,-0.213387
5785,-102,847,68,393,18,11,188,0.571602
5785,-102,852,68,393,17,11,189,-0.791885
5785,-102,847,68,393,16,15,189,-1.529373
5785,-102,850,68,393,16,13,189,-1.182846
5785,-102,846,68,393,16,12,188,-1.201904
5785,-102,853,68,393,18,13,189,0.862419
5785,-102,851,68,393,18,13,189,1.008781
5785,-102,849,68,393,17,12,188,-0.304535
5785,-102,848,68,393,17,12,188,-0.245743
5785,-102,857,68,393,17,12,189,-0.456200
5785,-102,849,68,393,18,14,189,0.822845
5785,-102,854,68,393,16,12,189,-1.465599
5785,-102,850,68,393,15,15,188,-1.856598
5785,-102,848,68,393,19,13,189,1.386642
5785,-102,853,68,393,17,12,188,-0.277740
5785,-102,846,68,393,17,11,187,-0.483192
5785,-102,850,68,393,18,13,188,-0.347809
5785,-102,852,68,393,14,13,189,-4.296158
5785,-102,844,68,393,16,15,188,-1.751709
5785,-102,849,68,393,16,12,189,-1.449913
5785,-102,846,68,393,17,13,188,-0.927780
5785,-102,850,68,393,18,13,188,0.868690
5785,-102,850,68,393,17,12,188,-0.151993
5785,-102,854,68,393,18,12,188,0.851181
5785,-102,851,68,393,18,12,188,-0.301163
5785,-102,849,68,393,17,15,189,-0.230286
5785,-102,855,68,393,18,12,189,0.031494
5785,-102,846,68,393,16,13,188,-1.536484
5785,-102,853,68,393,16,14,189,-1.689178
5785,-102,850,68,393,18,13,189,0.337494
5785,-102,852,68,393,16,9,188,-1.355934
5785,-102,852,68,393,16,12,188,-2.308548
5785,-102,858,68,393,14,14,189,-3.191490
5785,-102,852,68,393,18,12,189,0.178238
5785,-102,848,68,393,16,11,188,-1.283646
5785,-102,847,68,393,17,10,188,-0.085739
5785,-102,854,68,393,17,12,189,-0.150253
5785,-102,850,68,393,18,13,188,0.544022
5785,-102,849,68,393,16,14,189,-1.375351
5785,-102,849,68,393,17,14,189,-0.444405
5785,-102,847,68,393,17,12,188,-0.410248
5785,-102,846,68,393,19,16,189,1.948456
5785,-102,846,68,393,16,12,188,-1.273560
5785,-102,855,68,393,17,13,189,-0.281273
5785,-102,853,68,393,18,11,189,0.927902
5785,-102,852,68,393,15,12,189,-2.628876
5785,-102,850,68,393,16,15,189,-1.326035
5785,-102,854,68,393,18,12,189,1.103760
5785,-102,852,68,393,17,13,189,-0.429901
5785,-102,851,68,393,16,14,189,-1.185989
5785,-102,852,68,393,18,13,188,0.595535
5785,-102,854,68,393,18,14,189,0.573250
5785,-102,849,68,393,17,12,188,-0.427902
5785,-102,851,68,393,16,13,189,-1.207840
5785,-102,852,68,393,17,12,188,-0.438797
5785,-102,850,68,393,17,11,188,-0.399834
5785,-102,846,68,393,18,12,188,0.861710
5785,-102,850,68,393,16,11,189,-1.266647
5785,-102,848,68,393,17,12,189,-0.984879
5785,-102,851,68,393,17,12,189,-0.148300
5785,-102,852,68,393,17,14,189,-0.326279
5785,-102,844,68,393,18,12,189,0.900444
5785,-102,851,68,393,18,14,188,0.464981
5785,-102,846,68,393,17,13,188,-0.588226
5785,-102,854,68,393,17,12,188,-0.363022
5785,-102,849,68,393,18,13,188,0.910233
5785,-102,849,68,393,17,12,189,-0.979622
5785,-102,856,68,393,18,12,188,0.470169
5785,-102,851,68,393,17,12,188,-0.931824
5785,-102,847,68,393,17,11,188,-0.063034
5785,-102,850,68,393,18,13,189,1.019669
5785,-102,849,68,393,17,13,188,-0.310661
5785,-102,847,68,393,17,14,188,-0.391174
5785,-102,856,68,393,17,12,188,-0.073563
5785,-102,847,68,393,18,12,188,0.375931
5785,-102,851,68,393,16,10,188,-1.068069
5785,-102,852,68,393,18,12,188,-0.249763
5785,-102,852,68,393,17,13,190,-0.247452
5785,-102,844,68,393,18,13,188,0.521439
5785,-102,846,68,393,17,12,188,-0.557922
5785,-102,850,68,393,16,13,189,-1.535324
5785,-102,849,68,393,16,14,189,-1.765350
5785,-102,847,68,393,18,11,187,0.677650
5785,-102,848,68,393,15,13,188,-2.141632
5785,-102,852,68,393,17,11,187,-1.195053
5785,-102,851,68,393,18,12,189,0.455505
5785,-102,853,68,393,17,12,188,-0.412506
5785,-102,852,68,393,15,13,189,-2.419243
5785,-102,850,68,393,16,14,189,-1.324783
5785,-102,847,68,393,18,12,188,0.497849
5785,-102,845,68,393,16,9,187,-1.530533
5785,-102,848,68,393,17,13,188,-0.331223
5785,-102,849,68,393,17,15,188,-0.320251
5785,-102,848,68,393,19,11,188,0.731720
5785,-102,851,68,393,17,11,188,-0.025864
5785,-102,850,68,393,17,15,190,-1.016968
5785,-102,851,68,393,16,13,189,-1.501740
5785,-102,849,68,393,16,14,189,-2.368675
5785,-102,844,68,393,17,12,188,-1.326340
5785,-102,849,68,393,19,11,189,1.881187
5785,-102,854,68,393,17,11,189,-0.083115
5785,-102,852,68,393,16,12,189,-1.097916
5785,-102,850,68,393,18,12,188,0.366898
5785,-102,850,68,393,16,12,188,-1.754539
5785,-102,847,68,393,16,13,188,-1.094940
5785,-102,849,68,393,18,13,188,0.117455
5785,-102,853,68,393,17,11,188,-0.478088
5785,-102,848,68,393,15,12,188,-2.423790
5785,-102,851,68,393,15,12,188,-2.726349
5785,-102,846,68,393,18,15,189,0.335052
5785,-102,843,68,393,15,11,188,-2.450905
5785,-102,849,68,393,17,13,188,-0.220139
5785,-102,847,68,393,17,14,189,-0.787460
5785,-102,847,68,393,17,11,188,-1.283768
5785,-102,852,68,393,18,11,188,0.487625
5785,-102,852,68,393,17,14,189,-0.474289
5785,-102,851,68,393,17,13,189,-0.964828
5785,-102,842,68,393,18,13,188,0.207664
5785,-102,848,68,393,17,12,188,-0.277824
5785,-102,845,68,393,17,12,188,-0.222778
5785,-102,846,68,393,17,13,188,-0.755333
5785,-102,849,68,393,16,11,189,-1.075195
5785,-102,848,68,393,19,15,188,1.862091
5785,-102,845,68,393,15,13,189,-2.841095
5785,-102,852,68,393,15,12,189,-2.256485
5785,-102,850,68,393,18,9,188,0.859787
5785,-102,849,68,393,18,12,188,0.964493
5785,-102,849,68,393,20,13,188,1.689262
5785,-102,853,68,393,17,15,188,-0.259125
5785,-102,845,68,393,18,13,188,0.895126
5785,-102,842,68,393,17,11,189,-0.121597
5785,-102,846,68,393,16,12,188,-1.571747
5785,-102,854,68,393,17,12,189,-0.289139
5785,-102,853,68,393,17,11,188,-0.217438
5785,-102,850,68,393,16,12,188,-1.479973
5785,-102,851,68,393,18,13,189,0.955391
5785,-102,852,68,393,16,14,188,-1.456879
5785,-102,846,68,393,17,13,188,-0.494766
5785,-102,847,68,393,16,13,188,-1.509323
5785,-102,852,68,393,17,10,188,-0.930206
5785,-102,846,68,393,18,13,188,0.955383
5785,-102,846,68,393,19,10,189,1.052246
5785,-102,852,68,393,18,13,189,0.472176
5785,-102,851,68,393,16,14,189,-2.325516
5785,-102,854,68,393,18,13,189,0.744232
5785,-102,854,68,393,17,12,188,-0.759415
5785,-102,846,68,393,17,12,188,0.023148
5785,-102,853,68,393,17,13,188,-0.257103
5785,-102,850,68,393,17,12,188,-0.565887
5785,-102,849,68,393,16,13,189,-1.114380
5785,-102,849,68,393,17,13,188,-0.962509
5785,-102,851,68,393,19,13,188,1.398544
5785,-102,846,68,393,17,12,188,-0.532753
5785,-102,849,68,393,16,14,189,-1.325974
5785,-102,850,68,393,17,13,188,-0.735168
5785,-102,849,68,393,18,11,188,0.556000
5785,-102,851,68,393,17,13,189,-0.438934
5785,-102,849,68,393,17,12,188,-0.357491
5785,-102,850,68,393,17,14,189,-0.498581
5785,-102,852,68,393,18,14,189,0.791595
5785,-102,847,68,393,16,10,188,-2.264999
5785,-102,849,68,393,19,12,189,1.553986
5785,-102,849,68,393,17,13,189,-1.332321
5785,-102,848,68,393,18,13,188,0.895859
5785,-102,852,68,393,16,9,188,-1.698120
5785,-102,852,68,393,18,14,189,0.513031
5785,-102,850,68,393,17,11,188,-0.255310
5785,-102,849,68,393,18,11,188,0.673302
5785,-102,850,68,393,17,13,188,-0.746178
5785,-102,852,68,393,16,14,189,-1.225143
5785,-102,846,68,393,17,11,187,-1.223465
5785,-102,849,68,393,17,15,189,-0.190514
5785,-102,851,68,393,14,14,188,-3.754227
5785,-102,852,68,393,18,14,188,0.663147
5785,-102,852,68,393,16,12,188,-1.769493
5785,-102,852,68,393,17,13,188,-0.387070
5785,-102,846,68,393,17,12,188,-0.614456
5785,-102,848,68,393,18,15,189,0.175766
5785,-102,853,68,393,18,13,189,0.957382
5785,-102,850,68,393,17,12,189,-0.533478
5785,-102,850,68,393,17,12,189,-0.952667
5785,-102,851,68,393,18,10,189,0.518356
5785,-102,852,68,393,16,13,188,-1.300201
5785,-102,848,68,393,18,13,188,0.580894
5785,-102,849,68,393,15,12,189,-2.154221
5785,-102,846,68,393,18,10,188,-0.019150
5785,-102,854,68,393,17,12,189,-0.154785
5785,-102,847,68,393,15,10,188,-2.352203
5785,-102,850,68,393,15,15,190,-2.549805
5785,-102,849,68,393,17,11,188,-0.592010
5785,-102,848,68,393,17,12,189,-0.689301
5785,-102,851,68,393,14,11,188,-3.875671
5785,-102,846,68,393,18,13,189,0.494095
5785,-102,851,68,393,19,14,189,1.558022
5785,-102,850,68,393,17,12,189,-0.185211
5785,-102,847,68,393,18,10,188,0.689323
5785,-102,853,68,393,17,12,188,-0.581070
5785,-102,852,68,393,18,15,189,0.649551
5785,-102,850,68,393,19,12,189,1.685005
5785,-102,852,68,393,18,12,189,1.062943
5785,-102,848,68,393,17,14,189,-1.381897
5785,-102,854,68,393,16,14,188,-1.398346
5785,-102,852,68,393,17,12,188,-0.508972
5785,-102,842,68,393,17,13,188,-0.347717
5785,-102,846,68,393,16,12,188,-1.015152
5785,-102,846,68,393,17,13,188,-0.380539
5785,-102,848,68,393,16,14,189,-1.186356
5785,-102,853,68,393,17,12,189,-0.197876
5785,-102,845,68,393,18,13,188,0.392654
5785,-102,846,68,393,17,13,188,-0.286896
5785,-102,847,68,393,17,13,188,-0.804146
5785,-102,848,68,393,16,13,189,-1.290649
5785,-102,851,68,393,15,14,189,-3.001122
5785,-102,847,68,393,18,13,189,0.345772
5785,-102,845,68,393,18,14,188,0.070740
5785,-102,845,68,393,17,11,187,-0.104309
5785,-102,848,68,393,18,15,188,0.238968
5785,-102,847,68,393,18,12,189,0.008972
5785,-102,852,68,393,18,12,188,0.803696
5785,-102,852,68,393,16,13,188,-1.444862
5785,-102,850,68,393,17,12,189,-0.506470
5785,-102,850,68,393,18,11,189,0.690422
5785,-102,851,68,393,18,12,188,0.400421
5785,-102,847,68,393,17,10,189,-0.511627
5785,-102,852,68,393,16,12,188,-1.776260
5785,-102,847,68,393,16,11,188,-1.066216
5785,-102,850,68,393,15,12,188,-2.913994
5785,-102,852,68,393,19,13,189,1.231903
5785,-102,851,68,393,17,15,188,-0.292542
5785,-102,846,68,393,15,13,189,-2.452728
5785,-102,850,68,393,18,15,189,0.838165
5785,-102,843,68,393,17,12,188,-0.485710
5785,-102,846,68,393,16,15,188,-1.937378
5785,-102,848,68,393,17,11,188,-0.972092
5785,-102,846,68,393,17,12,188,-0.502197
5785,-102,851,68,393,16,12,188,-1.072754
5785,-102,853,68,393,19,11,188,1.803116
5785,-102,853,68,393,18,10,188,0.433075
5785,-102,852,68,393,18,12,189,0.719971
5785,-102,851,68,393,19,12,188,1.850586
5785,-102,849,68,393,17,16,189,-0.105415
5785,-102,847,68,393,18,10,188,0.479950
5785,-102,842,68,393,18,12,189,0.800308
5785,-102,848,68,393,17,11,188,-0.474854
5785,-102,850,68,393,17,13,189,-0.366714
5785,-102,851,68,393,16,11,189,-1.586487
5785,-102,852,68,393,17,14,189,-0.813126
5785,-102,853,68,393,16,11,188,-1.305069
5785,-102,849,68,393,16,12,188,-1.349319
5785,-102,851,68,393,16,12,188,-1.283981
5785,-102,852,68,393,15,11,188,-2.179642
5785,-102,847,68,393,17,13,189,-0.321304
5785,-102,851,68,393,17,14,188,-0.056717
5785,-102,848,68,393,16,12,189,-1.175613
5785,-102,848,68,393,17,11,189,-1.006042
5785,-102,851,68,393,16,13,189,-1.092072
5785,-102,848,68,393,19,16,189,1.807083
5785,-102,848,68,393,18,11,188,0.398254
5785,-102,852,68,393,18,13,189,0.691315
5785,-102,848,68,393,17,10,189,-0.276253
5785,-102,852,68,393,17,13,189,-0.982727
5785,-102,844,68,393,17,12,189,-0.212936
5785,-102,850,68,393,18,10,188,0.507080
5785,-102,849,68,393,16,12,188,-1.234726
5785,-102,851,68,393,18,14,189,0.400414
5785,-102,843,68,393,17,11,188,-0.733162
5785,-102,850,68,393,17,13,189,-0.491005
5785,-102,848,68,393,14,14,189,-3.523727
5785,-102,849,68,393,16,13,189,-2.332901
5785,-102,849,68,393,18,12,188,0.790298
5785,-102,848,68,393,18,13,188,0.572311
5785,-102,852,68,393,18,13,189,0.911011
5785,-102,852,68,393,17,11,188,-0.585220
5785,-102,846,68,393,17,13,188,-0.434387
5785,-102,849,68,393,19,11,188,1.896553
5785,-102,852,68,393,15,12,189,-2.605881
5785,-102,846,68,393,17,11,189,-0.287949
5785,-102,851,68,393,17,14,189,-0.514435
5785,-102,849,68,393,17,14,188,-0.734100
5785,-102,850,68,393,17,12,188,-0.906921
5785,-102,847,68,393,17,14,189,-0.189575
5785,-102,850,68,393,16,14,189,-1.185501
5785,-102,848,68,393,15,12,188,-2.172073
5785,-102,846,68,393,18,12,188,0.644424
5785,-102,849,68,393,16,12,189,-1.525681
5785,-102,850,68,393,16,11,188,-1.169647
5785,-102,852,68,393,16,12,189,-1.438904
5785,-102,852,68,393,17,13,189,-0.282127
5785,-102,848,68,393,16,12,188,-1.572876
5785,-102,846,68,393,17,12,188,-0.125488
5785,-102,848,68,393,16,12,188,-1.935852
5785,-102,845,68,393,17,12,188,-0.144897
5785,-102,844,68,393,16,12,188,-1.929947
5785,-102,850,68,393,16,11,188,-1.563400
5785,-102,852,68,393,17,13,189,-0.632309
5785,-102,848,68,393,17,14,189,-0.365906
5785,-102,844,68,393,18,13,189,0.708847
5785,-102,847,68,393,16,14,189,-1.676811
5785,-102,848,68,393,17,10,187,-0.900726
5785,-102,850,68,393,17,12,188,-0.495407
5785,-102,851,68,393,17,12,189,-0.997604
5785,-102,853,68,393,17,12,189,-0.956055
5785,-102,852,68,393,15,11,189,-2.962387
5785,-102,852,68,393,18,11,188,0.777100
5785,-102,845,68,393,19,12,188,1.636757
5785,-102,852,68,393,16,12,188,-1.073227
5785,-102,847,68,393,16,13,188,-1.636833
5785,-102,846,68,393,17,11,188,-0.162613
5785,-102,845,68,393,17,12,189,-0.265633
5785,-102,844,68,393,18,14,188,0.231926
5785,-102,849,68,393,17,14,189,-1.376602
5785,-102,852,68,393,17,12,188,-0.285507
5785,-102,847,68,393,16,12,188,-1.460312
5785,-102,847,68,393,17,13,188,0.074585
5785,-102,850,68,393,16,14,189,-1.226891
5785,-102,849,68,393,16,13,188,-1.105331
5785,-102,847,68,393,16,15,188,-1.778458
5785,-102,846,68,393,14,13,188,-3.482346
5785,-102,850,68,393,17,12,188,-0.392960
5785,-102,846,68,393,17,13,188,-0.388618
5785,-102,849,68,393,16,13,189,-1.339821
5785,-102,849,68,393,18,13,189,0.587296
5785,-102,846,68,393,16,15,189,-1.836472
5785,-102,856,68,393,16,16,190,-1.237488
5785,-102,851,68,393,16,12,188,-1.407570
5785,-102,847,68,393,17,11,188,-0.869995
5785,-102,845,68,393,18,13,188,0.689095
5785,-102,851,68,393,16,11,188,-1.520157
5785,-102,853,68,393,16,12,189,-1.626541
5785,-102,846,68,393,16,12,188,-1.437836
5785,-102,849,68,393,15,12,188,-3.272476
5785,-102,849,68,393,17,12,189,-0.021576
5785,-102,848,68,393,16,11,188,-1.190033
5785,-102,846,68,393,16,11,188,-1.180161
5785,-102,850,68,393,17,12,188,-0.049973
5785,-102,846,68,393,17,15,189,-0.485458
5785,-102,847,68,393,17,13,189,-0.389725
5785,-102,847,68,393,15,13,189,-2.142105
5785,-102,846,68,393,18,12,188,1.047348
5785,-102,849,68,393,18,14,189,0.190453
5785,-102,852,68,393,16,13,189,-1.304642
5785,-102,849,68,393,16,12,189,-1.608246
5785,-102,845,68,393,17,14,188,-0.093201
5785,-102,852,68,393,17,14,190,-0.307678
5785,-102,848,68,393,18,12,188,0.807541
5785,-102,845,68,393,17,14,188,-1.290710
5785,-102,851,68,393,19,11,188,1.091171
5785,-102,839,68,393,18,13,188,0.698669
5785,-102,847,68,393,18,11,189,0.403336
5785,-102,849,68,393,19,10,188,1.276482
5785,-102,857,68,393,17,14,188,-0.139458
5785,-102,849,68,393,16,14,189,-0.988533
5785,-102,847,68,393,18,12,188,0.938889
5785,-102,853,68,393,19,12,188,1.649010
5785,-102,853,68,393,17,14,188,-0.385925
5785,-102,845,68,393,17,14,188,-0.305191
5785,-102,849,68,393,18,11,188,0.440247
5785,-102,849,68,393,18,13,188,0.382141
5785,-102,849,68,393,17,12,188,-0.235580
5785,-102,846,68,393,19,12,188,1.898422
5785,-102,849,68,393,16,14,189,-1.169632
5785,-102,851,68,393,16,12,189,-1.486015
5785,-102,849,68,393,15,12,189,-2.484077
5785,-102,844,68,393,16,12,189,-1.539322
5785,-102,847,68,393,17,12,188,-0.098846
5785,-102,846,68,393,17,13,188,-0.141441
5785,-102,846,68,393,16,14,188,-1.226021
5785,-102,853,68,393,18,10,187,0.691513
5785,-102,844,68,393,18,14,188,0.690559
5785,-102,852,68,393,17,12,189,-0.137985
5785,-102,850,68,393,16,14,189,-1.111870
5785,-102,852,68,393,18,12,189,0.176346
5785,-102,850,68,393,18,16,189,0.347656
5785,-102,850,68,393,16,13,188,-1.496185
5785,-102,851,68,393,16,14,188,-1.784790
5785,-102,851,68,393,16,14,189,-1.828461
5785,-102,849,68,393,17,14,189,-1.020233
5785,-102,853,68,393,18,12,189,0.395599
5785,-102,852,68,393,17,13,189,-0.225143
5785,-102,852,68,393,17,13,188,-0.020668
5785,-102,848,68,393,16,12,188,-2.277161
5785,-102,850,68,393,17,11,188,-1.273849
5785,-102,849,68,393,16,15,190,-1.259506
5785,-102,852,68,393,17,12,189,-0.630508
5785,-102,850,68,393,16,15,189,-1.235535
5785,-102,843,68,393,17,13,188,-0.908409
5785,-102,852,68,393,16,12,189,-1.304398
5785,-102,847,68,393,18,12,189,0.891663
5785,-102,847,68,393,17,14,188,-0.312744
5785,-102,846,68,393,17,12,188,-0.397980
5785,-102,848,68,393,16,13,188,-1.450256
5785,-102,852,68,393,15,12,189,-2.375259
5785,-102,853,68,393,18,13,189,0.455261
5785,-102,850,68,393,17,11,189,-0.804230
5785,-102,852,68,393,18,12,189,0.739426
5785,-102,851,68,393,16,15,189,-1.672791
5785,-102,852,68,393,16,13,189,-1.337555
5785,-102,854,68,393,16,12,189,-1.246422
5785,-102,848,68,393,17,12,188,-1.362045
5785,-102,850,68,393,16,12,188,-1.776009
5785,-102,847,68,393,17,11,188,-0.057304
5785,-102,847,68,393,16,13,188,-1.934082
5785,-102,847,68,393,17,11,188,-0.458115
5785,-102,846,68,393,17,12,187,-0.407608
5785,-102,847,68,393,16,13,188,-1.244919
5785,-102,848,68,393,18,15,189,0.789352
5785,-102,849,68,393,16,12,188,-1.156891
5785,-102,848,68,393,19,13,189,1.514359
5785,-102,854,68,393,18,11,188,0.618004
5785,-102,852,68,393,16,12,188,-1.542831
5785,-102,848,68,393,17,14,189,-1.386902
5785,-102,849,68,393,17,14,190,-1.398598
5785,-102,850,68,393,16,13,189,-1.529434
5785,-102,850,68,393,15,14,188,-2.922714
5785,-102,845,68,393,16,11,188,-1.900719
5785,-102,844,68,393,19,12,187,1.619820
5785,-102,852,68,393,16,13,188,-1.931030
5785,-102,852,68,393,17,13,189,-0.552376
5785,-102,847,68,393,16,13,189,-1.482666
5785,-102,850,68,393,15,14,189,-2.475189
5785,-102,852,68,393,17,14,189,-0.647118
5785,-102,852,68,393,15,11,189,-2.590439
5785,-102,848,68,393,18,12,189,0.535675
5785,-102,848,68,393,19,14,188,1.794632
5785,-102,850,68,393,19,13,189,1.739014
5785,-102,853,68,393,18,13,189,0.481598
5785,-102,854,68,393,17,13,189,-0.928696
5785,-102,857,68,393,16,12,189,-1.501709
5785,-102,855,68,393,17,11,188,-0.884094
5785,-102,854,68,393,17,13,189,-0.116150
5785,-102,845,68,393,16,12,188,-1.581085
5785,-102,848,68,393,17,14,188,-0.619804
5785,-102,845,68,393,14,12,189,-3.493423
5785,-102,849,68,393,17,10,187,-0.160706
5785,-102,852,68,393,18,13,190,0.578079
5785,-102,847,68,393,17,12,188,-0.426926
5785,-102,854,68,393,17,12,189,-0.175827
5785,-102,849,68,393,17,12,188,-0.790680
5785,-102,852,68,393,17,12,189,-1.017349
5785,-102,854,68,393,17,14,189,-0.488617
5785,-102,847,68,393,18,12,188,0.500000
5785,-102,852,68,393,17,10,188,-0.747864
5785,-102,851,68,393,18,12,188,0.210434
5785,-102,851,68,393,17,10,188,-0.250313
5785,-102,852,68,393,17,14,188,-0.578323
5785,-102,851,68,393,16,12,188,-1.527184
5785,-102,850,68,393,17,13,188,-0.252792
5785,-102,851,68,393,16,12,189,-1.518692
5785,-102,847,68,393,17,12,189,-0.263474
5785,-102,852,68,393,14,13,189,-3.442337
5785,-102,851,68,393,18,13,189,1.140587
5785,-102,855,68,393,15,13,189,-2.762131
5785,-102,852,68,393,19,14,189,0.684631
5785,-102,846,68,393,16,11,188,-1.464050
5785,-102,852,68,393,17,14,189,-1.314987
5785,-102,851,68,393,16,12,188,-1.558746
5785,-102,852,68,393,17,13,188,-0.413910
5785,-102,848,68,393,14,11,188,-3.098434
5785,-102,847,68,393,16,14,189,-1.637154
5785,-102,845,68,393,16,14,188,-0.987228
5785,-102,852,68,393,17,13,189,-0.470650
5785,-102,848,68,393,16,12,189,-1.458710
5785,-102,856,68,393,17,14,189,-1.405533
5785,-102,851,68,393,17,12,189,-0.377014
5785,-102,849,68,393,16,12,188,-1.208389
5785,-102,848,68,393,18,13,189,0.891945
5785,-102,846,68,393,16,11,188,-1.964127
5785,-102,847,68,393,16,10,188,-1.532143
5785,-102,848,68,393,16,13,188,-1.216484
5785,-102,851,68,393,17,11,189,-0.503265
5785,-102,849,68,393,17,12,189,-0.146149
5785,-102,850,68,393,18,12,189,0.693741
5785,-102,854,68,393,17,11,188,-0.357071
5785,-102,850,68,393,18,12,188,0.248245
5785,-102,851,68,393,16,12,189,-1.368416
5785,-102,853,68,393,17,14,189,-0.157852
5785,-102,853,68,393,17,11,189,-0.071671
5785,-102,848,68,393,14,13,189,-3.451965
5785,-102,848,68,393,18,12,188,0.730240
5785,-102,848,68,393,18,10,188,0.428116
5785,-102,852,68,393,17,10,188,-0.597099
5785,-102,855,68,393,17,12,189,-0.332466
5785,-102,852,68,393,16,12,189,-1.611359
5785,-102,846,68,393,16,11,188,-1.191269
5785,-102,852,68,393,16,13,188,-1.592415
5785,-102,852,68,393,17,14,188,-0.582901
5785,-102,851,68,393,19,11,188,1.101471
5785,-102,852,68,393,19,13,188,1.088623
5785,-102,849,68,393,18,11,188,0.448349
5785,-102,849,68,393,18,12,188,0.429642
5785,-102,854,68,393,17,13,189,-0.792809
5785,-102,851,68,393,18,14,189,-0.412872
5785,-102,851,68,393,17,13,189,-0.570610
5785,-102,852,68,393,18,14,189,0.882248
5785,-102,855,68,393,18,14,188,0.950150
5785,-102,853,68,393,17,13,189,-0.430664
5785,-102,852,68,393,17,12,188,-0.379272
5785,-102,851,68,393,18,13,188,0.763229
5785,-102,851,68,393,18,12,189,-0.327347
5785,-102,854,68,393,17,13,188,-0.170448
5785,-102,852,68,393,17,13,189,-0.975143
5785,-102,848,68,393,16,11,188,-1.309708
5785,-102,849,68,393,17,10,188,-0.246956
5785,-102,846,68,393,17,12,188,-0.010666
5785,-102,851,68,393,17,12,188,0.032639
5785,-102,852,68,393,16,13,188,-1.463470
5785,-102,849,68,393,16,13,189,-1.252289
5785,-102,852,68,393,18,11,188,1.030365
5785,-102,852,68,393,18,14,188,0.899673
5785,-102,851,68,393,18,13,188,0.433578
5785,-102,844,68,393,17,14,188,-0.432167
5785,-102,854,68,393,15,12,189,-2.502396
5785,-102,851,68,393,17,12,188,-0.589249
5785,-102,850,68,393,17,12,187,-1.246223
5785,-102,848,68,393,17,12,188,-0.561798
5785,-102,851,68,393,18,12,188,0.931732
5785,-102,846,68,393,16,15,188,-1.122009
5785,-102,851,68,393,15,11,188,-2.424393
5785,-102,853,68,393,17,12,189,-0.099335
5785,-102,850,68,393,15,13,189,-2.364197
5785,-102,850,68,393,16,13,188,-1.326477
5785,-102,849,68,393,17,13,188,-0.782715
5785,-102,850,68,393,17,11,189,-0.475723
5785,-102,848,68,393,17,12,188,-1.288452
5785,-102,852,68,393,15,13,189,-2.434280
5785,-102,849,68,393,16,12,188,-1.763901
5785,-102,848,68,393,18,13,188,0.689049
5785,-102,849,68,393,18,11,188,1.035568
5785,-102,848,68,393,16,12,188,-1.473831
5785,-102,850,68,393,17,13,188,-0.734177
5785,-102,854,68,393,16,12,189,-1.478386
5785,-102,850,68,393,16,12,189,-2.326004
5785,-102,847,68,393,18,10,188,0.386154
5785,-102,850,68,393,17,12,188,-0.446320
5785,-102,848,68,393,18,13,188,0.625420
5785,-102,852,68,393,18,14,188,0.539848
5785,-102,851,68,393,15,10,188,-2.529221
5785,-102,850,68,393,17,12,188,-0.438538
5785,-102,856,68,393,15,13,188,-2.613770
5785,-102,853,68,393,17,14,188,-0.423477
5805,-102,849,68,393,18,14,189,0.667160
5805,-102,849,68,393,17,12,189,-0.436073
5805,-102,847,68,393,15,13,188,-2.098145
5805,-102,852,68,393,16,13,190,-1.006889
5805,-102,849,68,393,17,12,189,-0.141769
5805,-102,851,68,393,17,11,188,-0.101822
5805,-102,849,68,393,14,12,189,-3.175064
5805,-102,849,68,393,14,14,189,-3.146973
5805,-102,848,68,393,18,12,189,0.687302
5805,-102,852,68,393,18,14,189,0.645294
5805,-102,850,68,393,18,12,189,0.511658
5805,-102,852,68,393,17,13,189,-0.110466
5805,-102,852,68,393,17,11,189,-0.478302
5805,-102,852,68,393,16,12,189,-1.437508
5805,-102,850,68,393,17,12,189,-0.032578
5805,-102,850,68,393,16,13,189,-1.311798
5805,-102,849,68,393,17,13,189,-0.137718
5805,-102,848,68,393,17,13,189,-0.647758
5805,-102,848,68,393,16,13,188,-1.523918
5805,-102,848,68,393,14,13,189,-3.292618
5805,-102,847,68,393,17,13,188,-0.417923
5805,-102,852,68,393,16,14,189,-1.420227
5805,-102,844,68,393,16,15,189,-1.840118
5805,-102,850,68,393,17,13,190,-0.508194
5805,-102,851,68,393,15,12,189,-2.254120
5805,-102,850,68,393,17,11,189,-0.277298
5805,-102,853,68,393,17,11,189,-0.441772
5805,-102,854,68,393,16,13,189,-1.765228
5805,-102,849,68,393,15,12,189,-2.373260
5805,-102,847,68,393,18,11,188,0.016968
5805,-102,851,68,393,18,12,189,0.466400
5805,-102,852,68,393,16,11,189,-1.628799
5805,-102,854,68,393,18,12,189,0.836197
5805,-102,851,68,393,14,14,189,-3.165512
5805,-102,846,68,393,18,12,188,0.528946
5805,-102,852,68,393,17,12,189,-1.387115
5805,-102,849,68,393,17,13,188,-1.265221
5805,-102,849,68,393,18,14,190,0.136963
5805,-102,849,68,393,19,14,190,1.574249
5805,-102,847,68,393,17,13,188,-0.513992
5805,-102,850,68,393,17,12,188,-0.095337
5805,-102,847,68,393,17,14,189,-0.446846
5805,-102,848,68,393,16,13,189,-1.508377
5805,-102,846,68,393,17,14,190,-0.837769
5805,-102,853,68,393,17,13,189,-0.950882
5805,-102,848,68,393,17,12,188,-0.609894
5805,-102,852,68,393,18,13,189,0.821243
5805,-102,851,68,393,17,13,189,-0.652786
5805,-102,848,68,393,16,12,189,-1.226837
5805,-102,851,68,393,17,12,188,-1.290634
5805,-102,848,68,393,16,11,189,-1.487869
5805,-102,850,68,393,16,12,188,-1.311752
5805,-102,847,68,393,16,13,189,-1.828812
5805,-102,854,68,393,15,13,190,-2.509583
5805,-102,852,68,393,15,12,188,-2.416229
5805,-102,853,68,393,16,13,190,-1.101166
5805,-102,849,68,393,17,12,188,-0.461121
5805,-102,850,68,393,15,12,188,-2.959137
5805,-102,846,68,393,18,11,188,0.821098
5805,-102,849,68,393,15,14,188,-2.566772
5805,-102,850,68,393,18,11,188,0.223877
5805,-102,844,68,393,18,13,189,0.610512
5805,-102,850,68,393,15,13,188,-2.500046
5805,-102,850,68,393,18,13,189,0.007919
5805,-102,848,68,393,18,15,189,0.710655
5805,-102,849,68,393,17,11,188,-1.294678
5805,-102,842,68,393,15,12,189,-2.296753
5805,-102,851,68,393,16,13,189,-1.363441
5805,-102,849,68,393,17,12,189,-0.806259
5805,-102,852,68,393,18,13,189,0.818192
5805,-102,846,68,393,17,11,189,-0.492706
5805,-102,854,68,393,17,14,189,-0.810287
5805,-102,851,68,393,17,13,189,-1.046036
5805,-102,853,68,393,17,13,189,-0.132065
5805,-102,851,68,393,18,12,189,0.694984
5805,-102,849,68,393,17,12,188,-0.929092
5805,-102,853,68,393,18,14,189,0.837425
5805,-102,847,68,393,14,13,189,-3.253975
5805,-102,852,68,393,17,13,189,-0.446655
5805,-102,849,68,393,17,13,189,-0.387375
5805,-102,854,68,393,16,11,188,-1.046082
5805,-102,847,68,393,17,12,189,-0.679169
5805,-102,850,68,393,16,11,189,-1.466507
5805,-102,852,68,393,16,13,190,-1.426819
5805,-102,847,68,393,15,11,189,-2.081696
5805,-102,845,68,393,17,11,189,-0.282875
5805,-102,853,65,395,18,12,189,0.750717
5805,-102,857,65,395,17,12,189,-0.384430
5805,-102,855,65,395,17,13,190,-0.264557
5805,-102,859,65,395,16,15,190,-1.426506
5805,-102,855,65,395,17,12,188,-0.815002
5805,-102,855,65,395,17,12,189,-0.298981
5805,-102,856,65,395,17,10,188,-0.242645
5805,-102,856,65,395,16,14,190,-1.196411
5805,-102,855,65,395,14,13,189,-3.614792
5805,-102,856,65,395,16,12,188,-1.312759
5805,-102,856,65,395,19,13,189,1.156418
5805,-102,858,65,395,13,10,189,-5.208115
5805,-102,856,65,395,18,12,189,0.361877
5805,-102,854,65,395,18,13,189,0.173027
5805,-102,854,65,395,17,15,189,-0.221497
5805,-102,852,65,395,19,14,189,1.584549
5805,-102,855,65,395,16,13,189,-1.261581
5805,-102,856,65,395,15,13,189,-2.286392
5805,-102,856,65,395,16,13,189,-1.261780
5805,-102,857,65,395,15,13,190,-2.630905
5805,-102,857,65,395,17,13,189,-0.266487
5805,-102,857,65,395,16,13,190,-2.234177
5805,-102,850,65,395,17,12,189,-0.263199
5805,-102,852,65,395,16,13,189,-1.892677
5805,-102,854,65,395,16,16,189,-1.415237
5805,-102,855,65,395,19,14,190,1.950928
5805,-102,852,65,395,15,14,189,-2.615509
5805,-102,851,65,395,17,14,190,-0.300812
5805,-102,856,65,395,16,10,188,-1.457718
5805,-102,853,65,395,17,12,188,-0.240356
5805,-102,856,65,395,19,13,190,1.811188
5805,-102,853,65,395,16,11,188,-1.403160
5805,-102,856,65,395,15,11,189,-2.598404
5805,-102,855,65,395,19,14,190,1.560898
5805,-102,855,65,395,15,13,189,-2.287628
5805,-102,856,65,395,17,13,190,-0.337852
5805,-102,846,65,395,17,13,189,-0.291962
5805,-102,857,65,395,16,13,189,-1.294891
5805,-102,853,65,395,16,14,188,-1.557846
5805,-102,857,65,395,15,12,189,-2.204025
5805,-102,857,65,395,17,9,189,-0.095596
5805,-102,852,65,395,16,12,189,-1.508423
5805,-102,854,65,395,16,11,190,-1.438332
5805,-102,850,65,395,15,14,189,-2.524353
5805,-102,851,65,395,17,13,189,-0.214706
5805,-102,854,65,395,18,12,189,0.732414
5805,-102,854,65,395,13,14,189,-4.366692
5805,-102,853,65,395,18,11,190,0.715698
5805,-102,854,65,395,18,13,189,0.759506
5805,-102,855,65,395,16,12,189,-1.197678
5805,-102,855,65,395,18,12,190,0.809586
5805,-102,853,65,395,18,14,190,0.585831
5805,-102,853,65,395,15,15,190,-2.255249
5805,-102,853,65,395,17,13,190,-0.413124
5805,-102,857,65,395,19,12,189,1.634323
5805,-102,855,65,395,17,14,189,-0.362823
5805,-102,851,65,395,17,13,189,-0.195892
5805,-102,857,65,395,15,12,190,-2.293915
5805,-102,854,65,395,17,13,189,-0.401939
5805,-102,857,65,395,17,13,190,-0.866631
5805,-102,851,65,395,18,14,189,0.397408
5805,-102,857,65,395,16,14,190,-1.281769
5805,-102,855,65,395,17,10,189,-0.275330
5805,-102,856,65,395,16,14,190,-1.322021
5805,-102,853,65,395,16,12,188,-1.842712
5805,-102,857,65,395,16,13,190,-1.250122
5805,-102,855,65,395,16,14,190,-1.317604
5805,-102,851,65,395,16,13,189,-1.495804
5805,-102,854,65,395,15,11,190,-2.130508
5805,-102,857,65,395,18,13,189,0.714943
5805,-102,856,65,395,18,13,189,0.580109
5805,-102,851,65,395,15,13,190,-2.234634
5805,-102,854,65,395,15,13,189,-3.225967
5805,-102,853,65,395,16,12,188,-1.574768
5805,-102,857,65,395,17,11,189,-1.224777
5805,-102,853,65,395,17,12,189,-0.837601
5805,-102,851,65,395,18,12,189,0.123383
5805,-102,852,65,395,16,13,190,-1.218712
5805,-102,853,65,395,18,12,188,0.643799
5805,-102,860,65,395,18,12,189,0.725723
5805,-102,852,65,395,18,13,189,0.607368
5805,-102,857,65,395,15,13,189,-2.252510
5805,-102,856,65,395,14,14,190,-3.534485
5805,-102,858,65,395,19,15,190,1.600540
5805,-102,856,65,395,16,12,188,-1.789444
5805,-102,854,65,395,18,12,189,0.864594
5805,-102,848,65,395,18,13,190,0.701233
5805,-102,857,65,395,18,14,190,0.099815
5805,-102,857,65,395,19,12,189,1.687363
5805,-102,856,65,395,17,14,190,-0.209686
5805,-102,855,65,395,16,12,189,-1.254173
5805,-102,857,65,395,17,13,190,-0.347008
5805,-102,854,65,395,16,13,190,-1.330109
5805,-102,853,65,395,19,13,189,1.150482
5805,-102,852,65,395,18,16,190,0.328949
5805,-102,855,65,395,17,14,189,-0.868256
5805,-102,854,65,395,16,11,189,-1.224854
5805,-102,855,65,395,18,15,189,0.717888
5805,-102,852,65,395,16,13,190,-1.924591
5805,-102,852,65,395,15,12,189,-2.839516
5805,-102,857,65,395,16,13,189,-1.145493
5805,-102,857,65,395,16,12,189,-1.296242
5805,-102,855,65,395,15,12,188,-2.049919
5805,-102,852,65,395,17,15,190,-0.329803
5805,-102,856,65,395,17,11,188,-0.116287
5805,-102,857,65,395,17,14,188,-0.216301
5805,-102,851,65,395,17,11,188,-0.572769
5805,-102,857,65,395,16,14,189,-1.609680
5805,-102,855,65,395,14,12,189,-4.175850
5805,-102,856,65,395,17,16,190,-0.313667
5805,-102,854,65,395,17,11,188,-0.782959
5805,-102,854,65,395,16,11,189,-1.234100
5805,-102,853,65,395,17,12,189,-0.290573
5805,-102,859,65,395,17,13,189,-0.272980
5805,-102,857,65,395,18,13,190,0.781128
5805,-102,852,65,395,17,14,190,-0.322662
5805,-102,857,65,395,17,12,189,-0.460464
5805,-102,850,65,395,16,13,189,-1.406502
5805,-102,854,65,395,18,14,190,0.621895
5805,-102,853,65,395,18,14,189,0.613297
5805,-102,857,65,395,18,13,189,-0.202774
5805,-102,859,65,395,16,14,190,-1.403679
5805,-102,857,65,395,16,13,189,-1.277557
5805,-102,858,65,395,17,12,189,-0.338715
5805,-102,857,65,395,18,14,190,0.675095
5805,-102,855,65,395,17,13,190,-1.218369
5805,-102,857,65,395,19,13,189,1.898163
5805,-102,854,65,395,16,12,189,-1.074615
5805,-102,853,65,395,16,13,189,-2.227570
5805,-102,855,65,395,16,14,190,-1.125641
5805,-102,853,65,395,15,13,190,-2.637924
5805,-102,856,65,395,18,11,189,0.879074
5805,-102,854,65,395,16,11,190,-2.256355
5805,-102,856,65,395,16,11,190,-1.147736
5805,-102,857,65,395,17,14,190,-0.026222
5805,-102,855,65,395,18,11,188,0.210129
5805,-102,857,65,395,19,13,190,1.095001
5805,-102,856,65,395,15,13,190,-2.613396
5805,-102,854,65,395,17,14,190,-0.282005
5805,-102,857,65,395,15,13,190,-2.430878
5805,-102,853,65,395,14,12,188,-3.035713
5805,-102,855,65,395,18,14,189,0.878723
5805,-102,850,65,395,13,12,188,-4.444962
5805,-102,859,65,395,16,11,189,-1.043594
5805,-102,855,65,395,17,13,189,-1.212738
5805,-102,855,65,395,17,13,189,-0.425354
5805,-102,854,65,395,16,10,188,-1.820648
5805,-102,854,65,395,17,12,189,-0.398857
5805,-102,860,62,398,14,11,190,-3.261719
5805,-102,860,62,398,16,11,190,-1.126122
5805,-102,857,62,398,16,14,191,-1.423584
5805,-102,861,62,398,17,14,190,-0.356720
5805,-102,861,62,398,16,14,190,-1.647415
5805,-102,862,62,398,16,12,190,-2.068199
5805,-102,861,62,398,17,13,190,-0.509148
5805,-102,858,62,398,15,13,189,-2.336533
5805,-102,863,62,398,15,12,191,-2.305450
5805,-102,858,62,398,14,13,190,-3.140060
5805,-102,859,62,398,18,13,190,-0.056015
5805,-102,858,62,398,16,12,189,-1.462982
5805,-102,863,62,398,15,12,189,-2.062973
5805,-102,861,62,398,18,13,191,0.937332
5805,-102,862,62,398,18,14,190,0.485138
5805,-102,861,62,398,16,14,190,-1.751480
5805,-102,862,62,398,17,13,190,-1.099663
5805,-102,861,62,398,16,13,190,-1.388557
5805,-102,861,62,398,15,13,189,-2.295189
5805,-102,863,62,398,17,14,190,-0.250824
5805,-102,860,62,398,16,11,190,-2.022034
5805,-102,862,62,398,15,13,191,-2.424255
5805,-102,864,62,398,16,12,190,-1.208603
5805,-102,863,62,398,16,15,190,-1.139816
5805,-102,859,62,398,13,12,190,-4.726021
5805,-102,864,62,398,17,13,190,-0.041458
5805,-102,863,62,398,14,13,191,-3.164276
5805,-102,863,62,398,17,12,190,-0.724319
5805,-102,856,62,398,16,13,189,-1.679031
5805,-102,862,62,398,14,14,190,-3.037491
5805,-102,863,62,398,16,11,190,-1.257401
5805,-102,860,62,398,17,15,190,-0.752823
5805,-102,863,62,398,17,13,190,-0.229828
5805,-102,864,62,398,17,12,190,-0.701279
5805,-102,858,62,398,16,14,190,-1.708740
5805,-102,857,62,398,16,12,190,-1.770065
5805,-102,861,62,398,16,14,190,-1.404327
5805,-102,864,62,398,16,14,190,-1.253601
5805,-102,858,62,398,14,10,189,-3.346115
5805,-102,859,62,398,17,14,190,-0.287453
5805,-102,860,62,398,17,13,190,-0.274498
5805,-102,864,62,398,16,13,190,-1.391647
5805,-102,863,62,398,18,12,190,0.758301
5805,-102,859,62,398,17,12,190,-0.244476
5805,-102,857,62,398,16,13,189,-1.316101
5805,-102,862,62,398,14,14,189,-4.004395
5805,-102,858,62,398,18,14,190,0.279755
5805,-102,863,62,398,17,12,189,-0.059814
5805,-102,861,62,398,17,12,190,-0.715912
5805,-102,862,62,398,16,13,190,-1.445251
5805,-102,860,62,398,15,12,190,-2.238159
5805,-102,856,62,398,17,13,190,-0.493149
5805,-102,860,62,398,16,15,190,-1.256325
5805,-102,856,62,398,14,13,189,-3.323532
5805,-102,862,62,398,17,13,190,-0.731857
5805,-102,860,62,398,16,14,190,-1.491234
5805,-102,861,62,398,18,15,190,0.810074
5805,-102,857,62,398,18,14,190,-0.067978
5805,-102,860,62,398,15,12,189,-2.279221
5805,-102,863,62,398,17,13,190,-0.508957
5805,-102,856,62,398,16,11,190,-2.092041
5805,-102,863,62,398,16,15,190,-2.071777
5805,-102,859,62,398,16,14,189,-1.699554
5805,-102,859,62,398,17,14,190,-0.118584
5805,-102,860,62,398,17,13,190,-0.000053
5805,-102,863,62,398,15,15,190,-2.268524
5805,-102,863,62,398,16,14,191,-1.444870
5805,-102,857,62,398,15,9,188,-2.632256
5805,-102,861,62,398,17,12,190,-0.700180
5805,-102,859,62,398,18,12,190,-0.098343
5805,-102,859,62,398,15,14,190,-2.418961
5805,-102,857,62,398,17,13,190,-0.480942
5805,-102,856,62,398,17,14,189,-0.492561
5805,-102,862,62,398,16,11,190,-1.677750
5805,-102,859,62,398,14,13,190,-3.363358
5805,-102,860,62,398,16,13,190,-1.711777
5805,-102,862,62,398,15,13,190,-2.365128
5805,-102,862,62,398,17,13,190,-0.403458
5805,-102,861,62,398,17,12,190,-1.059082
5805,-102,859,62,398,19,13,190,1.601028
5805,-102,858,62,398,17,14,190,-0.310646
5805,-102,858,62,398,16,14,190,-1.154068
5805,-102,860,62,398,17,11,189,-0.642784
5805,-102,858,62,398,17,13,189,-0.213882
5805,-102,860,62,398,15,13,190,-2.733955
5805,-102,862,62,398,15,13,190,-2.149185
5805,-102,856,62,398,16,15,190,-1.761627
5805,-102,859,62,398,16,14,190,-0.984833
5805,-102,860,62,398,16,11,189,-1.442963
5805,-102,861,62,398,16,14,190,-1.466042
5805,-102,859,62,398,15,14,190,-3.086830
5805,-102,864,62,398,15,12,190,-3.016685
5805,-102,863,62,398,17,14,190,-0.351517
5805,-102,862,62,398,16,13,190,-1.668091
5805,-102,863,62,398,16,10,190,-1.685806
5805,-102,862,62,398,16,13,190,-1.527435
5805,-102,862,62,398,15,10,190,-3.038841
5805,-102,862,62,398,16,11,189,-1.332870
5805,-102,861,62,398,17,15,191,-1.129852
5805,-102,859,62,398,16,12,189,-1.462540
5805,-102,861,62,398,15,12,190,-2.227997
5805,-102,863,62,398,17,12,190,-0.709076
5805,-102,862,62,398,15,12,190,-2.354156
5805,-102,863,62,398,17,14,190,-0.020638
5805,-102,859,62,398,17,13,190,-0.279099
5805,-102,861,62,398,14,12,190,-3.464119
5805,-102,864,62,398,17,13,190,-0.756577
5805,-102,857,62,398,16,13,189,-1.652756
5805,-102,859,62,398,16,11,190,-2.061111
5805,-102,863,62,398,16,13,189,-1.992554
5805,-102,858,62,398,15,11,190,-2.706749
5805,-102,863,62,398,16,14,190,-1.283859
5805,-102,858,62,398,17,13,190,-1.018448
5805,-102,863,62,398,17,13,191,-0.422188
5805,-102,861,62,398,17,13,189,-0.227554
5805,-102,863,62,398,15,14,190,-2.744827
5805,-102,862,62,398,18,12,191,0.833160
5805,-102,863,62,398,15,12,190,-2.443085
5805,-102,862,62,398,17,14,190,-0.153122
5805,-102,863,62,398,18,10,189,0.611877
5805,-102,864,62,398,14,12,190,-3.330185
5805,-102,860,62,398,15,12,190,-2.222153
5805,-102,859,62,398,15,13,190,-2.191223
5805,-102,851,68,392,17,13,189,-1.405182
5805,-102,851,68,392,17,14,188,-0.626694
5805,-102,850,68,392,14,14,188,-2.845673
5805,-102,846,68,392,17,14,188,-0.738663
5805,-102,850,68,392,16,12,188,-1.191101
5805,-102,847,68,392,16,14,188,-1.202667
5805,-102,849,68,392,16,12,189,-1.316833
5805,-102,858,62,398,18,11,190,0.908493
5805,-102,857,62,398,17,11,189,-0.113678
5805,-102,859,62,398,16,12,189,-1.684250
5805,-102,858,62,398,16,11,190,-1.235504
5805,-102,863,62,398,15,12,190,-2.063751
5805,-102,857,62,398,14,13,190,-3.359451
5805,-102,863,62,398,17,11,191,-0.292183
5805,-102,859,62,398,17,13,190,-0.127747
5805,-102,860,62,398,17,12,189,-0.323647
5805,-102,862,62,398,15,15,190,-2.479721
5805,-102,864,62,398,16,12,190,-1.672684
5805,-102,861,62,398,17,13,190,-0.342148
5805,-102,863,62,398,17,12,190,-1.104210
5805,-102,859,62,398,14,12,190,-3.102966
5805,-102,862,62,398,16,12,190,-1.347687
5805,-102,862,62,398,17,10,191,-0.372101
5805,-102,860,62,398,16,11,190,-1.483978
5805,-102,856,62,398,17,13,190,-0.712860
5805,-102,863,62,398,16,11,190,-1.707977
5805,-102,863,62,398,16,13,190,-1.706207
5805,-102,859,62,398,15,13,190,-2.482605
5805,-102,860,62,398,18,14,190,-0.042801
5805,-102,861,62,399,19,13,190,1.350983
5805,-102,860,62,399,17,12,190,-0.204559
5805,-102,864,62,399,18,13,191,0.692261
5805,-102,863,62,399,16,14,191,-1.282562
5805,-102,864,62,399,16,13,191,-1.527382
5805,-102,863,62,399,16,12,191,-1.188286
5805,-102,864,62,399,18,12,190,0.483536
5805,-102,861,62,399,19,13,191,1.728172
5805,-102,861,62,399,17,13,191,-0.345215
5805,-102,861,62,399,19,13,190,0.988770
5805,-102,864,62,399,17,15,191,-0.038269
5805,-102,862,62,399,18,13,190,0.311272
5805,-102,862,62,399,17,12,190,-0.232635
5805,-102,861,62,399,16,13,191,-1.030518
5805,-102,860,62,399,14,14,191,-3.522873
5805,-102,864,62,399,18,10,190,0.378426
5805,-102,862,62,399,19,13,190,1.793961
5805,-102,857,62,399,18,12,190,0.801498
5805,-102,859,62,399,15,12,191,-2.390381
5805,-102,860,62,399,17,13,190,-0.457001
5805,-102,863,62,399,18,12,191,0.645340
5805,-102,862,62,399,15,13,190,-2.483299
5805,-102,858,62,399,16,13,191,-1.376221
5805,-102,863,62,399,16,10,190,-2.028549
5805,-102,864,62,399,18,13,191,0.728271
5805,-102,863,62,399,17,13,190,-0.334915
5805,-102,863,62,399,16,14,191,-1.256020
5805,-102,863,62,399,18,11,190,0.340775
5805,-102,862,62,399,17,13,191,-0.120010
5805,-102,859,62,399,17,11,190,-0.276657
5805,-102,862,62,399,17,12,190,-0.458313
5805,-102,861,62,399,17,11,190,-0.682556
5805,-102,859,62,399,16,12,190,-2.086632
5805,-102,863,62,399,16,11,190,-1.141769
5805,-102,859,62,399,17,14,191,-1.032608
5805,-102,857,62,399,16,15,190,-1.199387
5805,-102,857,62,399,16,13,191,-1.006752
5805,-102,862,62,399,17,12,191,-0.071655
5805,-102,862,62,399,16,14,190,-2.004410
5805,-102,861,62,399,16,13,190,-1.479332
5805,-102,863,62,399,18,12,190,0.513992
5805,-102,862,62,399,15,13,191,-2.374435
5805,-102,866,62,399,18,11,190,0.520920
5805,-102,863,62,399,16,13,191,-1.367363
5805,-102,859,62,399,16,11,190,-1.333885
5805,-102,861,62,399,19,13,190,1.758598
5805,-102,858,62,399,17,13,190,-0.658051
5805,-102,864,62,399,17,14,191,-0.236183
5805,-102,863,62,399,17,12,191,-1.076111
5805,-102,866,62,399,16,12,191,-1.534988
5805,-102,860,62,399,17,11,190,-1.022156
5805,-102,859,62,399,17,11,190,-0.220764
5805,-102,861,62,399,15,15,191,-3.080109
5805,-102,863,62,399,15,13,191,-2.354736
5805,-102,859,62,399,16,11,190,-1.252945
5805,-102,861,62,399,17,12,190,-0.328117
5805,-102,863,62,399,16,13,190,-1.659653
5805,-102,864,62,399,18,13,190,0.343460
5805,-102,863,62,399,16,11,191,-1.120102
5805,-102,863,62,399,17,13,190,-0.651138
5805,-102,862,62,399,18,13,190,-0.020538
5805,-102,862,62,399,17,12,190,-1.043472
5805,-102,859,62,399,16,12,190,-1.387733
5805,-102,865,62,399,16,15,192,-1.292206
5805,-102,863,62,399,16,14,190,-1.170486
5805,-102,860,62,399,18,12,190,0.682991
5805,-102,861,62,399,17,13,190,-0.360229
5805,-102,862,62,399,16,12,190,-1.202469
5805,-102,865,62,399,15,12,190,-2.305435
5805,-102,861,62,399,17,17,191,-1.093231
5805,-102,861,62,399,17,12,190,-0.534958
5805,-102,861,62,399,17,14,191,-0.182907
5805,-102,863,62,399,17,13,190,-1.001007
5805,-102,857,62,399,15,14,190,-2.174179
5805,-102,862,62,399,16,12,190,-1.237503
5805,-102,861,62,399,17,13,191,-1.101280
5805,-102,862,62,399,16,13,190,-1.339622
5805,-102,856,62,399,17,11,190,0.091927
5805,-102,864,62,399,16,13,191,-1.250557
5805,-102,859,62,399,17,12,190,-0.691727
5805,-102,861,62,399,16,11,191,-1.224533
5805,-102,858,62,399,17,15,190,-0.368835
5805,-102,861,62,399,17,12,190,-1.072433
5805,-102,860,62,399,15,11,191,-2.588348
5805,-102,859,62,399,15,12,190,-2.218330
5805,-102,860,62,399,17,13,190,-1.070107
5805,-102,856,62,399,17,12,189,-0.984253
5805,-102,863,62,399,17,11,190,-0.690659
5805,-102,863,62,399,15,13,190,-2.225845
5805,-102,860,62,399,18,13,191,0.275787
5805,-102,862,62,399,16,12,189,-1.598740
5805,-102,857,62,399,16,11,189,-1.625626
5805,-102,861,62,399,17,13,191,-0.226166
5805,-102,864,62,399,15,13,191,-3.075661
5805,-102,863,62,399,18,12,191,0.459961
5805,-102,865,62,399,17,16,191,-0.735336
5805,-102,865,62,399,16,12,189,-1.263443
5805,-102,864,62,399,19,12,191,1.715607
5805,-102,862,62,399,16,14,191,-1.264267
5805,-102,862,62,399,16,14,191,-1.582397
5805,-102,861,62,399,16,13,190,-1.052528
5805,-102,859,62,399,17,13,190,-1.013290
5805,-102,863,62,399,17,13,191,-0.072632
5805,-102,864,62,399,15,11,190,-2.538841
5805,-102,862,62,399,17,10,191,-0.536758
5805,-102,864,62,399,15,13,191,-3.054474
5805,-102,861,62,399,15,11,190,-2.693573
5805,-102,858,62,399,19,13,190,1.939735
5805,-102,862,62,399,13,16,190,-4.338364
5805,-102,862,62,399,17,14,191,-0.081894
5805,-102,861,62,399,16,13,190,-1.648285
5805,-102,860,62,399,18,14,190,0.338745
5805,-102,863,62,399,18,14,190,0.770706
5805,-102,860,62,399,17,13,190,-0.477295
5805,-102,860,62,399,14,10,190,-3.501839
5805,-102,858,62,399,17,14,190,-0.193161
5805,-102,862,62,399,17,12,190,-0.238174
5805,-102,863,62,399,16,12,190,-0.995605
5805,-102,859,62,399,16,13,190,-1.029892
5805,-102,860,62,399,16,12,190,-1.278748
5805,-102,864,62,399,15,13,191,-2.676346
5805,-102,863,62,399,18,11,190,0.351379
5805,-102,864,62,399,16,11,190,-1.016769
5805,-102,864,62,399,18,13,191,0.454735
5805,-102,861,62,399,16,13,192,-1.811646
5805,-102,864,62,399,16,13,190,-1.350983
5805,-102,861,62,399,14,13,190,-3.293945
5805,-102,863,62,399,17,13,190,-0.217911
5805,-102,864,62,399,14,14,191,-3.347626
5805,-102,863,62,399,14,15,191,-3.716011
5805,-102,865,62,399,16,12,190,-1.654549
5805,-102,863,62,399,16,13,190,-1.182785
5805,-102,862,62,399,16,13,190,-1.694519
5805,-102,861,62,399,15,15,192,-3.153732
5805,-102,863,62,399,15,11,191,-2.255844
5805,-102,860,62,399,16,14,190,-1.362473
5805,-102,866,62,399,17,16,191,-0.192329
5805,-102,859,62,399,15,12,189,-2.278458
5805,-102,861,62,399,18,14,191,0.492844
5805,-102,860,62,399,16,11,190,-1.465378
5805,-102,863,62,399,16,13,191,-1.540428
5805,-102,860,62,399,17,12,190,-1.011406
5805,-102,859,62,399,17,13,190,-0.388336
5805,-102,863,62,399,14,13,190,-3.154640
5805,-102,857,62,399,16,12,190,-1.060501
5805,-102,859,62,399,15,13,191,-2.410431
5805,-102,862,62,399,15,13,190,-2.657654
5805,-102,863,62,399,17,12,190,-0.285652
5805,-102,864,62,399,16,13,191,-1.346146
5805,-102,860,62,399,15,13,190,-2.493408
5805,-102,860,62,399,15,13,190,-3.050720
5805,-102,861,62,399,17,15,191,-0.181183
5805,-102,861,62,399,16,12,190,-1.526573
5805,-102,859,62,399,18,12,190,0.646202
5805,-102,862,62,399,14,13,190,-4.020668
5805,-102,863,62,399,15,15,191,-2.375435
5805,-102,864,62,399,17,13,190,-0.652054
5805,-102,863,62,399,16,13,190,-1.267303
5805,-102,864,62,399,16,12,190,-0.997131
5805,-102,865,62,399,16,13,192,-1.298447
5805,-102,864,62,399,17,13,190,-0.221161
5805,-102,862,62,399,17,13,190,-0.353828
5805,-102,863,62,399,16,13,190,-1.328239
5805,-102,864,62,399,17,11,190,-0.142601
5805,-102,865,62,399,14,13,191,-3.519135
5805,-102,866,62,399,18,13,191,0.244553
5805,-102,866,62,399,16,13,190,-1.481995
5805,-102,864,62,399,17,13,190,-0.146347
5805,-102,864,62,399,17,13,191,-0.699379
5805,-102,862,62,399,16,13,191,-2.089714
5805,-102,865,62,399,17,11,190,-1.030365
5805,-102,862,62,399,17,12,190,-0.184357
5805,-102,865,62,399,15,10,190,-2.290665
5805,-102,863,62,399,16,12,190,-1.176315
5805,-102,863,62,399,16,10,190,-1.337433
5805,-102,864,62,399,17,12,190,-1.040955
5805,-102,865,62,399,15,11,191,-2.544853
5805,-102,864,62,399,16,15,191,-2.066406
5805,-102,864,62,399,17,14,191,-0.075623
5805,-102,864,62,399,16,13,190,-1.298904
5805,-102,865,62,399,17,12,190,-1.037338
5805,-102,864,62,399,16,12,191,-1.242874
5805,-102,866,62,399,17,13,190,-0.643532
5805,-102,864,62,399,16,11,191,-1.109703
5805,-102,864,62,399,15,13,191,-2.180222
5805,-102,864,62,399,17,14,191,-0.191406
5805,-102,865,62,399,15,12,190,-2.302902
5805,-102,864,62,399,16,13,190,-1.458801
5805,-102,864,62,399,17,11,190,-0.343010
5805,-102,865,62,399,15,12,191,-2.324600
5805,-102,865,62,399,15,13,191,-2.707748
5805,-102,862,62,399,15,16,191,-2.129791
5805,-102,863,62,399,16,15,190,-1.476540
5805,-102,862,62,399,17,13,190,-0.215103
5805,-102,865,62,399,18,12,190,0.777512
5805,-102,864,62,399,16,12,190,-1.230652
5805,-102,864,62,399,16,11,190,-2.022690
5805,-102,862,62,399,16,13,190,-1.263725
5805,-102,863,62,399,17,12,191,-0.531342
5805,-102,864,62,399,16,12,189,-1.970390
5805,-102,860,62,399,17,13,191,-0.283875
5805,-102,864,62,399,17,13,190,-0.509354
5805,-102,865,62,399,16,15,191,-1.379105
5805,-102,859,62,399,18,12,190,0.285172
5805,-102,864,62,399,16,12,191,-1.259605
5805,-102,864,62,399,17,12,190,-1.003647
5805,-102,861,62,399,16,13,191,-1.188148
5805,-102,866,62,399,16,11,190,-1.468933
5805,-102,864,62,399,17,11,190,-0.467636
5805,-102,863,62,399,16,12,191,-1.376839
5805,-102,865,62,399,16,13,191,-1.582314
5805,-102,864,62,399,16,14,191,-1.179008
5805,-102,864,62,399,16,14,191,-1.218399
5805,-102,864,62,399,17,13,190,-1.043671
5805,-102,864,62,399,17,14,191,-1.046341
5805,-102,864,62,399,15,12,192,-2.336990
5805,-102,862,62,399,15,13,190,-2.663269
5805,-102,858,62,399,16,11,189,-1.989624
5805,-102,861,62,399,17,14,190,-0.180695
5805,-102,864,62,399,15,13,190,-2.461723
5805,-102,861,62,399,17,14,191,-0.673149
5805,-102,864,62,399,16,12,190,-1.638199
5805,-102,861,62,399,15,12,190,-2.047234
5805,-102,858,62,399,16,12,190,-2.010513
5805,-102,860,62,399,16,12,190,-1.196259
5805,-102,863,62,399,15,13,191,-2.275009
5805,-102,864,62,399,16,13,190,-2.031815
5805,-102,863,62,399,15,11,190,-2.178619
5805,-102,860,62,399,17,12,190,-0.269760
5805,-102,861,62,399,18,13,191,-0.093521
5805,-102,858,62,399,16,15,190,-1.675262
5805,-102,864,62,399,17,12,190,-0.497940
5805,-102,861,62,399,16,12,190,-1.125488
5805,-102,861,62,399,15,13,189,-2.957649
5805,-102,863,62,399,16,12,190,-2.001564
5805,-102,864,62,399,17,12,191,-1.061447
5805,-102,864,62,399,17,12,190,-0.312851
5805,-102,862,62,399,17,12,190,-0.443634
5805,-102,862,62,399,16,13,190,-1.056671
5805,-102,865,62,399,17,13,191,-0.085632
5805,-102,863,62,399,17,13,191,-0.549637
5805,-102,862,62,399,18,16,191,0.610123
5805,-102,865,62,399,17,13,190,-0.462418
5805,-102,862,62,399,16,13,190,-1.220398
5805,-102,864,62,399,16,12,191,-2.050926
5805,-102,847,68,392,16,14,189,-1.440155
5805,-102,848,68,392,18,12,188,0.506073
5805,-102,849,68,392,18,12,188,0.404579
5805,-102,849,68,392,18,10,187,0.282227
5805,-102,856,68,392,18,12,189,-0.064041
5805,-102,844,68,392,17,11,188,-0.637848
5805,-102,851,68,392,14,9,188,-3.757935
5805,-102,854,68,392,16,12,188,-1.023453
5805,-102,847,68,392,16,13,189,-1.450386
5805,-102,851,68,392,16,15,188,-1.425354
5805,-102,850,68,392,15,13,189,-2.247009
5805,-102,850,68,392,19,12,188,1.764923
5805,-102,851,68,392,15,13,188,-2.108650
5805,-102,853,68,392,16,14,188,-1.657593
5805,-102,845,68,392,17,13,189,-0.564102
5805,-102,846,68,392,15,13,188,-2.490265
5805,-102,851,68,392,16,11,188,-2.033325
5805,-102,846,68,392,16,13,189,-1.416763
5805,-102,849,68,392,15,10,187,-2.336945
5805,-102,842,68,392,17,12,188,-0.631989
5805,-102,848,68,392,15,15,188,-2.223320
5805,-102,847,68,392,16,14,188,-1.427643
5805,-102,846,68,392,16,13,189,-2.046890
5805,-102,851,68,392,15,11,187,-2.959167
5805,-102,851,68,392,16,15,189,-1.370651
5805,-102,846,68,392,15,11,188,-2.161835
5805,-102,849,68,392,17,12,188,-0.408295
5805,-102,846,68,392,17,12,188,-0.423897
5805,-102,851,68,392,17,15,188,-0.287750
5805,-102,846,68,392,17,13,188,-0.398026
5805,-102,845,68,392,16,14,188,-1.532242
5805,-102,845,68,392,17,14,189,-0.271164
5805,-102,852,68,392,18,12,188,0.636871
5805,-102,850,68,392,17,12,188,-0.761002
5805,-102,846,68,392,18,11,188,-0.361633
5805,-102,847,68,392,16,13,188,-1.096596
5805,-102,850,68,392,16,13,189,-2.438148
5805,-102,847,68,392,18,15,188,0.473953
5805,-102,850,68,392,15,13,188,-2.389702
5805,-102,848,68,392,17,13,188,-0.264847
5805,-102,848,68,392,16,12,188,-1.063255
5805,-102,850,68,392,16,13,188,-1.427574
5805,-102,843,68,392,14,11,187,-3.170959
5805,-102,851,68,392,17,14,189,-0.185219
5805,-102,847,68,392,17,13,188,-0.974846
5805,-102,848,68,392,15,15,188,-2.542931
5805,-102,849,68,392,17,13,189,-0.428383
5805,-102,849,68,392,16,10,187,-1.931046
5805,-102,847,68,392,17,13,187,-0.167175
5805,-102,848,68,392,17,13,188,-0.077530
5805,-102,849,68,392,14,15,189,-3.597717
5805,-102,848,68,392,17,12,188,-1.408081
5805,-102,847,68,392,15,13,188,-2.385574
5805,-102,851,68,392,16,12,187,-1.226524
5805,-102,847,68,392,18,12,188,0.940659
5805,-102,850,68,392,13,13,188,-4.347595
5805,-102,849,68,392,16,12,188,-1.008881
5805,-102,844,68,392,16,14,187,-2.356491
5825,-102,851,68,392,15,13,189,-2.299500
5825,-102,850,68,392,16,12,188,-2.373550
5825,-102,851,68,392,18,12,189,0.608818
5825,-102,850,68,392,16,13,188,-1.564392
5825,-102,847,68,392,17,15,188,-0.133293
5825,-102,849,68,392,17,13,188,-0.193542
5825,-102,847,68,392,18,12,188,0.445465
5825,-102,850,68,392,16,13,189,-1.009125
5825,-102,850,68,392,16,11,189,-1.606537
5825,-102,849,68,392,17,11,189,-1.445572
5825,-102,849,68,392,18,15,188,0.265648
5825,-102,844,68,392,16,14,189,-2.085052
5825,-102,850,68,392,18,13,189,0.602783
5825,-102,851,68,392,14,12,188,-3.289230
5825,-102,846,68,392,17,14,189,-0.399261
5825,-102,852,68,392,16,13,189,-1.375473
5825,-102,849,68,392,15,10,188,-2.390030
5825,-102,848,68,392,16,13,189,-1.552429
5825,-102,851,68,392,15,15,190,-2.365967
5825,-102,850,68,392,16,11,189,-1.024216
5825,-102,843,68,392,16,13,189,-1.250412
5825,-102,851,68,392,16,12,188,-1.660667
5825,-102,843,68,392,16,13,189,-1.873276
5825,-102,852,68,392,17,15,190,-0.367798
5825,-102,847,68,392,17,13,189,-1.050797
5825,-102,846,68,392,17,13,189,-0.396622
5825,-102,848,68,392,16,13,189,-1.215393
5825,-102,851,68,392,15,11,188,-2.786087
5825,-102,846,68,392,14,13,189,-3.581696
5825,-102,850,68,392,15,10,189,-2.584412
5825,-102,849,68,392,16,14,189,-1.436752
5825,-102,850,68,392,17,11,188,-0.518791
5825,-102,851,68,392,17,12,189,0.005569
5825,-102,855,68,392,14,13,190,-3.505333
5825,-102,850,68,392,16,15,189,-1.585640
5825,-102,850,68,392,16,12,188,-1.159615
5825,-102,848,68,392,15,12,188,-2.359299
5825,-102,851,68,392,17,14,189,-0.757782
5825,-102,848,68,392,15,13,190,-2.518661
5825,-102,853,68,392,16,14,189,-1.518066
5825,-102,849,68,392,17,13,189,-0.706741
5825,-102,847,68,392,17,10,188,0.020332
5825,-102,851,68,392,17,13,189,-0.281830
5825,-102,853,68,392,16,14,190,-1.385101
5825,-102,851,68,392,16,15,190,-2.095856
5825,-102,843,68,392,18,11,188,0.612579
5825,-102,846,68,392,16,13,189,-1.249634
5825,-102,851,68,392,17,12,189,-0.330719
5825,-102,853,68,392,14,14,190,-3.596069
5825,-102,853,68,392,16,14,189,-1.496857
5825,-102,851,68,392,16,16,190,-1.569077
5825,-102,853,68,392,17,13,189,-0.391052
5825,-102,851,68,392,17,14,190,-0.614929
5825,-102,847,68,392,15,12,188,-1.974808
5825,-102,850,68,392,16,13,189,-1.333260
5825,-102,852,68,392,17,14,190,-1.095779
5825,-102,851,68,392,16,12,188,-2.002464
5825,-102,850,68,392,16,10,188,-1.715836
5825,-102,847,68,392,16,16,189,-1.174110
5825,-102,848,68,392,16,12,188,-1.018982
5825,-102,851,68,392,17,11,187,-0.543861
5825,-102,853,68,392,17,11,189,-0.204575
5825,-102,849,68,392,17,12,188,-0.274261
5825,-102,841,68,392,15,13,189,-2.298294
5825,-102,853,68,392,16,12,188,-1.274872
5825,-102,851,68,392,15,12,188,-2.600342
5825,-102,848,68,392,16,11,189,-1.661667
5825,-102,846,68,392,18,13,189,0.581161
5825,-102,853,68,392,14,11,188,-3.398323
5825,-102,855,68,392,16,12,190,-1.353828
5825,-102,855,68,392,16,13,189,-1.115768
5825,-102,848,68,392,16,11,188,-1.407455
5825,-102,851,68,392,17,12,189,-0.138565
5825,-102,846,68,392,14,13,189,-3.469177
5825,-102,851,68,392,15,12,189,-3.376541
5825,-102,848,68,392,17,13,189,-0.695694
5825,-102,843,68,392,16,12,189,-1.580063
5825,-102,852,68,392,17,13,189,-0.080742
5825,-102,853,68,392,17,13,189,-0.669373
5825,-102,851,68,392,16,12,189,-1.449356
5825,-102,852,68,392,17,13,188,-0.764389
5825,-102,850,68,392,16,14,189,-1.260574
5825,-102,853,68,392,16,13,189,-1.098793
5825,-102,851,68,392,15,11,190,-2.239624
5825,-102,853,68,392,16,12,189,-1.838089
5825,-102,849,68,392,16,13,189,-1.413887
5825,-102,851,68,392,17,12,188,-0.283722
5825,-102,851,68,392,16,13,189,-1.515762
5825,-102,850,68,392,16,11,188,-1.980576
5825,-102,850,68,392,16,11,189,-1.573456
5825,-102,851,68,392,17,14,189,-1.406494
5825,-102,846,68,392,16,13,188,-2.362366
5825,-102,852,68,392,15,13,189,-2.128677
5825,-102,847,68,392,17,13,189,-0.497238
5825,-102,851,68,392,17,13,189,-0.329582
5825,-102,853,68,392,18,11,187,0.895706
5825,-102,851,68,392,17,12,190,-0.307709
5825,-102,848,68,392,17,12,189,-0.221985
5825,-102,851,68,392,16,13,189,-1.514465
5825,-102,853,68,392,17,12,189,-0.601990
5825,-102,855,68,392,17,14,189,-0.277954
5825,-102,844,68,392,17,13,189,-0.128647
5825,-102,844,68,392,19,11,189,1.701950
5825,-102,845,68,392,13,12,188,-4.106064
5825,-102,847,68,392,16,14,190,-1.462097
5825,-102,853,68,392,17,12,188,-0.444611
5825,-102,852,68,392,16,12,188,-1.354507
5825,-102,851,68,392,16,13,189,-1.147446
5825,-102,854,68,392,15,13,189,-2.191284
5825,-102,852,68,392,16,12,188,-1.190659
5825,-102,850,68,392,17,14,189,-0.725021
5825,-102,847,68,392,16,12,188,-1.383324
5825,-102,849,68,392,17,13,189,-0.427689
5825,-102,853,68,392,17,13,190,-0.191925
5825,-102,850,68,392,15,13,190,-2.721016
5825,-102,851,68,392,17,14,188,-0.621078
5825,-102,848,68,392,16,14,188,-1.498299
5825,-102,851,68,392,16,13,189,-2.043381
5825,-102,851,68,392,14,13,190,-3.287857
5825,-102,851,68,392,16,11,189,-1.621887
5825,-102,847,68,392,18,12,188,0.813408
5825,-102,853,68,392,16,14,189,-1.118713
5825,-102,847,68,392,16,12,188,-1.168968
5825,-102,850,68,392,13,14,190,-4.145523
5825,-102,848,68,392,14,12,188,-3.116364
5825,-102,849,68,392,18,13,189,0.469696
5825,-102,848,68,392,16,12,188,-1.969635
5825,-102,848,68,392,15,14,189,-3.041824
5825,-102,853,68,392,16,12,189,-2.410187
5825,-102,847,68,392,15,13,189,-2.393776
5825,-102,851,68,392,16,13,188,-1.507439
5825,-102,852,68,392,17,13,189,-1.068390
5825,-102,853,68,392,17,14,189,-0.345078
5825,-102,848,68,392,17,13,190,-0.427773
5825,-102,850,68,392,18,11,189,0.186119
5825,-102,849,68,392,17,13,189,-0.383179
5825,-102,850,68,392,14,12,189,-3.705521
5825,-102,845,68,392,15,13,189,-2.799759
5825,-102,851,68,392,17,13,189,-0.255920
5825,-102,849,68,392,17,13,189,-0.735504
5825,-102,848,68,392,16,12,189,-1.573448
5825,-102,848,68,392,17,12,188,-0.973610
5825,-102,841,68,392,17,13,188,-0.288078
5825,-102,851,68,392,16,13,189,-1.505692
5825,-102,851,68,392,16,11,189,-1.229385
5825,-102,847,68,392,18,12,188,0.850525
5825,-102,850,68,392,15,13,189,-2.313934
5825,-102,845,68,392,17,12,189,-1.045807
5825,-102,853,68,392,17,13,189,-0.119217
5825,-102,851,68,392,17,14,189,-0.649216
5825,-102,849,68,392,17,14,189,-0.396378
5825,-102,846,68,392,16,13,189,-1.406799
5825,-102,844,68,392,14,12,188,-4.371696
5825,-102,846,68,392,13,13,188,-5.390083
5825,-102,850,68,392,17,13,189,-0.304230
5825,-102,848,68,392,16,12,190,-1.284637
5825,-102,848,68,392,18,13,188,0.032242
5825,-102,845,68,392,17,14,189,-0.603897
5825,-102,843,68,392,15,12,188,-3.008820
5825,-102,846,68,392,14,13,189,-3.428940
5825,-102,845,68,392,16,14,189,-1.432846
5825,-102,848,68,392,16,15,189,-2.090439
5825,-102,849,68,392,17,13,189,-0.617737
5825,-102,843,68,392,17,13,188,-0.329453
5825,-102,852,68,392,17,14,189,-0.391663
5825,-102,848,68,392,16,12,189,-1.494293
5825,-102,844,68,392,16,12,187,-2.333420
5825,-102,849,68,392,16,12,189,-1.511780
5825,-102,848,68,392,17,13,188,-0.381287
5825,-102,855,68,392,18,11,189,0.814438
5825,-102,849,68,392,16,14,189,-0.939606
5825,-102,851,68,392,17,14,190,-0.317421
5825,-102,850,68,392,17,14,188,-0.540955
5825,-102,847,68,392,18,12,189,0.563980
5825,-102,850,68,392,17,13,189,-0.476578
5825,-102,849,68,392,17,10,188,-0.430801
5825,-102,845,68,392,16,14,188,-1.224106
5825,-102,849,68,392,17,13,190,-0.176041
5825,-102,850,68,392,18,13,189,0.401978
5825,-102,849,68,392,15,12,189,-2.294952
5825,-102,846,68,392,17,12,189,-0.664490
5825,-102,849,68,392,18,13,188,0.830956
5825,-102,844,68,392,15,11,187,-2.272156
5825,-102,844,68,392,16,14,189,-1.564026
5825,-102,851,68,392,15,13,189,-2.395187
5825,-102,853,68,392,16,13,189,-1.417664
5825,-102,849,68,392,16,14,190,-1.515533
5825,-102,848,68,392,16,12,188,-1.398651
5825,-102,851,68,392,15,14,189,-2.149734
5825,-102,845,68,392,16,13,189,-1.327057
5825,-102,852,68,392,16,12,189,-1.377426
5825,-102,841,68,392,16,12,189,-1.620209
5825,-102,839,68,392,17,14,189,-1.035812
5825,-102,841,68,392,16,12,188,-1.663773
5825,-102,843,68,392,12,15,189,-5.429085
5825,-102,848,68,392,17,12,189,-0.590637
5825,-102,852,68,392,18,13,189,0.003479
5825,-102,849,68,392,17,14,190,-1.088104
5825,-102,845,68,392,17,13,189,-0.848236
5825,-102,845,68,392,14,12,188,-3.261032
5825,-102,853,68,392,15,13,189,-2.283401
5825,-102,855,68,392,16,14,188,-1.641418
5825,-102,846,68,392,16,12,188,-1.544785
5825,-102,851,68,392,16,13,189,-0.955933
5825,-102,848,68,392,15,14,190,-2.437531
5825,-102,843,68,392,16,13,188,-1.634125
5825,-102,848,68,392,16,12,187,-1.042053
5825,-102,848,68,392,16,12,189,-1.590118
5825,-102,851,68,392,17,12,189,-0.480026
5825,-102,851,68,392,18,13,189,0.505997
5825,-102,850,68,392,14,12,189,-3.278030
5825,-102,845,68,392,14,12,188,-3.365822
5825,-102,853,68,392,15,12,189,-2.394714
5825,-102,853,68,392,16,13,189,-1.276550
5825,-102,848,68,392,16,11,188,-1.613663
5825,-102,852,68,392,17,13,190,-0.513626
5825,-102,851,68,392,18,11,188,0.865646
5825,-102,851,68,392,15,13,189,-2.287155
5825,-102,846,68,392,17,13,189,-0.379684
5825,-102,846,68,392,15,12,189,-3.348198
5825,-102,848,68,392,16,13,189,-1.813171
5825,-102,851,68,392,17,13,189,-0.663986
5825,-102,849,68,392,16,11,188,-1.974548
5825,-102,834,68,392,16,12,188,-1.433990
5825,-102,847,68,392,17,15,190,-0.143814
5825,-102,851,68,392,17,12,189,-0.354904
5825,-102,851,68,392,16,13,188,-1.248688
5825,-102,847,68,392,15,15,189,-2.163284
5825,-102,851,68,392,15,11,188,-2.524734
5825,-102,852,68,392,14,14,190,-3.088089
5825,-102,851,68,392,14,13,189,-3.437683
5825,-102,844,68,392,16,13,188,-1.189369
5825,-102,845,68,392,17,13,189,-0.320366
5825,-102,847,68,392,15,13,190,-2.275726
5825,-102,847,68,392,15,11,188,-1.927109
5825,-102,849,68,392,17,15,190,-0.174721
5825,-102,848,68,392,16,13,188,-1.054497
5825,-102,853,68,392,17,14,189,-0.097260
5825,-102,853,68,392,16,14,189,-1.318130
5825,-102,847,68,392,14,12,189,-3.447220
5825,-102,851,68,392,16,14,189,-1.691376
5825,-102,851,68,392,17,15,189,-0.744217
5825,-102,853,68,392,18,14,190,0.403618
5825,-102,853,68,392,16,14,188,-1.347595
5825,-102,851,68,392,15,11,189,-3.403137
5825,-102,851,68,392,18,12,189,0.917191
5825,-102,853,68,392,16,13,188,-1.259598
5825,-102,852,68,392,16,12,188,-1.760971
5825,-102,853,68,392,17,12,188,-0.160568
5825,-102,852,68,392,16,13,189,-1.007248
5825,-102,845,68,392,16,10,189,-1.722122
5825,-102,851,68,392,16,13,189,-1.680420
5825,-102,849,68,392,16,12,189,-2.059013
5825,-102,850,68,392,18,15,190,0.604889
5825,-102,846,68,392,18,12,188,0.722992
5825,-102,846,68,392,15,12,188,-2.379944
5825,-102,846,68,392,17,12,188,-0.153854
5825,-102,847,68,392,18,11,187,0.784515
5825,-102,850,68,392,16,15,189,-1.800346
5825,-102,847,68,392,17,14,189,-0.255310
5825,-102,850,68,392,15,16,190,-2.198441
5825,-102,853,68,392,16,12,188,-1.481064
5825,-102,848,68,392,15,14,189,-3.412872
5825,-102,849,68,392,17,11,188,-0.691757
5825,-102,850,68,392,17,16,190,-0.605255
5825,-102,846,68,392,17,14,189,-0.351089
5825,-102,841,68,392,16,14,187,-1.383636
5825,-102,846,68,392,17,13,189,-0.699883
5825,-102,848,68,392,15,13,188,-2.323730
5825,-102,846,68,392,18,12,189,0.507980
5825,-102,847,68,392,15,12,189,-2.361618
5825,-102,849,68,392,17,14,188,-0.529419
5825,-102,844,68,392,17,12,188,-0.802689
5825,-102,843,68,392,16,13,188,-1.486557
5825,-102,848,68,392,16,13,189,-1.612762
5825,-102,846,68,392,15,14,189,-2.430054
5825,-102,845,68,392,16,13,189,-1.179932
5825,-102,843,68,392,18,13,188,0.475990
5825,-102,845,68,392,15,13,188,-3.340866
5825,-102,848,68,392,16,12,188,-1.770599
5825,-102,847,68,392,18,15,189,0.718124
5825,-102,849,68,392,15,11,189,-2.708405
5825,-102,852,68,392,17,13,188,-0.961670
5825,-102,851,68,392,16,14,190,-1.218292
5825,-102,848,68,392,16,12,188,-1.407928
5825,-102,849,68,392,16,12,189,-1.444550
5825,-102,849,68,392,14,14,190,-4.498535
5825,-102,847,68,392,18,14,188,-0.421036
5825,-102,848,68,392,16,13,189,-1.145294
5825,-102,851,68,392,17,13,189,-1.423721
5825,-102,842,68,392,16,11,188,-1.539574
5825,-102,846,68,392,18,13,189,0.190804
5825,-102,848,68,392,17,14,189,-0.511566
5825,-102,851,68,392,17,13,188,-0.475113
5825,-102,852,68,392,15,14,190,-2.700058
5825,-102,846,68,392,15,13,189,-2.436729
5825,-102,848,68,392,17,13,189,-0.395386
5825,-102,846,68,392,16,14,188,-1.349800
5825,-102,848,68,392,17,11,188,-0.972748
5825,-102,852,68,392,16,14,189,-1.461075
5825,-102,849,68,392,18,12,189,0.751785
5825,-102,847,68,392,16,15,189,-1.289032
5825,-102,846,68,392,16,13,188,-1.411720
5825,-102,846,68,392,15,12,189,-2.250732
5825,-102,849,68,392,17,13,189,-0.461426
5825,-102,851,68,392,16,13,189,-1.795410
5825,-102,845,68,392,17,14,189,-1.097183
5825,-102,848,68,392,15,13,189,-2.450233
5825,-102,850,68,392,17,11,187,-0.112656
5825,-102,846,68,392,18,12,189,0.434525
5825,-102,849,68,392,16,14,189,-1.329887
5825,-102,851,68,392,17,14,190,-0.356476
5825,-102,843,68,392,17,14,188,-0.251259
5825,-102,849,68,392,15,14,188,-2.530457
5825,-102,846,68,392,17,11,188,-0.625351
5825,-102,849,68,392,16,11,189,-1.814468
5825,-102,850,68,392,15,11,189,-2.430527
5825,-102,851,68,392,18,13,188,0.785454
5825,-102,844,68,392,16,10,188,-1.039070
5825,-102,850,68,392,17,10,188,-0.523727
5825,-102,848,68,392,16,13,189,-0.934509
5825,-102,848,68,392,16,15,189,-1.246719
5825,-102,850,68,392,17,17,190,-0.512085
5825,-102,851,68,392,17,14,190,-0.505623
5825,-102,851,68,392,16,11,188,-1.301956
5825,-102,850,68,392,15,11,188,-2.640106
5825,-102,848,68,392,14,12,188,-3.111343
5825,-102,848,68,392,15,13,189,-3.415131
5825,-102,850,68,392,16,14,189,-1.112335
5825,-102,850,68,392,17,14,189,-0.441971
5825,-102,850,68,392,17,14,188,-0.429947
5825,-102,848,68,392,17,14,189,-0.217789
5825,-102,851,68,392,16,15,190,-1.366402
5825,-102,848,68,392,16,13,189,-0.979767
5825,-102,847,68,392,16,12,188,-1.338501
5825,-102,840,68,392,17,15,188,-1.021545
5825,-102,851,68,392,16,14,189,-1.688042
5825,-102,844,68,392,14,11,187,-3.004211
5825,-102,852,68,392,16,15,190,-1.830444
5825,-102,852,68,392,16,13,188,-1.529205
5825,-102,849,68,392,15,13,189,-2.848198
5825,-102,851,68,392,17,10,189,-0.453629
5825,-102,850,68,392,15,12,189,-2.465340
5825,-102,851,68,392,16,12,189,-1.403580
5825,-102,850,68,392,16,13,189,-1.455177
5825,-102,846,68,392,15,12,189,-2.493172
5825,-102,851,68,392,18,12,189,0.633545
5825,-102,851,68,392,14,13,189,-3.304459
5825,-102,845,68,392,16,15,189,-1.404114
5825,-102,849,68,392,16,12,189,-1.302551
5825,-102,847,68,392,16,13,189,-1.668076
5825,-102,848,68,392,16,10,188,-1.998505
5825,-102,845,68,392,17,15,189,-0.398415
5825,-102,849,68,392,17,14,188,-0.330292
5825,-102,843,68,392,17,11,188,-0.794601
5825,-102,845,68,392,16,12,189,-1.461105
5825,-102,851,68,392,15,12,189,-2.374557
5825,-102,844,68,392,15,14,188,-2.400894
5825,-102,850,68,392,16,12,188,-1.739777
5825,-102,846,68,392,16,11,188,-1.209839
5825,-102,848,68,392,15,12,189,-2.418121
5825,-102,851,68,392,17,13,189,-0.174103
5825,-102,845,68,392,15,15,189,-2.207138
5825,-102,849,68,392,16,14,189,-1.268158
5825,-102,853,68,392,17,15,189,-0.227966
5825,-102,851,68,392,17,13,188,-1.005920
5825,-102,848,68,392,14,11,188,-3.383080
5825,-102,843,68,392,15,14,189,-2.525909
5825,-102,847,68,392,17,12,187,-0.915421
5825,-102,842,68,392,17,14,189,-0.295700
5825,-102,843,68,392,17,15,189,-0.358856
5825,-102,846,68,392,16,12,189,-2.056824
5825,-102,847,68,392,16,12,189,-1.599319
5825,-102,849,68,392,17,12,188,-0.974487
5825,-102,846,68,392,17,11,189,-0.212791
5825,-102,846,68,392,16,11,188,-0.906708
5825,-102,848,68,392,15,13,189,-2.151459
5825,-102,854,68,392,16,15,189,-1.317665
5825,-102,844,68,392,16,15,190,-2.501923
5825,-102,846,68,392,18,12,189,0.435532
5825,-102,853,68,392,17,11,188,-0.222115
5825,-102,849,68,392,14,12,188,-3.416100
5825,-102,844,68,392,16,12,188,-0.914871
5825,-102,843,68,392,16,12,188,-1.583878
5825,-102,851,68,392,16,11,189,-1.139839
5825,-102,848,68,392,16,11,189,-1.416061
5825,-102,844,68,392,16,12,188,-1.426437
5825,-102,849,68,392,16,14,190,-1.640213
5825,-102,848,68,392,15,11,189,-2.585854
5825,-102,842,68,392,16,14,188,-1.967560
5825,-102,849,68,392,16,13,189,-1.371979
5825,-102,848,68,392,16,13,189,-1.258255
5825,-102,850,68,392,16,12,188,-1.395309
5825,-102,841,68,392,16,12,187,-1.048935
5825,-102,848,68,392,16,14,189,-1.697845
5825,-102,845,68,392,18,13,188,0.581970
5825,-102,851,68,392,14,13,189,-2.967026
5825,-102,839,68,392,16,14,190,-1.537781
5825,-102,843,68,392,17,13,188,-0.670860
5825,-102,850,68,392,17,14,188,-0.648300
5825,-102,842,68,392,16,14,188,-1.344879
5825,-102,849,68,392,15,12,189,-3.422630
5825,-102,849,68,392,16,12,189,-1.282822
5825,-102,853,68,392,17,14,188,-0.481461
5825,-102,853,68,392,16,13,189,-1.342545
5825,-102,848,68,392,17,13,189,-0.284317
5825,-102,848,68,392,15,12,188,-2.325249
5825,-102,853,68,392,16,13,188,-1.526932
5825,-102,851,68,392,17,13,188,-0.341766
5825,-102,851,68,392,16,12,188,-1.504471
5825,-102,851,68,392,16,15,189,-1.691086
5825,-102,850,68,392,16,12,189,-2.441475
5825,-102,848,68,392,16,12,189,-2.431915
5825,-102,849,68,392,16,12,188,-1.073578
5825,-102,848,68,392,17,11,187,-0.322090
5825,-102,846,68,392,16,12,188,-1.229652
5825,-102,848,68,392,16,14,188,-2.013443
5825,-102,847,68,392,15,12,188,-2.960205
5825,-102,847,68,392,16,13,189,-1.312416
5825,-102,848,68,392,16,12,188,-1.638901
5825,-102,842,68,392,17,13,188,-1.011215
5825,-102,843,68,392,14,11,189,-3.454361
5825,-102,847,68,392,16,13,189,-2.059738
5825,-102,848,68,392,17,13,188,-0.516327
5825,-102,843,68,392,16,14,189,-2.062103
5825,-102,843,68,392,17,13,189,-0.377380
5825,-102,851,68,392,17,14,189,-1.363785
5825,-102,846,68,392,15,12,189,-2.156380
5825,-102,845,68,392,17,12,189,-0.117447
5825,-102,847,68,392,17,10,187,-0.024628
5825,-102,850,68,392,16,15,189,-1.571243
5825,-102,846,68,392,16,13,189,-1.782722
5825,-102,847,68,392,15,13,190,-2.398483
5825,-102,849,68,392,16,10,188,-1.260162
5825,-102,846,68,392,16,14,189,-1.711075
5825,-102,847,68,392,17,12,188,-1.359543
5825,-102,838,68,392,16,14,189,-1.350998
5825,-102,846,68,392,18,12,189,0.308716
5825,-102,849,68,392,17,12,189,-1.443542
5825,-102,850,68,392,16,13,189,-1.459518
5825,-102,848,68,392,16,14,190,-1.429855
5825,-102,849,68,392,15,14,189,-2.098679
5825,-102,847,68,392,18,13,188,0.672882
5825,-102,847,68,392,16,13,188,-1.571640
5825,-102,845,68,392,16,12,188,-1.652145
5825,-102,851,68,392,17,13,189,-0.549934
5825,-102,851,68,392,16,10,189,-1.419098
5825,-102,853,68,392,15,13,189,-2.578079
5825,-102,849,68,392,16,10,187,-1.938179
5825,-102,853,68,392,16,14,189,-1.438522
5825,-102,851,68,392,16,13,189,-1.468475
5825,-102,850,68,392,16,14,190,-1.032257
5825,-102,847,68,392,13,12,190,-4.494789
5825,-102,853,68,392,16,13,189,-1.684052
5825,-102,843,68,392,16,11,187,-1.891228
5825,-102,846,68,392,18,11,188,0.321953
5825,-102,844,68,392,17,11,188,-0.802505
5825,-102,847,68,392,17,13,189,-0.154633
5825,-102,848,68,392,15,12,189,-2.333878
5825,-102,846,68,392,15,13,188,-2.748207
5825,-102,847,68,392,16,11,190,-1.243500
5825,-102,846,68,392,16,13,189,-1.212982
5825,-102,846,68,392,16,13,188,-1.051025
5825,-102,847,68,392,15,11,189,-2.595749
5825,-102,846,68,392,16,10,187,-1.369919
5825,-102,843,68,392,17,14,187,-0.635544
5825,-102,849,68,392,16,11,188,-1.546707
5825,-102,846,68,392,14,13,189,-3.242493
5825,-102,847,68,392,17,13,189,-0.221664
5825,-102,847,68,392,17,12,189,-0.798157
5825,-102,846,68,392,16,13,189,-1.364388
5825,-102,846,68,392,17,12,188,-0.797501
5825,-102,842,68,392,18,13,189,1.000626
5825,-102,848,68,392,16,13,189,-1.293518
5825,-102,844,68,392,16,12,188,-1.980988
5825,-102,850,68,392,15,12,189,-2.850296
5825,-102,848,68,392,17,13,189,-0.738052
5825,-102,845,68,392,16,13,189,-1.100586
5825,-102,845,68,392,15,14,190,-2.476196
5825,-102,854,68,392,16,11,188,-1.399155
5825,-102,840,68,392,17,11,187,-0.135376
5825,-102,851,68,392,16,12,189,-1.067940
5825,-102,853,68,392,15,13,190,-2.423378
5825,-102,849,68,392,17,11,188,-0.355179
5825,-102,844,68,392,17,14,188,-0.300262
5825,-102,849,68,392,16,11,189,-1.670898
5825,-102,846,68,392,16,13,189,-1.111160
5825,-102,843,68,392,15,11,189,-2.671883
5825,-102,853,68,392,15,12,189,-2.262878
5825,-102,851,68,392,16,13,189,-1.138443
5825,-102,846,68,392,17,12,188,-0.624405
5825,-102,848,68,392,16,13,189,-1.588394
5825,-102,850,68,392,16,12,189,-1.330269
5825,-102,853,68,392,16,15,190,-1.616959
5825,-102,851,68,392,15,12,188,-2.201347
5825,-102,852,68,392,16,12,188,-0.915115
5825,-102,850,68,392,17,14,189,-0.098366
5825,-102,849,68,392,14,13,189,-3.682312
5825,-102,851,68,392,17,12,189,-0.820946
5825,-102,851,68,392,17,13,190,-0.314117
5825,-102,851,68,392,17,15,189,-0.481636
5825,-102,839,68,392,17,12,189,-0.487869
5825,-102,851,68,392,16,15,190,-1.110634
5825,-102,852,68,392,17,14,189,-0.683609
5825,-102,849,68,392,18,14,189,0.406464
5825,-102,848,68,392,16,13,189,-2.054634
5825,-102,848,68,392,17,15,189,-1.038628
5825,-102,844,68,392,17,16,189,-0.268654
5825,-102,852,68,392,16,13,189,-1.328079
5825,-102,843,68,392,16,14,189,-1.466034
5825,-102,853,68,392,16,13,189,-1.194443
5825,-102,850,68,392,18,13,188,0.362549
5825,-102,851,68,392,16,13,188,-1.630074
5825,-102,848,68,392,17,16,189,-0.704300
5825,-102,847,68,392,14,13,188,-3.647057
5825,-102,851,68,392,16,11,188,-1.132004
5825,-102,842,68,392,15,10,189,-2.319458
5825,-102,847,68,392,15,12,188,-2.268356
5825,-102,845,68,392,15,12,188,-2.352936
5825,-102,851,68,392,17,14,190,-0.152756
5825,-102,847,68,392,16,13,189,-1.570015
5825,-102,851,68,392,16,13,189,-1.193130
5825,-102,851,68,392,15,13,189,-2.857773
5825,-102,853,68,392,17,14,189,-0.788422
5825,-102,850,68,392,17,14,189,-0.317314
5825,-102,849,68,392,17,10,187,-0.414017
5825,-102,847,68,392,18,14,188,0.788681
5825,-102,849,68,392,18,12,189,0.303055
5825,-102,849,68,392,16,12,190,-1.741051
5825,-102,853,68,392,19,15,189,1.692581
5825,-102,851,68,392,16,9,189,-1.238815
5825,-102,850,68,392,15,13,189,-2.127213
5825,-102,849,68,392,16,10,189,-1.154938
5825,-102,850,68,392,16,13,189,-2.423233
5825,-102,845,68,392,16,12,189,-1.723160
5825,-102,850,68,392,16,12,189,-1.225693
5825,-102,850,68,392,18,13,189,0.570160
5825,-102,854,68,392,16,14,190,-1.439285
5825,-102,849,68,392,16,14,188,-1.422318
5825,-102,850,68,392,17,13,189,-0.688675
5825,-102,847,68,392,18,10,187,0.775131
5825,-102,851,68,392,16,15,190,-1.845428
5825,-102,848,68,392,17,17,190,-0.900055
5825,-102,843,68,392,16,13,189,-1.185257
5825,-102,849,68,392,15,14,189,-2.622238
5825,-102,848,68,392,16,12,189,-2.043182
5825,-102,851,68,392,15,13,189,-2.166367
5825,-102,851,68,392,15,11,188,-2.353775
5825,-102,848,68,392,15,15,189,-2.811775
5825,-102,845,68,392,16,12,189,-1.607300
5825,-102,847,68,392,16,16,190,-1.581436
5825,-102,843,68,392,15,16,189,-2.131866
5825,-102,848,68,392,16,13,188,-1.348785
5825,-102,848,68,392,14,13,190,-3.640404
5825,-102,848,68,392,16,14,189,-1.186554
5825,-102,851,68,392,16,13,188,-1.325378
5825,-102,849,68,392,15,12,188,-2.518196
5825,-102,850,68,392,15,14,189,-2.462067
5825,-102,841,68,392,16,14,188,-1.048820
5825,-102,851,68,392,16,12,188,-1.432220
5825,-102,853,68,392,17,13,188,-0.772339
5825,-102,851,68,392,17,13,188,-0.517914
5825,-102,848,68,392,18,13,189,0.552979
5825,-102,846,68,392,14,12,190,-3.863052
5825,-102,848,68,392,16,12,188,-1.732300
5825,-102,852,68,392,16,13,190,-1.460899
5825,-102,844,68,392,17,12,188,-0.001282
5825,-102,845,68,392,15,14,188,-2.551216
5825,-102,841,68,392,17,13,189,-0.531128
5825,-102,847,68,392,17,12,188,-0.568703
5825,-102,848,68,392,17,13,188,-0.664398
5825,-102,849,68,392,18,13,188,0.223854
5825,-102,851,68,392,17,12,188,-0.538101
5825,-102,845,68,392,17,11,187,-0.914810
5825,-102,849,68,392,16,12,189,-1.154259
5825,-102,842,68,392,18,9,187,0.279739
5825,-102,845,68,392,17,12,188,-0.496086
5825,-102,850,68,392,16,14,189,-1.089996
5825,-102,847,68,392,16,13,189,-1.257477
5825,-102,842,68,392,16,13,189,-1.608070
5825,-102,851,68,392,17,12,189,-0.742134
5825,-102,844,68,392,16,13,188,-1.246353
5825,-102,845,68,392,18,12,188,0.566170
5825,-102,845,68,392,16,13,189,-1.429665
5825,-102,849,68,392,16,13,189,-2.452606
5825,-102,847,68,392,18,10,187,0.394226
5825,-102,841,68,392,16,13,189,-1.122345
5825,-102,848,68,392,17,12,188,-0.402802
5825,-102,846,68,392,12,12,188,-5.730858
5825,-102,840,68,392,16,14,189,-1.577805
5825,-102,843,68,392,16,11,188,-1.615524
5825,-102,848,68,392,17,10,187,-0.260109
5825,-102,844,68,392,18,12,189,0.633499
5825,-102,849,68,392,16,12,188,-1.371773
5825,-102,846,68,392,17,14,189,-0.167328
5825,-102,853,68,392,16,13,189,-1.337677
5825,-102,841,68,392,16,15,189,-1.376511
5825,-102,850,68,392,15,13,189,-2.810867
5825,-102,847,68,392,14,14,189,-3.482849
5825,-102,845,68,392,16,13,189,-1.467819
5825,-102,845,68,392,17,11,188,-0.193359
5825,-102,848,68,392,17,12,189,-0.251389
5825,-102,852,68,392,18,12,188,0.483238
5825,-102,851,68,392,16,12,189,-1.486176
5825,-102,847,68,392,16,13,189,-1.244720
5825,-102,836,68,392,19,16,189,1.702805
5825,-102,844,68,392,16,14,189,-2.408157
5825,-102,850,68,392,16,9,188,-1.403870
5825,-102,848,68,392,15,11,188,-2.230919
5825,-102,846,68,392,16,12,189,-1.387253
5825,-102,850,68,392,14,14,189,-3.215530
5825,-102,846,68,392,17,13,189,-0.403122
5825,-102,846,68,392,16,13,189,-1.545242
5825,-102,851,68,392,17,12,188,-0.191490
5825,-102,849,68,392,15,14,190,-2.463074
5825,-102,845,68,392,17,13,189,-0.457825
5825,-102,843,68,392,16,12,188,-1.224213
5825,-102,845,68,392,16,11,188,-1.271973
5825,-102,850,68,392,17,14,189,-0.201874
5825,-102,848,68,392,16,14,189,-1.108498
5825,-102,848,68,392,17,12,188,-0.403877
5825,-102,842,68,392,16,14,189,-1.381439
5825,-102,850,68,392,17,13,189,-0.360504
5825,-102,851,68,392,15,12,188,-2.505188
5825,-102,850,68,392,17,13,189,-0.437592
5825,-102,849,68,392,14,12,188,-3.741364
5825,-102,850,68,392,17,11,188,-0.058281
5825,-102,853,68,392,16,13,189,-1.321327
5825,-102,848,68,392,15,12,188,-2.385544
5825,-102,845,68,392,17,13,189,-0.211685
5825,-102,848,68,392,17,12,188,0.031540
5825,-102,850,68,392,16,14,188,-1.645508
5825,-102,849,68,392,17,12,189,-0.218277
5825,-102,848,68,392,16,11,189,-1.384888
5825,-102,850,68,392,16,11,188,-1.201958
5825,-102,847,68,392,18,12,187,0.710312
5825,-102,847,68,392,15,14,190,-2.195969
5825,-102,851,68,392,16,13,189,-1.793404
5825,-102,851,68,392,17,11,189,-0.188034
5825,-102,847,68,392,16,13,189,-1.182343
5825,-102,853,68,392,18,13,189,0.300995
5825,-102,851,68,392,17,11,190,-0.441368
5825,-102,848,68,392,16,12,189,-1.126648
5825,-102,849,68,392,17,13,188,-0.329903
5825,-102,848,68,392,17,12,189,-0.162628
5825,-102,844,68,392,17,13,188,-0.615601
5825,-102,845,68,392,17,12,187,-0.938721
5825,-102,847,68,392,16,14,189,-1.137833
5825,-102,846,68,392,16,12,189,-1.738510
5825,-102,851,68,392,16,14,190,-1.358658
5825,-102,852,68,392,15,14,190,-2.305038
5825,-102,847,68,392,16,12,188,-1.655029
5825,-102,845,68,392,15,12,188,-3.410355
5825,-102,851,68,392,16,11,189,-1.220413
5825,-102,851,68,392,17,13,189,-0.144295
5825,-102,847,68,392,17,11,188,-0.411156
5825,-102,850,68,392,15,14,189,-3.414841
5825,-102,849,68,392,17,16,190,-0.831650
5825,-102,849,68,392,15,13,188,-2.246017
5825,-102,845,68,392,15,12,188,-2.343582
5825,-102,844,68,392,15,10,188,-2.252174
5825,-102,849,68,392,17,13,189,-1.417694
5825,-102,844,68,392,16,13,190,-1.636398
5825,-102,844,68,392,14,12,188,-3.223068
5825,-102,849,68,392,15,13,189,-2.490723
5825,-102,847,68,392,16,15,189,-1.115036
5825,-102,846,68,392,15,13,189,-3.056580
5825,-102,847,68,392,17,13,189,-0.433708
5825,-102,848,68,392,13,12,189,-4.328758
5825,-102,846,68,392,15,13,188,-2.428535
5825,-102,848,68,392,18,13,190,-0.094254
5825,-102,846,68,392,16,10,188,-1.454742
5825,-102,851,68,392,15,13,188,-2.549484
5825,-102,846,68,392,15,14,190,-2.886642
5825,-102,845,68,392,14,13,189,-3.323837
5825,-102,850,68,392,15,12,189,-2.807533
5825,-102,856,68,392,18,12,190,0.910004
5825,-102,852,68,392,16,12,189,-2.011719
5825,-102,851,68,392,16,13,189,-1.443436
5825,-102,846,68,392,17,13,189,-0.210785
5825,-102,847,68,392,15,11,189,-2.344154
5825,-102,848,68,392,16,16,189,-2.444580
5825,-102,850,68,392,16,13,190,-1.286224
5825,-102,851,68,392,15,14,189,-2.326492
5825,-102,849,68,392,15,14,190,-2.730698
5825,-102,847,68,392,16,12,189,-1.332809
5825,-102,847,68,392,16,12,187,-2.325500
5825,-102,846,68,392,17,12,189,-0.157120
5825,-102,846,68,392,18,14,189,0.560181
5845,-102,851,68,392,17,13,189,-0.529564
5845,-102,851,68,392,16,13,189,-1.560074
5845,-102,855,68,392,15,13,189,-2.720718
5845,-102,844,68,392,17,15,188,-0.150421
5845,-102,851,68,392,13,14,189,-5.002846
5845,-102,853,68,392,15,10,189,-2.220848
5845,-102,853,68,392,17,13,190,-0.613159
5845,-102,849,68,392,15,11,189,-3.121384
5845,-102,852,68,392,17,11,188,0.027039
5845,-102,846,68,392,16,14,190,-2.126602
5845,-102,845,68,392,16,12,189,-1.201309
5845,-102,851,68,392,16,12,189,-2.366203
5845,-102,850,68,392,17,12,189,-0.109268
5845,-102,852,68,392,16,11,188,-1.359619
5845,-102,845,68,392,15,10,189,-3.393692
5845,-102,846,68,392,16,12,189,-1.844467
5845,-102,850,68,392,18,13,189,0.816391
5845,-102,848,68,392,15,13,189,-2.489616
5845,-102,851,68,392,17,13,189,-0.581299
5845,-102,848,68,392,17,12,188,-0.485275
5845,-102,846,68,392,15,13,189,-2.597885
5845,-102,844,68,392,16,14,190,-1.388863
5845,-102,850,68,392,16,13,189,-1.249619
5845,-102,845,68,392,19,13,189,1.824699
5845,-102,854,68,392,15,14,188,-2.996010
5845,-102,850,68,392,17,12,189,-0.703354
5845,-102,852,68,392,15,10,188,-2.556381
5845,-102,851,68,392,14,13,189,-3.678108
5845,-102,846,68,392,16,12,188,-1.516373
5845,-102,851,68,392,15,12,189,-2.453293
5845,-102,844,68,392,15,14,189,-2.329956
5845,-102,846,68,392,15,14,188,-2.004730
5845,-102,852,68,392,17,11,188,-0.421127
5845,-102,851,68,392,16,12,188,-1.634018
5845,-102,850,68,392,18,14,190,0.617752
5845,-102,848,68,392,16,13,190,-1.642822
5845,-102,849,68,392,16,13,188,-1.411880
5845,-102,839,68,392,17,13,188,-1.036430
5845,-102,854,68,392,16,11,189,-1.646027
5845,-102,848,68,392,16,13,189,-2.087265
5845,-102,845,68,392,15,12,188,-2.420532
5845,-102,844,68,392,17,15,189,-1.077972
5845,-102,844,68,392,17,12,188,-0.537338
5845,-102,846,68,392,16,11,189,-0.935966
5845,-102,845,68,392,16,15,188,-1.176666
5845,-102,846,68,392,16,16,190,-1.339615
5845,-102,848,68,392,15,11,189,-2.989868
5845,-102,853,68,392,16,13,189,-1.722122
5845,-102,836,68,392,15,11,188,-2.595062
5845,-102,849,68,392,17,12,189,-0.235229
5845,-102,850,68,392,16,14,189,-1.595123
5845,-102,847,68,392,14,13,189,-3.452240
5845,-102,849,68,392,16,12,189,-1.026260
5845,-102,849,68,392,16,13,188,-1.315506
5845,-102,847,68,392,16,13,189,-1.143402
5845,-102,839,68,392,16,12,189,-2.460960
5845,-102,848,68,392,16,12,189,-1.163177
5845,-102,848,68,392,17,11,190,-0.520233
5845,-102,847,68,392,16,12,189,-1.158463
5845,-102,846,68,392,16,13,189,-1.803452
5845,-102,851,68,392,14,11,188,-3.985580
5845,-102,855,68,392,17,11,189,-0.537140
5845,-102,851,68,392,16,13,190,-1.373985
5845,-102,849,68,392,14,13,189,-3.381531
5845,-102,846,68,392,16,11,189,-1.264908
5845,-102,843,68,392,15,14,188,-2.372131
5845,-102,849,68,392,15,13,189,-2.634995
5845,-102,850,68,392,17,11,188,-0.569199
5845,-102,847,68,392,17,15,189,-0.493546
5845,-102,851,68,392,17,12,190,-0.615662
5845,-102,843,68,392,18,13,189,0.284706
5845,-102,849,68,392,15,13,189,-2.427544
5845,-102,851,68,392,16,14,189,-1.576157
5845,-102,842,68,392,15,13,189,-3.057953
5845,-102,845,68,392,17,13,188,-0.421844
5845,-102,849,68,392,15,11,189,-2.866608
5845,-102,848,68,392,15,13,189,-2.244720
5845,-102,846,68,392,17,11,189,-0.511047
5845,-102,849,68,392,17,12,189,-0.216827
5845,-102,850,68,392,15,14,190,-2.746445
5845,-102,838,68,392,16,14,189,-1.134979
5845,-102,853,68,392,16,12,189,-1.665710
5845,-102,849,68,392,14,12,189,-3.118683
5845,-102,850,68,392,16,11,188,-1.311386
5845,-102,845,68,392,17,14,189,-0.577408
5845,-102,853,68,392,16,14,190,-1.838097
5845,-102,847,68,392,15,14,189,-2.068634
5845,-102,845,68,392,15,13,188,-2.506180
5845,-102,849,68,392,16,11,189,-1.417480
5845,-102,850,68,392,18,12,189,0.918686
5845,-102,845,68,392,15,12,188,-2.162186
5845,-102,845,68,392,16,13,189,-1.700867
5845,-102,841,68,392,15,12,189,-2.397255
5845,-102,851,68,392,16,12,189,-2.011688
5845,-102,846,68,392,17,13,189,-0.464493
5845,-102,844,68,392,15,14,190,-1.986115
5845,-102,846,68,392,14,12,189,-3.335709
5845,-102,849,68,392,16,12,189,-1.172485
5845,-102,850,68,392,14,12,189,-2.984512
5845,-102,847,68,392,17,13,189,-0.690262
5845,-102,843,68,392,17,14,188,-0.181725
5845,-102,847,68,392,16,13,188,-1.449158
5845,-102,853,68,392,16,13,189,-2.450821
5845,-102,852,68,392,16,12,189,-1.542831
5845,-102,847,68,392,15,13,190,-2.267593
5845,-102,847,68,392,16,15,189,-1.447311
5845,-102,847,68,392,14,14,189,-3.287277
5845,-102,841,68,392,16,14,188,-1.066391
5845,-102,845,68,392,14,13,189,-3.835571
5845,-102,843,68,392,16,14,189,-1.236923
5845,-102,846,68,392,16,11,189,-1.407623
5845,-102,849,68,392,16,15,189,-1.613853
5845,-102,844,68,392,16,13,189,-2.095825
5845,-102,844,68,392,15,14,190,-2.568375
5845,-102,848,68,392,17,13,189,-0.590485
5845,-102,849,68,392,16,14,189,-1.435837
5845,-102,848,68,392,15,12,189,-2.196152
5845,-102,853,68,392,15,12,189,-2.468369
5845,-102,844,68,392,14,12,189,-3.784882
5845,-102,850,68,392,16,11,189,-1.211121
5845,-102,847,68,392,16,13,189,-1.211334
5845,-102,849,68,392,16,13,189,-2.410019
5845,-102,848,68,392,17,12,189,-0.539581
5845,-102,850,68,392,16,13,189,-1.167610
5845,-102,842,68,392,14,12,189,-3.382126
5845,-102,850,68,392,15,13,189,-2.320786
5845,-102,847,68,392,15,13,189,-2.023499
5845,-102,846,68,392,17,11,188,-0.354034
5845,-102,851,68,392,18,11,189,0.676392
5845,-102,853,68,392,16,12,189,-1.775803
5845,-102,846,68,392,15,11,188,-2.802124
5845,-102,851,68,392,15,13,189,-3.399200
5845,-102,842,68,392,15,13,189,-2.841263
5845,-102,853,68,392,16,11,190,-1.450844
5845,-102,847,68,392,16,13,188,-1.325668
5845,-102,845,68,392,16,14,189,-1.431503
5845,-102,849,68,392,15,12,189,-2.372650
5845,-102,854,68,392,16,13,190,-1.449402
5845,-102,852,68,392,15,10,188,-2.429642
5845,-102,847,68,392,14,13,189,-3.697510
5845,-102,846,68,392,15,11,187,-2.207245
5845,-102,849,68,392,15,15,189,-3.091766
5845,-102,850,68,392,17,13,188,-0.158249
5845,-102,852,68,392,17,16,189,-0.263397
5845,-102,844,68,392,17,12,188,-0.799973
5845,-102,849,68,392,18,11,188,0.632233
5845,-102,853,68,392,16,13,190,-1.472374
5845,-102,848,68,392,16,14,189,-2.035126
5845,-102,845,68,392,16,13,189,-1.595612
5845,-102,844,68,392,16,13,188,-1.207199
5845,-102,849,68,392,17,12,188,-1.037903
5845,-102,849,68,392,16,13,189,-1.776939
5845,-102,851,68,392,17,12,189,-0.280624
5845,-102,847,68,392,16,13,189,-1.182449
5845,-102,845,68,392,17,11,188,-0.173965
5845,-102,851,68,392,14,11,188,-3.251244
5845,-102,851,68,392,16,13,189,-1.384186
5845,-102,850,68,392,14,12,189,-3.445122
5845,-102,851,68,392,17,12,189,-1.428864
5845,-102,848,68,392,15,12,189,-2.406746
5845,-102,849,68,392,14,13,189,-4.099304
5845,-102,846,68,392,15,12,189,-3.420219
5845,-102,851,68,392,15,14,190,-2.331902
5845,-102,846,68,392,15,11,188,-2.373688
5845,-102,848,68,392,16,12,189,-2.432129
5845,-102,848,68,392,17,12,188,-1.008179
5845,-102,849,68,392,16,13,189,-1.242401
5845,-102,848,68,392,16,12,189,-1.349319
5845,-102,846,68,392,18,11,189,0.680916
5845,-102,844,68,392,16,12,188,-1.706482
5845,-102,845,68,392,14,16,189,-3.665367
5845,-102,847,68,392,14,11,188,-3.181137
5845,-102,853,68,392,15,14,189,-2.333984
5845,-102,853,68,392,17,10,189,-0.366135
5845,-102,845,68,392,15,14,189,-2.470833
5845,-102,846,68,392,17,13,188,-0.733444
5845,-102,846,68,392,15,12,189,-2.483398
5845,-102,845,68,392,16,11,188,-1.333939
5845,-102,851,68,392,16,15,189,-1.118279
5845,-102,843,68,392,15,12,188,-2.640373
5845,-102,845,68,392,17,13,189,-0.313126
5845,-102,850,68,392,16,14,189,-1.736893
5845,-102,845,68,392,15,13,189,-2.427338
5845,-102,852,68,392,16,14,190,-1.191605
5845,-102,847,68,392,14,14,189,-4.009743
5845,-102,844,68,392,17,13,189,-0.472595
5845,-102,853,68,392,16,15,190,-1.608353
5845,-102,842,68,392,15,14,189,-2.829651
5845,-102,845,68,392,15,14,188,-2.493225
5845,-102,847,68,392,17,12,189,0.004784
5845,-102,860,62,399,16,10,189,-1.635574
5845,-102,862,62,399,15,12,190,-2.327713
5845,-102,859,62,399,13,14,191,-4.702042
5845,-102,861,62,399,15,12,191,-2.579895
5845,-102,856,62,399,16,11,190,-1.688156
5845,-102,862,62,399,16,11,190,-1.353249
5845,-102,859,62,399,16,13,191,-1.578491
5845,-102,859,62,399,16,14,191,-1.594826
5845,-102,862,62,399,15,12,190,-2.269440
5845,-102,859,62,399,17,14,191,-0.739235
5845,-102,860,62,399,15,12,190,-1.978134
5845,-102,863,62,399,16,13,191,-1.389824
5845,-102,862,62,399,16,13,191,-1.711411
5845,-102,855,62,399,16,14,190,-1.193451
5845,-102,863,62,399,17,11,191,-0.163986
5845,-102,858,62,399,16,12,190,-1.708946
5845,-102,862,62,399,15,12,190,-2.467880
5845,-102,864,62,399,16,10,190,-1.681541
5845,-102,862,62,399,16,13,191,-1.593704
5845,-102,863,62,399,15,15,192,-2.313309
5845,-102,863,62,399,17,13,191,-1.100098
5845,-102,859,62,399,15,12,191,-2.293533
5845,-102,862,62,399,17,11,191,-0.541794
5845,-102,858,62,399,14,14,191,-3.302803
5845,-102,860,62,399,13,12,191,-4.732681
5845,-102,858,62,399,16,14,192,-1.181015
5845,-102,856,62,399,16,14,191,-1.299622
5845,-102,861,62,399,16,12,190,-2.047852
5845,-102,862,62,399,15,12,191,-2.283630
5845,-102,859,62,399,15,12,191,-3.058441
5845,-102,861,62,399,16,14,191,-1.305511
5845,-102,859,62,399,17,14,192,-0.429008
5845,-102,863,62,399,15,12,191,-2.365082
5845,-102,858,62,399,15,13,190,-2.097336
5845,-102,858,62,399,14,13,191,-2.967606
5845,-102,862,62,399,18,12,190,0.842056
5845,-102,863,62,399,18,12,191,0.631836
5845,-102,861,62,399,16,13,191,-1.298828
5845,-102,860,62,399,16,12,191,-2.118408
5845,-102,860,62,399,15,11,190,-2.223862
5845,-102,866,62,399,17,13,191,-1.085747
5845,-102,861,62,399,15,10,190,-2.666031
5845,-102,862,62,399,17,13,191,-1.042496
5845,-102,859,62,399,16,12,191,-1.566742
5845,-102,859,62,399,17,15,191,-1.104126
5845,-102,863,62,399,15,10,190,-3.020958
5845,-102,859,62,398,16,13,191,-2.172462
5845,-102,863,62,398,14,14,190,-3.243546
5845,-102,860,62,398,16,10,190,-0.930183
5845,-102,858,62,398,16,13,190,-1.270721
5845,-102,857,62,398,17,12,189,-1.069443
5845,-102,858,62,398,15,13,190,-2.282867
5845,-102,860,62,398,16,13,190,-1.411850
5845,-102,860,62,398,15,13,191,-3.134109
5845,-102,859,62,398,15,14,192,-2.205215
5845,-102,857,62,398,16,15,190,-1.050362
5845,-102,858,62,398,16,14,191,-1.773895
5845,-102,857,62,398,15,13,190,-2.764206
5845,-102,862,62,398,16,15,191,-1.272614
5845,-102,862,62,398,14,12,190,-3.418106
5845,-102,862,62,398,16,15,191,-1.215172
5845,-102,856,62,398,17,16,191,-0.525536
5845,-102,861,62,398,17,11,190,-0.752930
5845,-102,860,62,398,17,12,190,-1.011009
5845,-102,860,62,398,14,15,191,-3.121727
5845,-102,859,62,398,17,12,190,-0.280594
5845,-102,861,62,398,16,11,190,-2.081039
5845,-102,863,62,398,15,13,191,-2.481506
5845,-102,859,62,398,17,12,191,-0.532501
5845,-102,858,62,398,14,10,190,-3.320663
5845,-102,858,62,398,16,12,190,-1.163528
5845,-102,860,62,398,17,11,190,-1.083725
5845,-102,861,62,398,14,11,191,-4.126518
5845,-102,859,62,398,15,12,190,-2.175385
5845,-102,861,62,398,16,12,189,-0.857033
5845,-102,862,62,399,15,13,191,-2.234116
5845,-102,858,62,399,17,12,190,-0.710724
5845,-102,864,62,399,17,12,191,-1.047951
5845,-102,860,62,399,17,13,191,-0.258835
5845,-102,862,62,399,16,12,191,-1.101036
5845,-102,861,62,399,17,12,191,-0.717087
5845,-102,861,62,399,15,14,191,-2.110191
5845,-102,863,62,399,17,12,191,-0.237213
5845,-102,863,62,399,16,11,191,-1.382187
5845,-102,863,62,399,17,13,191,-1.053726
5845,-102,864,62,399,16,14,192,-1.764435
5845,-102,861,62,399,16,11,190,-1.474892
5845,-102,863,62,399,17,14,192,-0.332184
5845,-102,861,62,399,17,13,191,-0.005272
5845,-102,860,62,399,15,16,192,-2.206970
5845,-102,859,62,399,16,14,191,-1.702240
5845,-102,859,62,399,16,13,191,-1.565025
5845,-102,862,62,399,15,11,191,-2.562012
5845,-102,863,62,399,15,12,191,-3.059128
5845,-102,860,62,399,13,13,191,-4.121216
5845,-102,858,62,399,15,15,192,-2.293427
5845,-102,862,62,399,16,14,191,-2.096558
5845,-102,864,62,399,15,13,191,-1.940605
5845,-102,861,62,399,15,12,191,-2.428101
5845,-102,865,62,399,16,14,191,-1.389503
5845,-102,860,62,399,17,11,190,-0.733978
5845,-102,862,62,399,16,12,191,-1.577454
5845,-102,863,62,399,16,13,191,-1.760483
5845,-102,860,62,399,15,13,190,-2.089310
5845,-102,860,62,399,17,10,190,-0.338463
5845,-102,861,62,399,17,11,190,-0.333549
5845,-102,860,62,399,17,11,190,-0.528702
5845,-102,858,62,399,15,12,191,-2.267632
5845,-102,861,62,399,16,13,191,-1.365219
5845,-102,857,62,399,16,14,191,-2.069099
5845,-102,860,62,399,17,11,190,-0.508514
5845,-102,862,62,399,15,14,191,-2.569260
5845,-102,860,62,399,16,12,191,-1.571342
5845,-102,858,62,399,16,13,190,-1.338310
5845,-102,858,62,399,16,12,190,-1.717438
5845,-102,859,62,399,16,13,190,-1.041092
5845,-102,864,62,399,15,13,192,-2.419113
5845,-102,859,62,399,16,12,191,-1.233749
5845,-102,857,62,399,16,14,191,-1.263077
5845,-102,859,62,399,16,14,191,-1.102783
5845,-102,864,62,399,16,12,191,-1.385162
5845,-102,862,62,399,18,16,192,0.743736
5845,-102,861,62,399,16,15,192,-1.586876
5845,-102,860,62,399,16,13,191,-1.129807
5845,-102,857,62,399,16,11,191,-1.776390
5845,-102,862,62,399,16,13,191,-1.536697
5845,-102,857,62,399,16,14,190,-1.370590
5845,-102,859,62,399,14,11,191,-3.371201
5845,-102,864,62,399,18,14,191,0.735382
5845,-102,860,62,399,17,10,191,-0.284256
5845,-102,860,62,399,16,13,191,-0.986671
5845,-102,856,62,399,15,13,190,-2.514297
5845,-102,858,62,399,15,13,191,-2.578979
5845,-102,862,62,399,17,14,191,-0.289795
5845,-102,860,62,399,17,14,191,0.040787
5845,-102,859,62,399,17,13,190,-1.029884
5845,-102,864,62,399,16,13,191,-1.224121
5845,-102,859,62,399,15,14,191,-3.093208
5845,-102,857,62,399,16,12,190,-1.345650
5845,-102,861,62,399,17,13,191,-0.550339
5845,-102,857,62,399,16,12,191,-1.716675
5845,-102,859,62,399,16,11,191,-1.264442
5845,-102,859,62,399,15,12,191,-2.604401
5845,-102,859,62,399,17,12,190,-1.035515
5845,-102,861,62,399,15,12,191,-2.707214
5845,-102,859,62,399,16,14,191,-1.189621
5845,-102,857,62,399,17,14,191,-0.204971
5845,-102,862,62,399,15,14,192,-2.442490
5845,-102,862,62,399,15,11,191,-2.666397
5845,-102,857,62,399,16,12,191,-1.395454
5845,-102,858,62,399,15,12,190,-2.036575
5845,-102,860,62,399,17,12,191,-0.236069
5845,-102,862,62,399,14,12,192,-3.271988
5845,-102,858,62,399,15,14,191,-2.559158
5845,-102,859,62,399,16,11,190,-2.051208
5845,-102,862,62,399,15,13,191,-2.704575
5845,-102,862,62,399,17,14,191,-0.227921
5845,-102,861,62,399,15,14,191,-2.405052
5845,-102,864,62,399,15,12,191,-2.603027
5845,-102,863,62,399,16,14,191,-2.076958
5845,-102,861,62,399,16,13,191,-1.557816
5845,-102,862,62,399,14,13,191,-4.073044
5845,-102,859,62,399,16,13,191,-1.390045
5845,-102,863,62,399,16,11,191,-1.522194
5845,-102,862,62,399,15,13,191,-2.129150
5845,-102,863,62,399,15,13,191,-2.438286
5845,-102,861,62,399,16,14,191,-1.751556
5845,-102,863,62,399,15,12,191,-2.272247
5845,-102,858,62,399,17,12,190,-0.177261
5845,-102,858,62,399,16,14,191,-1.310547
5845,-102,859,62,399,15,10,190,-2.383255
5845,-102,860,62,399,17,13,191,-0.200584
5845,-102,862,62,399,16,12,191,-1.280350
5845,-102,864,62,399,16,14,192,-1.098755
5845,-102,860,62,399,15,10,190,-3.094315
5845,-102,862,62,399,15,13,191,-2.561501
5845,-102,860,62,399,15,13,191,-2.208611
5845,-102,861,62,399,16,12,191,-1.528671
5845,-102,859,62,399,16,14,191,-1.453323
5845,-102,859,62,399,15,9,190,-1.999825
5845,-102,858,62,399,16,12,191,-1.246323
5845,-102,861,62,399,17,12,192,-0.581841
5845,-102,859,62,399,17,13,191,-0.522705
5845,-102,862,62,399,16,12,191,-1.276016
5845,-102,863,62,399,17,11,191,-0.524338
5845,-102,859,62,399,15,13,191,-2.063766
5845,-102,862,62,399,18,14,190,-0.043030
5845,-102,857,62,399,15,16,191,-2.031204
5845,-102,859,62,399,17,12,191,-0.550262
5845,-102,864,62,399,15,12,191,-2.203537
5845,-102,860,62,399,17,10,191,-0.311829
5845,-102,858,62,399,16,13,191,-1.104462
5845,-102,861,62,399,16,14,191,-1.530807
5845,-102,863,62,399,16,13,191,-1.272629
5845,-102,858,62,399,15,13,191,-2.245346
5845,-102,853,62,399,15,12,189,-2.691399
5845,-102,859,62,399,16,12,191,-1.725784
5845,-102,858,62,399,15,11,190,-2.678360
5845,-102,859,62,399,15,12,191,-3.096252
5845,-102,861,62,399,17,13,191,-0.615067
5845,-102,856,62,399,15,14,191,-2.061386
5845,-102,862,62,399,16,12,191,-1.560135
5845,-102,860,62,399,15,11,190,-2.360901
5845,-102,862,62,399,14,14,191,-4.091370
5845,-102,859,62,399,16,12,191,-1.748161
5845,-102,863,62,399,16,12,191,-1.404175
5845,-102,859,62,399,15,12,190,-3.017654
5845,-102,861,62,399,15,12,191,-2.249969
5845,-102,863,62,399,16,14,192,-1.483109
5845,-102,861,62,399,15,12,191,-2.548882
5845,-102,863,62,399,15,13,191,-2.741829
5845,-102,862,62,399,14,11,191,-3.720413
5845,-102,859,62,399,15,13,191,-2.290062
5845,-102,858,62,399,16,12,190,-1.519119
5845,-102,859,62,399,16,14,191,-1.100235
5845,-102,862,62,399,16,13,191,-1.359703
5845,-102,858,62,399,17,13,191,-0.123718
5845,-102,861,62,399,16,13,191,-1.296753
5845,-102,860,62,399,14,12,191,-3.611679
5845,-102,861,62,399,15,12,191,-2.379852
5845,-102,861,62,399,15,11,192,-2.456299
5845,-102,863,62,399,17,13,191,-0.747910
5845,-102,858,62,399,16,14,191,-1.099182
5845,-102,857,62,399,15,14,191,-2.079475
5845,-102,859,62,399,15,10,190,-3.067337
5845,-102,859,62,399,15,13,190,-2.353722
5845,-102,863,62,399,15,12,190,-2.296944
5845,-102,863,62,399,16,14,192,-2.137115
5845,-102,861,62,399,15,13,191,-2.567421
5845,-102,862,62,399,17,13,191,0.018188
5845,-102,860,62,399,15,11,191,-2.749756
5845,-102,859,62,399,15,14,191,-3.093895
5845,-102,861,62,399,15,12,190,-2.505432
5845,-102,858,62,399,16,15,191,-2.104202
5845,-102,860,62,399,16,15,191,-1.370903
5845,-102,862,62,399,15,13,191,-2.124222
5845,-102,863,62,399,16,14,192,-1.343719
5845,-102,862,62,399,16,12,191,-1.437973
5845,-102,860,62,399,15,13,191,-3.102280
5845,-102,861,62,399,16,13,191,-1.465034
5845,-102,860,62,399,15,13,191,-2.517067
5845,-102,862,62,399,17,10,190,-0.665314
5845,-102,861,62,399,16,13,190,-1.207520
5845,-102,861,62,399,13,13,191,-4.403488
5845,-102,862,62,399,15,14,191,-2.265930
5845,-102,864,62,399,14,14,192,-3.393250
5845,-102,863,62,399,16,14,191,-1.255615
5845,-102,860,62,399,15,11,191,-2.544762
5845,-102,858,62,399,16,13,191,-1.539642
5845,-102,862,62,399,19,12,191,1.300827
5845,-102,858,62,399,16,11,190,-1.529221
5845,-102,859,62,399,15,12,190,-2.219116
5845,-102,860,62,399,19,14,191,0.873672
5845,-102,863,62,399,16,12,191,-2.091690
5845,-102,862,62,399,16,13,191,-1.296799
5845,-102,859,62,399,15,10,190,-2.375702
5845,-102,858,62,399,17,14,191,-1.049896
5845,-102,861,62,399,16,13,191,-1.455490
5845,-102,858,62,399,17,12,190,-0.358376
5845,-102,861,62,399,16,14,191,-1.734543
5845,-102,860,62,399,15,14,191,-2.386780
5845,-102,859,62,399,15,15,191,-2.423492
5845,-102,863,62,399,16,12,191,-1.725235
5845,-102,862,62,399,15,13,191,-2.582855
5845,-102,862,62,399,17,14,191,-1.064499
5845,-102,858,62,399,15,13,191,-2.310806
5845,-102,863,62,399,16,14,191,-2.094406
5845,-102,859,62,399,16,14,192,-1.347397
5845,-102,858,62,399,15,12,191,-2.046097
5845,-102,864,62,399,14,12,191,-3.739998
5845,-102,864,62,399,16,13,191,-1.098114
5845,-102,860,62,399,16,14,191,-1.358917
5845,-102,863,62,399,17,14,191,-0.347870
5845,-102,862,62,399,15,13,191,-3.117126
5845,-102,859,62,399,16,12,191,-1.316177
5845,-102,859,62,399,16,12,191,-1.278107
5845,-102,863,62,399,15,12,191,-1.985138
5845,-102,863,62,399,14,12,191,-4.076996
5845,-102,861,62,399,15,13,190,-2.058624
5845,-102,859,62,399,15,12,190,-2.210861
5845,-102,860,62,399,15,12,191,-2.220436
5845,-102,863,62,399,15,12,190,-2.325363
5845,-102,858,62,399,15,12,190,-2.032631
5845,-102,859,62,399,17,12,190,-0.666351
5845,-102,859,62,399,17,12,190,-0.059120
5845,-102,862,62,399,17,11,191,-0.724991
5845,-102,860,62,399,17,14,192,-0.182777
5845,-102,862,62,399,17,14,191,-1.072205
5845,-102,860,62,399,16,12,191,-2.089767
5845,-102,861,62,399,16,13,192,-2.161957
5845,-102,857,62,399,16,13,191,-1.257721
5845,-102,862,62,399,17,12,190,-0.711853
5845,-102,863,62,399,16,15,191,-2.062523
5845,-102,860,62,399,16,12,191,-1.230927
5845,-102,863,62,399,16,13,191,-1.178856
5845,-102,863,62,399,15,12,191,-2.377411
5845,-102,864,62,399,14,12,192,-3.328163
5845,-102,862,62,399,17,13,191,-0.708481
5845,-102,862,62,399,16,12,190,-2.065109
5845,-102,864,62,399,14,14,191,-3.399475
5845,-102,864,62,399,15,13,191,-2.735046
5845,-102,863,62,399,15,13,191,-2.380035
5845,-102,861,62,399,16,12,190,-1.223442
5845,-102,864,62,399,16,14,192,-1.424225
5845,-102,863,62,399,15,12,191,-2.431076
5845,-102,864,62,399,16,15,192,-1.733246
5845,-102,859,62,399,15,16,191,-2.199509
5845,-102,861,62,399,17,13,191,-0.552277
5845,-102,859,62,399,15,13,190,-2.325867
5845,-102,862,62,399,15,13,191,-2.205231
5845,-102,863,62,399,16,11,191,-1.376740
5845,-102,858,62,399,16,11,190,-1.690704
5845,-102,862,62,399,16,13,190,-1.317078
5845,-102,861,62,399,15,13,191,-2.744507
5845,-102,863,62,399,15,9,191,-2.261673
5845,-102,860,62,399,17,13,191,-0.292442
5845,-102,858,62,399,14,12,190,-3.700256
5845,-102,863,62,399,16,11,191,-1.120201
5845,-102,864,62,399,17,14,190,-0.061317
5845,-102,863,62,399,16,12,192,-1.057610
5845,-102,863,62,399,18,12,190,0.783447
5845,-102,865,62,399,17,13,191,-0.555679
5845,-102,863,62,399,16,11,190,-1.691696
5845,-102,863,62,399,17,13,191,-0.249039
5845,-102,862,62,399,16,14,190,-2.033142
5845,-102,861,62,399,15,12,191,-2.406975
5845,-102,863,62,399,14,13,191,-4.074936
5845,-102,864,62,399,17,14,191,-0.412750
5845,-102,864,62,399,15,13,191,-2.275223
5845,-102,862,62,399,15,13,191,-2.272720
5845,-102,862,62,399,15,12,191,-2.254257
5845,-102,861,62,399,16,14,191,-1.740150
5845,-102,861,62,399,17,13,191,-0.291702
5845,-102,862,62,399,15,11,192,-2.779427
5845,-102,864,62,399,16,14,192,-1.087509
5845,-102,862,62,399,16,13,191,-1.178764
5845,-102,862,62,399,14,13,191,-4.106598
5845,-102,862,62,399,15,13,192,-2.034233
5845,-102,857,62,399,15,16,191,-2.200119
5845,-102,857,62,399,15,12,191,-3.123611
5845,-102,861,62,399,15,12,191,-2.566315
5845,-102,861,62,399,14,15,191,-3.552094
5845,-102,861,62,399,16,11,190,-1.368706
5845,-102,863,62,399,16,14,191,-1.769180
5845,-102,865,62,399,16,13,192,-1.302818
5845,-102,861,62,399,15,12,191,-2.435539
5845,-102,860,62,399,15,11,191,-2.759682
5845,-102,865,62,399,16,14,191,-1.586472
5845,-102,857,62,399,13,13,191,-4.690140
5845,-102,860,62,399,16,14,191,-1.249168
5845,-102,862,62,399,16,13,192,-1.423569
5845,-102,860,62,399,16,11,191,-1.222427
5845,-102,857,62,399,16,11,190,-1.516693
5845,-102,863,62,399,15,12,192,-2.590858
5845,-102,863,62,399,16,11,190,-2.025154
5845,-102,861,62,399,15,14,190,-2.223663
5845,-102,860,62,399,16,14,191,-1.581284
5845,-102,862,62,399,16,12,190,-1.156891
5845,-102,864,62,399,17,12,191,-0.321274
5845,-102,856,62,399,16,13,191,-1.260574
5845,-102,861,62,399,16,13,191,-0.998322
5845,-102,863,62,399,16,12,191,-1.421829
5845,-102,861,62,399,17,13,191,-0.359848
5845,-102,861,62,399,18,13,191,0.246155
5845,-102,862,62,399,16,13,191,-0.919998
5845,-102,860,62,399,17,13,191,-0.305756
5845,-102,863,62,399,15,13,191,-2.419159
5845,-102,861,62,399,17,15,191,-0.705627
5845,-102,863,62,399,15,12,190,-2.327805
5845,-102,864,62,399,15,10,190,-2.685715
5845,-102,864,62,399,16,12,191,-1.245865
5845,-102,860,62,399,17,12,191,-0.296791
5845,-102,859,62,399,15,13,191,-2.730194
5845,-102,858,62,399,15,14,191,-2.087173
5845,-102,861,62,399,16,13,191,-1.406906
5845,-102,861,62,399,15,13,191,-2.367981
5845,-102,864,62,399,14,12,191,-3.387802
5845,-102,862,62,399,17,14,191,-0.353004
5845,-102,860,62,399,18,11,190,0.769669
5845,-102,862,62,399,15,12,191,-2.411926
5845,-102,859,62,399,16,11,190,-1.190201
5845,-102,861,62,399,17,9,191,-0.017426
5845,-102,863,62,399,15,14,191,-2.389740
5845,-102,860,62,399,16,13,191,-1.259087
5845,-102,864,62,399,16,13,191,-2.118515
5845,-102,864,62,399,16,13,191,-2.089073
5845,-102,864,62,399,15,12,191,-3.087830
5845,-102,866,62,399,16,13,191,-1.228882
5845,-102,865,62,399,15,13,191,-3.057770
5845,-102,862,62,399,15,11,190,-2.240814
5845,-102,863,62,399,17,12,191,-0.078224
5845,-102,857,62,399,17,13,191,-0.387077
5845,-102,860,62,399,16,12,190,-0.923836
5845,-102,861,62,399,16,10,190,-1.223190
5845,-102,862,62,399,15,12,190,-2.673798
5845,-102,864,62,399,15,11,191,-3.115372
5845,-102,863,62,399,15,12,191,-2.393486
5845,-102,861,62,399,14,13,190,-3.661842
5845,-102,862,62,399,14,11,191,-3.245590
5845,-102,863,62,399,15,13,191,-3.091476
5845,-102,863,62,399,17,13,191,-0.579330
5845,-102,861,62,399,16,16,192,-1.207886
5845,-102,860,62,399,17,13,191,-0.391510
5845,-102,858,62,399,14,13,191,-4.108559
5845,-102,862,62,399,15,13,191,-3.064667
5845,-102,860,62,399,17,13,191,-1.086975
5845,-102,859,62,399,15,10,190,-2.292236
5845,-102,864,62,399,15,13,192,-2.155968
5845,-102,861,62,399,15,14,191,-2.707962
5845,-102,859,62,399,15,12,190,-3.037674
5845,-102,862,62,399,16,11,190,-1.050804
5845,-102,862,62,399,14,12,191,-3.554779
5845,-102,862,62,399,17,14,191,-0.167168
5845,-102,860,62,399,15,15,192,-2.285973
5845,-102,862,62,399,16,14,192,-1.308807
5845,-102,864,62,399,15,13,191,-2.404724
5845,-102,863,62,399,17,15,192,-0.589531
5845,-102,858,62,399,17,12,190,-0.134384
5845,-102,860,62,399,17,13,191,-1.072754
5845,-102,860,62,399,17,14,191,-0.282410
5845,-102,857,62,399,15,12,191,-3.139847
5845,-102,862,62,399,16,10,190,-1.639313
5845,-102,858,62,399,16,12,191,-1.288254
5845,-102,854,62,399,15,14,191,-2.413940
5845,-102,861,62,399,16,14,191,-2.069031
5845,-102,862,62,399,16,14,191,-1.563568
5845,-102,862,62,399,16,12,191,-1.271942
5845,-102,862,62,399,17,13,191,-1.070297
5845,-102,858,62,399,15,13,191,-2.565071
5845,-102,861,62,399,16,13,190,-1.688011
5845,-102,859,62,399,15,15,191,-3.124390
5845,-102,862,62,399,16,13,191,-1.419250
5845,-102,856,62,399,17,13,190,-0.404137
5845,-102,859,62,399,17,11,190,-0.500076
5845,-102,864,62,399,15,12,191,-2.587845
5845,-102,860,62,399,17,15,192,-0.343338
5845,-102,862,62,399,16,14,191,-1.760429
5845,-102,859,62,399,17,14,190,-0.063507
5845,-102,860,62,399,16,11,190,-1.361412
5845,-102,861,62,399,15,9,191,-2.248123
5845,-102,861,62,399,16,12,191,-2.088379
5845,-102,858,62,399,17,9,190,-0.111542
5845,-102,860,62,399,15,13,191,-2.759201
5845,-102,861,62,399,15,11,191,-2.415054
5845,-102,856,62,399,15,11,191,-2.783691
5845,-102,862,62,399,16,11,191,-2.057373
5845,-102,859,62,399,17,13,191,-0.299652
5845,-102,862,62,399,17,11,190,-0.052536
5845,-102,859,62,399,17,12,191,-0.382904
5845,-102,862,62,399,16,13,191,-2.058029
5845,-102,862,62,399,14,12,191,-3.523445
5845,-102,863,62,399,17,15,191,-1.066376
5845,-102,861,62,399,16,14,191,-1.240112
5845,-102,862,62,399,17,11,191,-0.261581
5845,-102,860,62,399,16,10,190,-1.370316
5845,-102,858,62,399,18,13,191,0.375275
5845,-102,861,62,399,15,12,191,-1.977341
5845,-102,861,62,399,16,13,190,-1.176682
5845,-102,861,62,399,15,13,190,-2.352905
5845,-102,860,62,399,14,10,190,-3.320831
5845,-102,863,62,399,15,13,191,-2.348007
5845,-102,861,62,399,17,12,191,-0.384491
5845,-102,861,62,399,15,11,191,-2.220520
5845,-102,862,62,399,16,12,191,-1.218719
5845,-102,861,62,399,17,14,191,-0.568520
5845,-102,859,62,399,17,13,191,-0.380966
5845,-102,863,62,399,16,12,191,-1.545166
5845,-102,865,62,399,16,13,192,-1.288361
5845,-102,861,62,399,18,13,191,0.766220
5845,-102,863,62,399,17,11,191,-0.391220
5845,-102,863,62,399,15,12,191,-2.209114
5845,-102,861,62,399,16,14,192,-1.759529
5845,-102,863,62,399,16,12,190,-2.018112
5845,-102,864,62,399,15,16,192,-2.271957
5845,-102,860,62,399,14,13,190,-3.344757
5845,-102,862,62,399,15,14,191,-2.404251
5845,-102,863,62,399,17,12,191,-0.413841
5845,-102,861,62,399,14,15,192,-4.121490
5845,-102,860,62,399,16,16,191,-1.709862
5845,-102,863,62,399,16,14,192,-1.322983
5845,-102,863,62,399,17,12,191,-0.187172
5845,-102,859,62,399,16,11,191,-1.299179
5845,-102,858,62,399,14,13,190,-3.366920
5845,-102,863,62,399,16,12,191,-1.349365
5845,-102,863,62,399,15,13,191,-2.545830
5845,-102,863,62,399,15,12,191,-1.889618
5845,-102,863,62,399,15,11,191,-2.381592
5845,-102,863,62,399,15,13,191,-2.291168
5845,-102,863,62,399,17,14,191,0.060814
5845,-102,862,62,399,16,13,191,-1.278442
5845,-102,864,62,399,16,11,191,-1.423508
5845,-102,861,62,399,15,14,192,-2.424713
5845,-102,861,62,399,14,11,192,-3.293106
5845,-102,864,62,399,17,11,191,-1.066147
5845,-102,860,62,399,15,12,191,-2.104065
5845,-102,860,62,399,16,11,191,-1.207870
5845,-102,865,62,399,16,13,191,-1.190201
5845,-102,864,62,399,14,14,190,-3.187561
5845,-102,863,62,399,16,16,191,-1.700775
